316762.15625,310387.875,304483.96875,297286.625,288844.0,307054.6875,210771.0625,305060.03125,-0.033447265625,0.98681640625,-0.1748046875,-0.7934569716453552,0.7019042372703552,0.5798339247703552,86.66667175292969,92501.0,1.0
316758.75,310365.15625,304481.03125,297281.78125,288838.5625,307051.28125,210768.28125,305047.78125,-0.03369140625,0.98681640625,-0.177734375,-0.7629393935203552,0.6713866591453552,0.6713866591453552,86.66667175292969,92502.0,1.0
316753.65625,310342.625,304475.75,297276.96875,288831.84375,307047.1875,210764.984375,305035.96875,-0.03466796875,0.986572265625,-0.17626953125,-0.8544921278953552,0.7019042372703552,0.6713866591453552,86.66667175292969,92503.0,1.0
316752.75,310357.5625,304474.3125,297279.1875,288830.25,307046.1875,210764.796875,305044.90625,-0.033935546875,0.9853515625,-0.17724609375,-0.9460448622703552,0.6103515028953552,0.7019042372703552,86.66667175292969,92504.0,1.0
316750.4375,310375.25,304470.46875,297280.53125,288826.9375,307044.125,210763.1875,305053.84375,-0.03515625,0.9853515625,-0.1767578125,-0.9460448622703552,0.5493163466453552,0.7629393935203552,86.66667175292969,92505.0,1.0
316748.90625,310360.5,304467.15625,297278.3125,288823.625,307043.4375,210762.125,305045.0,-0.033447265625,0.98583984375,-0.17333984375,-1.0375975370407104,0.6408690810203552,0.7629393935203552,86.66667175292969,92506.0,1.0
316750.6875,310339.15625,304466.0,297276.96875,288823.34375,307045.84375,210763.015625,305032.9375,-0.032958984375,0.986572265625,-0.17431640625,-1.1291502714157104,0.7019042372703552,0.7629393935203552,86.66667175292969,92507.0,1.0
316751.59375,310348.34375,304462.875,297278.125,288824.6875,307047.1875,210764.359375,305039.8125,-0.0322265625,0.98681640625,-0.176513671875,-1.2207030057907104,0.6713866591453552,0.7629393935203552,86.66667175292969,92508.0,1.0
316753.65625,310374.09375,304463.6875,297281.78125,288829.15625,307050.03125,210766.59375,305054.65625,-0.031005859375,0.98876953125,-0.177734375,-1.1596678495407104,0.6408690810203552,0.8239745497703552,86.66667175292969,92509.0,1.0
316757.5,310372.03125,304470.375,297284.21875,288836.0625,307055.3125,210770.4375,305051.875,-0.033447265625,0.986572265625,-0.17578125,-1.0986326932907104,0.5798339247703552,0.7324218153953552,86.66667175292969,92510.0,1.0
316760.34375,310351.21875,304477.53125,297285.625,288841.6875,307058.09375,210773.109375,305040.625,-0.033935546875,0.98486328125,-0.176025390625,-1.0986326932907104,0.6408690810203552,0.7934569716453552,86.66667175292969,92511.0,1.0
316768.03125,310359.625,304487.625,297293.15625,288849.1875,307060.0625,210774.375,305048.21875,-0.03369140625,0.9833984375,-0.174072265625,-1.1596678495407104,0.5798339247703552,0.7934569716453552,86.66667175292969,92512.0,1.0
316774.65625,310388.3125,304495.3125,297299.75,288855.28125,307059.6875,210774.640625,305064.3125,-0.031494140625,0.98583984375,-0.177490234375,-1.1291502714157104,0.6713866591453552,0.8239745497703552,86.66667175292969,92513.0,1.0
316775.71875,310388.40625,304498.09375,297302.09375,288858.40625,307059.34375,210776.6875,305068.0625,-0.0322265625,0.98779296875,-0.17822265625,-1.2512205839157104,0.7629393935203552,0.8239745497703552,86.66667175292969,92514.0,1.0
316773.40625,310362.3125,304497.84375,297301.375,288858.59375,307059.875,210778.5625,305057.59375,-0.033203125,0.988037109375,-0.177001953125,-1.2817381620407104,0.7019042372703552,0.8239745497703552,86.66667175292969,92515.0,1.0
316768.03125,310358.375,304494.96875,297300.21875,288857.15625,307059.53125,210779.109375,305059.21875,-0.034912109375,0.989013671875,-0.1787109375,-1.2207030057907104,0.7019042372703552,0.8544921278953552,86.66667175292969,92516.0,1.0
316764.125,310381.78125,304491.21875,297300.375,288856.625,307060.0625,210781.875,305076.125,-0.031982421875,0.986083984375,-0.177001953125,-1.3122557401657104,0.7324218153953552,0.8544921278953552,86.66667175292969,92517.0,1.0
316764.125,310384.21875,304487.375,297300.65625,288855.1875,307060.0625,210781.078125,305075.65625,-0.032470703125,0.986083984375,-0.178466796875,-1.2207030057907104,0.7629393935203552,0.9155272841453552,86.66667175292969,92518.0,1.0
316759.625,310354.78125,304477.96875,297294.21875,288848.84375,307056.03125,210778.921875,305057.78125,-0.032470703125,0.984130859375,-0.175537109375,-1.2207030057907104,0.8239745497703552,0.9155272841453552,86.66667175292969,92519.0,1.0
316757.40625,310345.125,304474.21875,297292.25,288847.21875,307055.84375,210780.171875,305052.0625,-0.033935546875,0.9853515625,-0.173828125,-1.2207030057907104,0.8850097060203552,0.8850097060203552,86.66667175292969,92520.0,1.0
316756.96875,310370.78125,304475.9375,297292.34375,288849.46875,307058.4375,210782.59375,305064.40625,-0.033935546875,0.982666015625,-0.174072265625,-1.1596678495407104,0.7934569716453552,0.8850097060203552,86.66667175292969,92521.0,1.0
316757.84375,310385.0,304477.1875,297290.09375,288849.71875,307060.5,210782.40625,305065.90625,-0.03271484375,0.9833984375,-0.1748046875,-1.0681151151657104,0.7629393935203552,0.8850097060203552,86.66667175292969,92522.0,1.0
316756.96875,310364.625,304477.53125,297284.5625,288847.3125,307059.96875,210779.90625,305048.84375,-0.03271484375,0.984130859375,-0.176513671875,-0.9765624403953552,0.7324218153953552,0.7934569716453552,86.66667175292969,92523.0,1.0
316759.375,310354.96875,304483.25,297285.90625,288849.90625,307062.8125,210780.453125,305040.4375,-0.031005859375,0.98291015625,-0.176513671875,-1.0375975370407104,0.8239745497703552,0.7934569716453552,86.66667175292969,92524.0,1.0
316761.15625,310376.6875,304486.90625,297289.46875,288853.3125,307064.71875,210780.8125,305050.90625,-0.031982421875,0.982421875,-0.177734375,-1.0375975370407104,0.8544921278953552,0.8239745497703552,86.66667175292969,92525.0,1.0
316757.75,310392.875,304485.9375,297288.0625,288852.3125,307064.0625,210778.84375,305057.4375,-0.03125,0.98046875,-0.17626953125,-0.9155272841453552,0.8544921278953552,0.8239745497703552,86.66667175292969,92526.0,1.0
316756.0625,310376.15625,304484.96875,297284.75,288849.71875,307063.625,210779.640625,305046.4375,-0.030517578125,0.9814453125,-0.17578125,-0.8239745497703552,0.7629393935203552,0.8239745497703552,86.66667175292969,92527.0,1.0
316751.78125,310352.46875,304478.78125,297281.15625,288845.78125,307061.40625,210778.75,305037.3125,-0.029541015625,0.98095703125,-0.1748046875,-0.8239745497703552,0.6408690810203552,0.7629393935203552,86.66667175292969,92528.0,1.0
316745.15625,310360.0625,304469.03125,297276.78125,288839.8125,307057.28125,210776.328125,305046.34375,-0.028564453125,0.98046875,-0.17578125,-0.6713866591453552,0.8239745497703552,0.8239745497703552,86.66667175292969,92529.0,1.0
316739.53125,310373.75,304460.1875,297274.71875,288833.5625,307052.28125,210774.28125,305056.96875,-0.031494140625,0.979736328125,-0.175537109375,-0.6713866591453552,0.7629393935203552,0.8544921278953552,86.66667175292969,92530.0,1.0
316738.8125,310354.0625,304454.09375,297269.8125,288825.15625,307046.8125,210771.0625,305044.28125,-0.033203125,0.97998046875,-0.17822265625,-0.5187987685203552,0.7019042372703552,0.8239745497703552,86.66667175292969,92531.0,1.0
316739.4375,310325.09375,304448.9375,297266.78125,288816.125,307040.21875,210765.875,305027.46875,-0.031005859375,0.982666015625,-0.17626953125,-0.5493163466453552,0.8544921278953552,0.7324218153953552,86.66667175292969,92532.0,1.0
316742.125,310331.71875,304448.03125,297270.0,288811.375,307036.90625,210762.5625,305032.125,-0.031005859375,0.98291015625,-0.176513671875,-0.4577636420726776,0.8544921278953552,0.7629393935203552,86.66667175292969,92533.0,1.0
316744.25,310357.84375,304448.84375,297274.09375,288809.0625,307035.125,210759.609375,305044.03125,-0.032958984375,0.984619140625,-0.17822265625,-0.4272460639476776,0.8544921278953552,0.7629393935203552,86.66667175292969,92534.0,1.0
316749.1875,310356.75,304453.65625,297276.34375,288812.28125,307037.78125,210760.78125,305039.90625,-0.032958984375,0.98486328125,-0.176513671875,-0.3967284858226776,0.9155272841453552,0.7324218153953552,86.66667175292969,92535.0,1.0
316753.03125,310336.03125,304460.46875,297278.3125,288817.09375,307040.90625,210761.9375,305026.75,-0.033447265625,0.983642578125,-0.176513671875,-0.5187987685203552,0.9765624403953552,0.7324218153953552,86.66667175292969,92536.0,1.0
316756.5,310346.03125,304468.6875,297284.5625,288827.125,307045.46875,210765.875,305035.96875,-0.031494140625,0.9833984375,-0.175537109375,-0.5187987685203552,0.9155272841453552,0.5798339247703552,86.66667175292969,92537.0,1.0
316756.78125,310377.5,304475.46875,297289.9375,288836.84375,307051.21875,210772.765625,305055.1875,-0.031494140625,0.9833984375,-0.175048828125,-0.3662109076976776,0.9155272841453552,0.6103515028953552,86.66667175292969,92538.0,1.0
316755.34375,310380.625,304479.3125,297289.21875,288844.09375,307055.84375,210777.3125,305056.4375,-0.0322265625,0.9853515625,-0.17333984375,-0.3051757514476776,0.8239745497703552,0.7019042372703552,86.66667175292969,92539.0,1.0
316760.53125,310359.1875,304485.59375,297291.71875,288852.78125,307062.8125,210784.375,305048.21875,-0.0302734375,0.984619140625,-0.174072265625,-0.3356933295726776,0.8544921278953552,0.6713866591453552,86.66667175292969,92540.0,1.0
316760.53125,310353.375,304485.40625,297292.6875,288855.53125,307064.0625,210787.15625,305051.09375,-0.029052734375,0.982666015625,-0.177978515625,-0.4272460639476776,0.8850097060203552,0.7019042372703552,86.66667175292969,92541.0,1.0
316760.25,310377.15625,304483.625,297294.84375,288856.625,307063.1875,210787.6875,305067.25,-0.029296875,0.9814453125,-0.178466796875,-0.3356933295726776,0.9460448622703552,0.5798339247703552,86.66667175292969,92542.0,1.0
316762.5,310384.65625,304484.5,297296.625,288857.96875,307063.90625,210788.21875,305070.9375,-0.030029296875,0.982177734375,-0.1806640625,-0.3356933295726776,0.9155272841453552,0.6408690810203552,86.66667175292969,92543.0,1.0
316765.8125,310360.34375,304484.78125,297293.6875,288856.53125,307062.90625,210787.15625,305056.09375,-0.029296875,0.982177734375,-0.181640625,-0.4272460639476776,0.9765624403953552,0.6713866591453552,86.66667175292969,92544.0,1.0
316771.53125,310357.375,304489.875,297295.46875,288859.65625,307066.125,210787.78125,305052.59375,-0.03173828125,0.981689453125,-0.1806640625,-0.3662109076976776,1.0375975370407104,0.7324218153953552,86.66667175292969,92545.0,1.0
316776.0,310386.53125,304496.21875,297301.71875,288864.9375,307069.0,210788.671875,305067.0,-0.030517578125,0.98095703125,-0.179931640625,-0.3662109076976776,1.0681151151657104,0.7324218153953552,86.66667175292969,92546.0,1.0
316775.46875,310400.5625,304498.53125,297301.0,288864.3125,307067.75,210784.375,305067.8125,-0.02880859375,0.981201171875,-0.177978515625,-0.3356933295726776,1.0681151151657104,0.8239745497703552,86.66667175292969,92547.0,1.0
316775.5625,310380.53125,304499.78125,297297.25,288860.90625,307065.25,210779.28125,305049.375,-0.029052734375,0.984619140625,-0.178955078125,-0.2441406100988388,1.0375975370407104,0.8544921278953552,86.66667175292969,92548.0,1.0
316776.90625,310367.84375,304502.65625,297295.84375,288859.03125,307063.375,210775.890625,305037.84375,-0.027587890625,0.985595703125,-0.177734375,-0.2136230319738388,1.0375975370407104,0.9155272841453552,86.66667175292969,92549.0,1.0
316775.71875,310387.6875,304503.46875,297297.78125,288858.84375,307063.0,210774.640625,305047.59375,-0.0283203125,0.98681640625,-0.1806640625,-0.2136230319738388,1.0986326932907104,0.9765624403953552,86.66667175292969,92550.0,1.0
316772.6875,310405.3125,304501.6875,297297.53125,288858.125,307064.625,210775.171875,305056.34375,-0.027587890625,0.985107421875,-0.1826171875,-0.2441406100988388,1.0986326932907104,0.9155272841453552,86.66667175292969,92551.0,1.0
316769.46875,310385.5625,304496.125,297292.34375,288854.65625,307066.3125,210777.5,305046.4375,-0.027587890625,0.986083984375,-0.180908203125,-0.2746581733226776,1.1901854276657104,0.8850097060203552,86.66667175292969,92552.0,1.0
316768.40625,310359.71875,304490.21875,297287.34375,288850.09375,307064.0625,210775.4375,305034.625,-0.029541015625,0.9873046875,-0.17626953125,-0.2136230319738388,1.2207030057907104,0.8544921278953552,86.66667175292969,92553.0,1.0
316771.4375,310370.96875,304489.25,297290.65625,288850.625,307061.84375,210775.4375,305044.71875,-0.0302734375,0.987060546875,-0.177734375,-0.3356933295726776,1.2207030057907104,0.6713866591453552,86.66667175292969,92554.0,1.0
316771.09375,310388.3125,304485.5,297292.34375,288848.84375,307058.71875,210773.921875,305055.1875,-0.03125,0.98779296875,-0.177001953125,-0.3967284858226776,1.1291502714157104,0.5798339247703552,86.66667175292969,92555.0,1.0
316772.5,310373.84375,304482.71875,297291.4375,288847.21875,307058.71875,210777.40625,305050.8125,-0.034912109375,0.989013671875,-0.1787109375,-0.4882812201976776,1.0681151151657104,0.3662109076976776,86.66667175292969,92556.0,1.0
316768.40625,310344.5,304477.34375,297288.6875,288842.5,307054.6875,210776.515625,305040.0,-0.03466796875,0.991455078125,-0.18017578125,-0.6713866591453552,1.0681151151657104,0.2136230319738388,86.66667175292969,92557.0,1.0
316763.46875,310349.53125,304472.875,297289.65625,288840.34375,307052.53125,210776.609375,305047.59375,-0.035400390625,0.993896484375,-0.1796875,-0.8239745497703552,1.0070799589157104,0.03051757626235485,86.66667175292969,92558.0,1.0
316756.6875,310370.71875,304467.25,297288.9375,288836.78125,307050.40625,210775.890625,305060.5625,-0.035400390625,0.99365234375,-0.176513671875,-0.9155272841453552,0.9155272841453552,-0.0610351525247097,86.66667175292969,92559.0,1.0
316749.90625,310363.65625,304463.0625,297283.65625,288831.75,307049.25,210775.0,305052.40625,-0.03515625,0.99365234375,-0.17578125,-1.1901854276657104,0.7629393935203552,-0.0915527269244194,86.66667175292969,92560.0,1.0
316745.34375,310337.96875,304460.46875,297278.40625,288828.0,307048.78125,210774.453125,305035.875,-0.034912109375,0.994873046875,-0.177001953125,-1.3732908964157104,0.6713866591453552,-0.1220703050494194,86.66667175292969,92561.0,1.0
316742.90625,310339.15625,304456.6875,297275.25,288823.71875,307046.28125,210770.34375,305030.96875,-0.033935546875,0.994384765625,-0.18017578125,-1.5258787870407104,0.6103515028953552,-0.1220703050494194,86.66667175292969,92562.0,1.0
316744.0,310365.0625,304454.75,297275.8125,288822.46875,307046.71875,210769.890625,305040.0,-0.03271484375,0.994384765625,-0.180419921875,-1.6784666776657104,0.5187987685203552,-0.0610351525247097,86.66667175292969,92563.0,1.0
316744.09375,310366.40625,304453.46875,297272.6875,288821.65625,307047.34375,210770.4375,305037.3125,-0.03125,0.992919921875,-0.17919921875,-1.8310545682907104,0.4882812201976776,-0.03051757626235485,86.66667175292969,92564.0,1.0
316750.6875,310345.59375,304457.875,297272.9375,288825.21875,307051.03125,210771.953125,305023.71875,-0.029541015625,0.993408203125,-0.1787109375,-1.9531248807907104,0.5493163466453552,0.0610351525247097,86.66667175292969,92565.0,1.0
316756.5,310344.6875,304462.4375,297276.6875,288828.90625,307053.0,210773.03125,305024.53125,-0.0302734375,0.98974609375,-0.178466796875,-2.014159917831421,0.4272460639476776,0.0915527269244194,86.66667175292969,92566.0,1.0
316760.96875,310373.5625,304468.0625,297282.96875,288834.625,307054.875,210774.640625,305041.5,-0.0322265625,0.988037109375,-0.17919921875,-2.044677495956421,0.3967284858226776,0.1525878757238388,86.66667175292969,92567.0,1.0
316765.0,310384.65625,304475.21875,297286.625,288839.71875,307056.65625,210775.890625,305048.03125,-0.031005859375,0.986572265625,-0.17626953125,-2.136230230331421,0.4882812201976776,0.3051757514476776,86.66667175292969,92568.0,1.0
316769.21875,310365.15625,304482.375,297289.84375,288845.625,307059.34375,210778.921875,305040.625,-0.02978515625,0.985107421875,-0.177978515625,-2.105712652206421,0.5187987685203552,0.3967284858226776,86.66667175292969,92569.0,1.0
316773.21875,310361.40625,304490.3125,297294.65625,288852.3125,307062.5625,210782.328125,305043.46875,-0.029541015625,0.982666015625,-0.179931640625,-2.166747808456421,0.5798339247703552,0.4882812201976776,86.66667175292969,92570.0,1.0
316773.0625,310389.5625,304495.78125,297299.5,288858.59375,307066.9375,210784.921875,305062.6875,-0.03125,0.98193359375,-0.1748046875,-1.9531248807907104,0.5187987685203552,0.6103515028953552,86.66667175292969,92571.0,1.0
316772.59375,310405.21875,304496.40625,297297.71875,288859.5625,307067.28125,210785.8125,305068.875,-0.0322265625,0.98291015625,-0.17578125,-2.014159917831421,0.4882812201976776,0.8239745497703552,86.66667175292969,92572.0,1.0
316773.21875,310381.53125,304493.71875,297291.09375,288854.65625,307064.625,210783.9375,305053.40625,-0.032958984375,0.98193359375,-0.177490234375,-1.9531248807907104,0.4882812201976776,0.9155272841453552,86.66667175292969,92573.0,1.0
316773.59375,310365.78125,304493.28125,297288.125,288853.65625,307064.625,210782.328125,305043.3125,-0.03515625,0.980712890625,-0.1796875,-1.8615721464157104,0.3662109076976776,0.8544921278953552,86.66667175292969,92574.0,1.0
316773.6875,310386.09375,304495.59375,297290.65625,288857.59375,307066.3125,210783.21875,305054.375,-0.034423828125,0.978759765625,-0.174560546875,-1.8310545682907104,0.3967284858226776,0.9765624403953552,86.66667175292969,92575.0,1.0
316775.5625,310407.28125,304499.4375,297293.78125,288862.5,307069.34375,210787.328125,305065.21875,-0.032958984375,0.977783203125,-0.172607421875,-1.8005369901657104,0.4577636420726776,0.9460448622703552,86.66667175292969,92576.0,1.0
316779.9375,310395.125,304505.4375,297296.625,288865.90625,307073.09375,210790.015625,305055.28125,-0.03515625,0.97802734375,-0.1728515625,-1.7395018339157104,0.3356933295726776,0.9155272841453552,86.66667175292969,92577.0,1.0
316786.09375,310377.59375,304511.96875,297301.5625,288870.90625,307077.5,210793.59375,305046.875,-0.0341796875,0.97802734375,-0.173095703125,-1.6784666776657104,0.2136230319738388,0.7019042372703552,86.66667175292969,92578.0,1.0
316790.65625,310390.09375,304515.1875,297307.8125,288873.78125,307076.5,210793.953125,305055.375,-0.032470703125,0.97802734375,-0.17724609375,-1.6174315214157104,0.1525878757238388,0.5798339247703552,86.66667175292969,92579.0,1.0
316794.34375,310412.46875,304516.96875,297311.84375,288874.6875,307074.4375,210792.875,305066.46875,-0.03125,0.9765625,-0.175537109375,-1.5258787870407104,0.2441406100988388,0.6408690810203552,86.66667175292969,92580.0,1.0
316792.375,310396.53125,304514.5625,297307.53125,288870.90625,307070.4375,210789.921875,305055.375,-0.0283203125,0.976806640625,-0.174072265625,-1.4038084745407104,0.2441406100988388,0.7019042372703552,86.66667175292969,92581.0,1.0
316786.8125,310366.59375,304509.8125,297302.4375,288865.1875,307066.65625,210787.0625,305041.6875,-0.02880859375,0.97900390625,-0.1748046875,-1.3427733182907104,0.3051757514476776,0.6713866591453552,86.66667175292969,92582.0,1.0
316782.15625,310370.625,304506.5,297302.71875,288864.21875,307066.3125,210788.9375,305052.96875,-0.025146484375,0.980224609375,-0.177001953125,-1.1291502714157104,0.3967284858226776,0.7019042372703552,86.66667175292969,92583.0,1.0
316776.90625,310392.34375,304499.09375,297301.1875,288861.8125,307066.125,210790.109375,305069.21875,-0.0234375,0.980712890625,-0.173828125,-1.0375975370407104,0.4882812201976776,0.6713866591453552,86.66667175292969,92584.0,1.0
316767.875,310380.0,304488.71875,297294.5625,288854.125,307062.125,210788.84375,305063.78125,-0.025390625,0.983154296875,-0.174560546875,-1.0681151151657104,0.5798339247703552,0.7324218153953552,86.66667175292969,92585.0,1.0
316757.75,310347.5625,304478.53125,297287.25,288845.875,307057.71875,210786.4375,305047.3125,-0.025634765625,0.9814453125,-0.17919921875,-1.0375975370407104,0.5798339247703552,0.6103515028953552,86.66667175292969,92586.0,1.0
316752.21875,310346.3125,304471.625,297285.0,288842.125,307057.8125,210788.140625,305051.71875,-0.024169921875,0.982421875,-0.1767578125,-0.9765624403953552,0.7019042372703552,0.5493163466453552,86.66667175292969,92587.0,1.0
316747.9375,310369.46875,304464.84375,297283.125,288838.46875,307057.90625,210789.03125,305066.1875,-0.024169921875,0.981689453125,-0.177490234375,-0.9765624403953552,0.7629393935203552,0.5798339247703552,86.66667175292969,92588.0,1.0
316741.9375,310367.21875,304456.96875,297278.40625,288831.21875,307056.46875,210787.15625,305063.40625,-0.0263671875,0.981689453125,-0.178466796875,-0.9765624403953552,0.8850097060203552,0.7019042372703552,86.66667175292969,92589.0,1.0
316737.46875,310337.8125,304449.1875,297272.6875,288824.96875,307054.34375,210784.46875,305047.0625,-0.026611328125,0.98388671875,-0.17626953125,-1.0681151151657104,0.9460448622703552,0.7019042372703552,86.66667175292969,92590.0,1.0
316734.59375,310328.875,304445.53125,297272.40625,288822.09375,307053.25,210784.375,305044.46875,-0.027099609375,0.98583984375,-0.17822265625,-0.9460448622703552,1.0375975370407104,0.6103515028953552,86.66667175292969,92591.0,1.0
316739.78125,310357.75,304450.25,297277.5,288825.3125,307055.40625,210785.28125,305058.78125,-0.029052734375,0.9853515625,-0.176025390625,-1.0070799589157104,1.0681151151657104,0.5493163466453552,86.66667175292969,92592.0,1.0
316749.53125,310373.75,304460.09375,297279.8125,288831.75,307058.8125,210785.453125,305060.125,-0.03076171875,0.985595703125,-0.17822265625,-1.0986326932907104,1.1291502714157104,0.4272460639476776,86.66667175292969,92593.0,1.0
316754.8125,310358.09375,304466.53125,297278.03125,288836.125,307060.0625,210782.6875,305041.5,-0.031982421875,0.98583984375,-0.177001953125,-1.0681151151657104,1.2207030057907104,0.4882812201976776,86.66667175292969,92594.0,1.0
316757.125,310352.03125,304472.0,297279.90625,288842.03125,307063.1875,210783.75,305036.3125,-0.0302734375,0.9873046875,-0.17529296875,-1.2207030057907104,1.1291502714157104,0.3662109076976776,86.66667175292969,92595.0,1.0
316764.75,310383.5,304482.28125,297292.34375,288853.5,307070.34375,210789.65625,305056.96875,-0.028564453125,0.98779296875,-0.176025390625,-1.0681151151657104,1.2207030057907104,0.3662109076976776,86.66667175292969,92596.0,1.0
316764.75,310398.15625,304487.1875,297297.25,288857.96875,307070.15625,210790.734375,305068.15625,-0.030029296875,0.987060546875,-0.17578125,-1.1596678495407104,1.2512205839157104,0.2746581733226776,86.66667175292969,92597.0,1.0
316766.34375,310381.15625,304493.28125,297297.34375,288861.875,307073.65625,210794.65625,305060.28125,-0.030517578125,0.986572265625,-0.17578125,-1.2207030057907104,1.3427733182907104,0.3356933295726776,86.66667175292969,92598.0,1.0
316766.96875,310364.90625,304494.78125,297295.75,288862.15625,307074.1875,210795.5625,305054.03125,-0.03076171875,0.985107421875,-0.176025390625,-1.1901854276657104,1.2817381620407104,0.3662109076976776,86.66667175292969,92599.0,1.0
316767.6875,310384.75,304496.5,297297.34375,288864.21875,307075.15625,210797.34375,305066.8125,-0.03125,0.986572265625,-0.176025390625,-1.1291502714157104,1.2512205839157104,0.3662109076976776,86.66667175292969,92600.0,1.0
316765.71875,310401.09375,304494.34375,297295.90625,288861.96875,307072.5625,210795.375,305074.5,-0.02978515625,0.98681640625,-0.17578125,-1.1596678495407104,1.2817381620407104,0.4272460639476776,86.66667175292969,92601.0,1.0
316764.125,310381.53125,304491.40625,297291.09375,288855.53125,307068.375,210790.90625,305060.75,-0.030029296875,0.987548828125,-0.1748046875,-1.1596678495407104,1.2207030057907104,0.4272460639476776,86.66667175292969,92602.0,1.0
316765.53125,310359.1875,304490.0625,297287.5,288852.21875,307066.125,210787.875,305047.9375,-0.030029296875,0.988037109375,-0.17138671875,-1.1596678495407104,1.1291502714157104,0.3967284858226776,86.66667175292969,92603.0,1.0
316772.25,310374.8125,304492.5625,297291.71875,288855.71875,307068.71875,210789.125,305056.09375,-0.029296875,0.988525390625,-0.175048828125,-1.1901854276657104,1.2512205839157104,0.4577636420726776,86.66667175292969,92604.0,1.0
316771.4375,310392.15625,304486.03125,297291.28125,288852.15625,307063.625,210785.8125,305065.21875,-0.0302734375,0.987060546875,-0.1767578125,-1.1901854276657104,1.1596678495407104,0.3356933295726776,86.66667175292969,92605.0,1.0
316768.59375,310376.78125,304481.28125,297289.5625,288847.5,307059.4375,210781.515625,305055.09375,-0.03271484375,0.986572265625,-0.178466796875,-1.2512205839157104,1.1291502714157104,0.3662109076976776,86.66667175292969,92606.0,1.0
316766.15625,310347.8125,304482.0,297289.125,288846.0625,307057.0,210780.171875,305041.6875,-0.03173828125,0.986328125,-0.17626953125,-1.2207030057907104,1.0986326932907104,0.4882812201976776,86.66667175292969,92607.0,1.0
316766.34375,310354.6875,304485.125,297292.4375,288847.6875,307055.40625,210779.546875,305045.96875,-0.032958984375,0.985595703125,-0.177001953125,-1.1901854276657104,1.0681151151657104,0.4272460639476776,86.66667175292969,92608.0,1.0
316765.4375,310380.71875,304488.09375,297295.46875,288849.28125,307054.78125,210778.484375,305058.40625,-0.03515625,0.987060546875,-0.1767578125,-1.1901854276657104,0.9765624403953552,0.3356933295726776,86.66667175292969,92609.0,1.0
316764.75,310378.125,304492.09375,297295.90625,288851.6875,307057.46875,210779.734375,305055.5625,-0.034912109375,0.9873046875,-0.17529296875,-1.1901854276657104,0.8850097060203552,0.3967284858226776,86.66667175292969,92610.0,1.0
316765.4375,310355.59375,304497.03125,297295.90625,288854.65625,307061.21875,210783.75,305042.59375,-0.0341796875,0.98828125,-0.17529296875,-1.0375975370407104,0.7934569716453552,0.3662109076976776,86.66667175292969,92611.0,1.0
316771.96875,310364.1875,304505.59375,297301.8125,288864.21875,307071.59375,210792.25,305048.84375,-0.031982421875,0.98779296875,-0.173095703125,-1.0681151151657104,0.7934569716453552,0.3051757514476776,86.66667175292969,92612.0,1.0
316767.6875,310388.9375,304502.375,297301.46875,288864.3125,307072.125,210793.765625,305063.40625,-0.0322265625,0.98974609375,-0.17626953125,-1.0986326932907104,0.7019042372703552,0.2441406100988388,86.66667175292969,92613.0,1.0
316759.1875,310387.34375,304491.21875,297294.125,288855.71875,307065.96875,210788.5,305059.84375,-0.030517578125,0.987060546875,-0.177978515625,-1.0375975370407104,0.7324218153953552,0.2746581733226776,86.66667175292969,92614.0,1.0
316759.5625,310364.4375,304486.90625,297289.40625,288852.3125,307069.71875,210789.390625,305044.03125,-0.03173828125,0.98681640625,-0.17529296875,-1.0681151151657104,0.6408690810203552,0.2441406100988388,86.66667175292969,92615.0,1.0
316757.9375,310357.65625,304483.53125,297288.21875,288851.25,307073.5625,210791.53125,305042.125,-0.0322265625,0.98681640625,-0.1767578125,-1.0986326932907104,0.6103515028953552,0.2746581733226776,86.66667175292969,92616.0,1.0
316752.3125,310377.78125,304475.125,297286.0,288846.78125,307070.15625,210788.84375,305055.375,-0.034423828125,0.984619140625,-0.176513671875,-1.0681151151657104,0.6408690810203552,0.3051757514476776,86.66667175292969,92617.0,1.0
316745.15625,310383.65625,304467.875,297282.5,288842.03125,307067.03125,210787.0625,305060.28125,-0.033935546875,0.98486328125,-0.175048828125,-1.0986326932907104,0.5798339247703552,0.3356933295726776,86.66667175292969,92618.0,1.0
316745.0625,310367.21875,304470.375,297282.15625,288844.375,307071.0625,210790.453125,305049.5625,-0.032958984375,0.98388671875,-0.173095703125,-1.0375975370407104,0.4882812201976776,0.3356933295726776,86.66667175292969,92619.0,1.0
316749.1875,310362.65625,304477.34375,297286.09375,288850.625,307077.59375,210795.5625,305049.125,-0.03173828125,0.9814453125,-0.1748046875,-1.0070799589157104,0.5798339247703552,0.3051757514476776,86.66667175292969,92620.0,1.0
316747.84375,310385.375,304478.53125,297288.40625,288853.84375,307079.09375,210797.703125,305065.5625,-0.033447265625,0.9775390625,-0.17529296875,-0.9460448622703552,0.4882812201976776,0.3356933295726776,86.66667175292969,92621.0,1.0
316748.375,310402.4375,304479.21875,297287.34375,288854.8125,307079.28125,210796.984375,305071.375,-0.034423828125,0.97998046875,-0.1748046875,-0.6103515028953552,0.3051757514476776,0.2746581733226776,86.66667175292969,92622.0,1.0
316749.8125,310381.625,304479.84375,297283.65625,288853.65625,307077.5,210793.859375,305057.96875,-0.033203125,0.981689453125,-0.17431640625,-0.4577636420726776,0.3051757514476776,0.2746581733226776,86.66667175292969,92623.0,1.0
316752.5625,310362.75,304482.09375,297285.09375,288853.125,307076.25,210794.3125,305052.40625,-0.031494140625,0.981689453125,-0.173828125,-0.3967284858226776,0.1831054538488388,0.3051757514476776,86.66667175292969,92624.0,1.0
316756.96875,310381.34375,304486.5625,297291.4375,288856.78125,307076.15625,210795.734375,305066.28125,-0.028076171875,0.981689453125,-0.174072265625,-0.4577636420726776,0.1525878757238388,0.3662109076976776,86.66667175292969,92625.0,1.0
316763.65625,310403.96875,304494.15625,297298.40625,288861.25,307077.84375,210797.796875,305077.46875,-0.02880859375,0.980224609375,-0.174072265625,-0.3967284858226776,0.2746581733226776,0.3662109076976776,86.66667175292969,92626.0,1.0
316763.03125,310386.09375,304494.34375,297295.75,288858.21875,307074.625,210795.5625,305064.40625,-0.027099609375,0.981689453125,-0.175537109375,-0.2746581733226776,0.2746581733226776,0.3967284858226776,86.66667175292969,92627.0,1.0
316762.21875,310361.6875,304491.40625,297293.3125,288855.09375,307072.21875,210793.953125,305051.71875,-0.02734375,0.978515625,-0.177490234375,-0.1220703050494194,0.2441406100988388,0.4577636420726776,86.66667175292969,92628.0,1.0
316760.1875,310370.34375,304486.65625,297294.5,288853.21875,307070.15625,210793.59375,305058.78125,-0.02880859375,0.97705078125,-0.1796875,-0.0915527269244194,0.2441406100988388,0.5798339247703552,86.66667175292969,92629.0,1.0
316756.5,310387.96875,304482.1875,297293.5,288852.3125,307067.03125,210793.59375,305070.84375,-0.03173828125,0.97900390625,-0.176513671875,0.0,0.2441406100988388,0.4882812201976776,86.66667175292969,92630.0,1.0
316752.65625,310373.03125,304479.40625,297287.6875,288850.1875,307063.0,210791.359375,305061.4375,-0.0341796875,0.9794921875,-0.17529296875,0.03051757626235485,0.2441406100988388,0.3967284858226776,86.66667175292969,92631.0,1.0
316751.78125,310346.75,304478.53125,297281.78125,288847.84375,307060.84375,210788.84375,305046.25,-0.03515625,0.982666015625,-0.17333984375,0.0915527269244194,0.2136230319738388,0.1525878757238388,86.66667175292969,92632.0,1.0
316755.4375,310356.3125,304481.65625,297283.9375,288851.0625,307063.28125,210789.828125,305051.96875,-0.035400390625,0.983642578125,-0.175048828125,0.0915527269244194,0.1831054538488388,0.0915527269244194,86.66667175292969,92633.0,1.0
316756.96875,310384.90625,304483.625,297286.8125,288854.125,307066.59375,210791.359375,305065.84375,-0.034912109375,0.983154296875,-0.1748046875,0.0,0.03051757626235485,-0.1831054538488388,86.66667175292969,92634.0,1.0
316752.125,310380.09375,304480.03125,297282.5,288849.71875,307064.34375,210788.9375,305057.96875,-0.03369140625,0.985107421875,-0.173095703125,0.0,-0.03051757626235485,-0.2746581733226776,86.66667175292969,92635.0,1.0
316746.6875,310351.84375,304475.84375,297277.6875,288844.625,307061.21875,210785.09375,305038.90625,-0.0322265625,0.986328125,-0.175048828125,0.0,-0.03051757626235485,-0.3356933295726776,86.66667175292969,92636.0,1.0
316742.84375,310347.90625,304472.96875,297278.125,288842.03125,307059.78125,210783.9375,305038.65625,-0.030517578125,0.9892578125,-0.17578125,-0.0610351525247097,-0.03051757626235485,-0.4882812201976776,86.66667175292969,92637.0,1.0
316743.09375,310373.9375,304473.34375,297283.65625,288843.28125,307060.15625,210785.984375,305054.65625,-0.030029296875,0.989501953125,-0.17578125,-0.1525878757238388,-0.03051757626235485,-0.4272460639476776,86.66667175292969,92638.0,1.0
316740.15625,310374.625,304468.6875,297280.71875,288840.6875,307057.46875,210785.28125,305055.625,-0.02880859375,0.988037109375,-0.179443359375,-0.2746581733226776,0.0915527269244194,-0.3356933295726776,86.66667175292969,92639.0,1.0
316738.0,310347.90625,304464.21875,297278.40625,288837.5625,307056.5625,210786.609375,305042.40625,-0.02734375,0.98974609375,-0.17822265625,-0.4272460639476776,0.0610351525247097,-0.3967284858226776,86.66667175292969,92640.0,1.0
316733.0,310338.34375,304458.125,297276.34375,288834.25,307053.15625,210785.625,305039.71875,-0.0283203125,0.990966796875,-0.177734375,-0.3967284858226776,0.03051757626235485,-0.2746581733226776,86.66667175292969,92641.0,1.0
316732.90625,310363.28125,304456.4375,297278.125,288834.96875,307053.875,210785.90625,305055.46875,-0.02685546875,0.9921875,-0.17529296875,-0.4577636420726776,0.1220703050494194,-0.2441406100988388,86.66667175292969,92642.0,1.0
316739.25,310381.15625,304462.875,297280.53125,288840.875,307061.84375,210791.625,305061.71875,-0.026123046875,0.9921875,-0.176513671875,-0.6408690810203552,0.2136230319738388,-0.1831054538488388,86.66667175292969,92643.0,1.0
316742.75,310366.3125,304468.78125,297277.21875,288844.90625,307068.1875,210795.109375,305047.59375,-0.028076171875,0.992431640625,-0.17578125,-0.6408690810203552,0.2136230319738388,-0.03051757626235485,86.66667175292969,92644.0,1.0
316743.90625,310355.6875,304470.84375,297275.0,288846.25,307069.625,210794.484375,305040.1875,-0.02978515625,0.990966796875,-0.17578125,-0.8239745497703552,0.1831054538488388,0.0610351525247097,86.66667175292969,92645.0,1.0
316742.375,310375.25,304469.5625,297275.0,288844.8125,307066.125,210791.53125,305052.25,-0.029296875,0.988525390625,-0.175537109375,-0.8239745497703552,0.1831054538488388,0.1831054538488388,86.66667175292969,92646.0,1.0
316741.65625,310390.09375,304470.90625,297276.15625,288843.90625,307064.15625,210790.015625,305059.9375,-0.03076171875,0.989990234375,-0.177001953125,-0.9460448622703552,0.2441406100988388,0.3051757514476776,86.66667175292969,92647.0,1.0
316745.4375,310372.125,304475.5625,297277.84375,288845.0,307064.78125,210790.640625,305048.84375,-0.03173828125,0.989501953125,-0.177001953125,-1.0070799589157104,0.4272460639476776,0.2746581733226776,86.66667175292969,92648.0,1.0
316749.09375,310353.0,304478.96875,297279.375,288843.84375,307063.53125,210788.671875,305038.28125,-0.031494140625,0.987060546875,-0.176513671875,-1.0070799589157104,0.4272460639476776,0.3051757514476776,86.66667175292969,92649.0,1.0
316753.75,310370.96875,304481.8125,297284.75,288845.96875,307062.8125,210787.515625,305046.78125,-0.032958984375,0.98681640625,-0.17919921875,-1.0375975370407104,0.2746581733226776,0.2441406100988388,86.66667175292969,92650.0,1.0
316757.59375,310393.78125,304484.15625,297290.03125,288849.8125,307064.71875,210788.9375,305060.03125,-0.03369140625,0.9853515625,-0.180419921875,-1.0681151151657104,0.2441406100988388,0.3051757514476776,86.66667175292969,92651.0,1.0
316760.25,310384.03125,304486.90625,297291.09375,288853.65625,307068.71875,210790.734375,305053.3125,-0.034423828125,0.986083984375,-0.177001953125,-0.9765624403953552,0.1831054538488388,0.2746581733226776,86.66667175292969,92652.0,1.0
316760.4375,310363.1875,304485.59375,297288.6875,288853.40625,307069.4375,210790.546875,305042.9375,-0.032958984375,0.98486328125,-0.17626953125,-1.0070799589157104,0.2136230319738388,0.1220703050494194,86.66667175292969,92653.0,1.0
316760.09375,310372.3125,304481.46875,297289.125,288851.53125,307067.84375,210788.9375,305050.46875,-0.033203125,0.985107421875,-0.177490234375,-1.0070799589157104,0.2441406100988388,0.0610351525247097,86.66667175292969,92654.0,1.0
316760.8125,310395.1875,304480.03125,297292.6875,288852.6875,307068.375,210790.8125,305063.96875,-0.033203125,0.985595703125,-0.177978515625,-1.0375975370407104,0.1525878757238388,0.0,86.66667175292969,92655.0,1.0
316762.0625,310385.46875,304480.9375,297293.3125,288851.875,307067.46875,210790.734375,305057.78125,-0.032958984375,0.98583984375,-0.176513671875,-1.0681151151657104,0.1525878757238388,-0.0915527269244194,86.66667175292969,92656.0,1.0
316765.90625,310358.28125,304485.40625,297290.8125,288851.875,307066.40625,210788.765625,305043.3125,-0.0322265625,0.985595703125,-0.1748046875,-1.0375975370407104,0.2746581733226776,-0.0610351525247097,86.66667175292969,92657.0,1.0
316769.46875,310362.65625,304490.78125,297295.03125,288854.8125,307066.75,210790.640625,305049.375,-0.031494140625,0.986083984375,-0.1728515625,-0.9460448622703552,0.2441406100988388,-0.1220703050494194,86.66667175292969,92658.0,1.0
316770.28125,310389.46875,304493.34375,297300.65625,288857.25,307066.5,210791.796875,305064.03125,-0.032958984375,0.98486328125,-0.177490234375,-1.0375975370407104,0.2746581733226776,-0.1525878757238388,86.66667175292969,92659.0,1.0
316766.78125,310385.71875,304493.1875,297298.96875,288856.625,307066.3125,210791.796875,305061.375,-0.03173828125,0.981689453125,-0.17626953125,-1.0681151151657104,0.3051757514476776,-0.1525878757238388,86.66667175292969,92660.0,1.0
316763.46875,310363.46875,304493.1875,297296.90625,288857.5,307069.53125,210794.3125,305049.375,-0.03173828125,0.98193359375,-0.178466796875,-0.9765624403953552,0.2441406100988388,-0.1831054538488388,86.66667175292969,92661.0,1.0
316763.9375,310367.9375,304494.78125,297299.84375,288862.25,307075.0625,210798.78125,305052.875,-0.03125,0.98095703125,-0.17724609375,-0.9460448622703552,0.3356933295726776,-0.1831054538488388,86.66667175292969,92662.0,1.0
316760.53125,310393.6875,304492.28125,297300.03125,288863.0625,307075.0625,210798.328125,305065.90625,-0.032958984375,0.981201171875,-0.17578125,-0.9155272841453552,0.3051757514476776,-0.0915527269244194,86.66667175292969,92663.0,1.0
316755.78125,310397.71875,304489.5,297297.96875,288862.25,307072.84375,210796.453125,305065.125,-0.033203125,0.98193359375,-0.1787109375,-0.9460448622703552,0.3662109076976776,-0.2441406100988388,86.66667175292969,92664.0,1.0
316754.375,310372.9375,304489.0625,297296.28125,288861.25,307073.71875,210797.703125,305050.8125,-0.033447265625,0.97998046875,-0.1806640625,-0.8850097060203552,0.2441406100988388,-0.1525878757238388,86.66667175292969,92665.0,1.0
316756.15625,310364.8125,304489.34375,297297.71875,288860.46875,307072.125,210797.171875,305049.28125,-0.032958984375,0.97998046875,-0.177490234375,-0.8239745497703552,0.3051757514476776,-0.1831054538488388,86.66667175292969,92666.0,1.0
316757.40625,310386.09375,304488.53125,297300.375,288859.28125,307069.71875,210794.578125,305062.875,-0.03515625,0.982666015625,-0.174560546875,-0.7629393935203552,0.4272460639476776,-0.2746581733226776,86.66667175292969,92667.0,1.0
316757.59375,310393.40625,304486.03125,297299.59375,288856.53125,307066.125,210792.0625,305065.65625,-0.034912109375,0.9814453125,-0.17724609375,-0.7629393935203552,0.3356933295726776,-0.3051757514476776,86.66667175292969,92668.0,1.0
316756.0625,310367.5,304482.375,297293.25,288851.6875,307062.5625,210789.390625,305048.84375,-0.033935546875,0.982666015625,-0.17724609375,-0.6103515028953552,0.3051757514476776,-0.2136230319738388,86.66667175292969,92669.0,1.0
316752.84375,310351.9375,304478.875,297286.53125,288849.0,307063.375,210788.671875,305039.46875,-0.03564453125,0.9833984375,-0.17919921875,-0.6713866591453552,0.2746581733226776,-0.2136230319738388,86.66667175292969,92670.0,1.0
316750.96875,310372.84375,304477.1875,297285.09375,288847.3125,307064.96875,210789.296875,305051.34375,-0.035888671875,0.9833984375,-0.1748046875,-0.6408690810203552,0.3051757514476776,-0.2441406100988388,86.66667175292969,92671.0,1.0
316751.40625,310392.625,304478.0625,297284.84375,288847.59375,307065.15625,210788.84375,305058.78125,-0.037109375,0.983642578125,-0.17529296875,-0.7934569716453552,0.2441406100988388,-0.1525878757238388,86.66667175292969,92672.0,1.0
316755.25,310379.5625,304483.78125,297283.84375,288850.34375,307068.09375,210789.75,305046.4375,-0.03759765625,0.98388671875,-0.1748046875,-0.7629393935203552,0.2441406100988388,-0.1220703050494194,86.66667175292969,92673.0,1.0
316760.53125,310365.0625,304490.9375,297286.25,288854.1875,307070.59375,210790.28125,305037.5,-0.03759765625,0.9833984375,-0.175537109375,-0.6713866591453552,0.1525878757238388,-0.0610351525247097,86.66667175292969,92674.0,1.0
316766.25,310385.28125,304498.625,297294.9375,288859.375,307073.1875,210792.515625,305051.625,-0.0380859375,0.982666015625,-0.17529296875,-0.7324218153953552,0.1525878757238388,-0.03051757626235485,86.66667175292969,92675.0,1.0
316769.46875,310408.34375,304502.84375,297300.75,288863.3125,307075.0625,210794.75,305065.90625,-0.03662109375,0.984130859375,-0.1748046875,-0.6103515028953552,0.0610351525247097,0.03051757626235485,86.66667175292969,92676.0,1.0
316771.09375,310395.46875,304503.90625,297301.625,288864.84375,307076.59375,210797.34375,305061.625,-0.0361328125,0.98583984375,-0.174560546875,-0.7019042372703552,0.03051757626235485,0.03051757626235485,86.66667175292969,92677.0,1.0
316769.28125,310370.15625,304500.34375,297300.03125,288862.59375,307074.53125,210796.71875,305051.0,-0.036865234375,0.98583984375,-0.174072265625,-0.7934569716453552,0.03051757626235485,0.1220703050494194,86.66667175292969,92678.0,1.0
316773.3125,310381.0625,304500.25,297305.5,288864.46875,307075.0625,210798.234375,305060.28125,-0.035888671875,0.985595703125,-0.175048828125,-0.8239745497703552,0.0915527269244194,0.1220703050494194,86.66667175292969,92679.0,1.0
316776.625,310404.3125,304499.15625,297309.59375,288865.03125,307074.90625,210799.484375,305075.5,-0.03564453125,0.988037109375,-0.175048828125,-0.8850097060203552,0.0915527269244194,0.2746581733226776,86.66667175292969,92680.0,1.0
316772.25,310392.625,304495.0625,297305.75,288861.53125,307070.34375,210797.25,305069.125,-0.03564453125,0.988037109375,-0.17431640625,-0.8850097060203552,-0.03051757626235485,0.3051757514476776,86.66667175292969,92681.0,1.0
316768.75,310363.28125,304492.28125,297301.8125,288858.21875,307067.65625,210796.1875,305056.09375,-0.035888671875,0.98828125,-0.17578125,-1.0375975370407104,-0.0610351525247097,0.2746581733226776,86.66667175292969,92682.0,1.0
316769.125,310366.59375,304493.4375,297303.96875,288858.75,307066.40625,210796.09375,305060.375,-0.035400390625,0.989990234375,-0.176025390625,-1.0986326932907104,0.0,0.3967284858226776,86.66667175292969,92683.0,1.0
316766.6875,310391.0,304493.09375,297306.03125,288860.5625,307066.40625,210796.625,305073.6875,-0.034423828125,0.99169921875,-0.174560546875,-1.2207030057907104,-0.0610351525247097,0.4577636420726776,86.66667175292969,92684.0,1.0
316762.78125,310390.5625,304491.3125,297302.53125,288859.5625,307065.875,210795.375,305068.4375,-0.03466796875,0.988525390625,-0.175537109375,-1.3427733182907104,-0.03051757626235485,0.4577636420726776,86.66667175292969,92685.0,1.0
316762.9375,310369.90625,304493.53125,297300.21875,288860.1875,307068.09375,210796.09375,305053.59375,-0.03173828125,0.988037109375,-0.17333984375,-1.3122557401657104,-0.03051757626235485,0.5187987685203552,86.66667175292969,92686.0,1.0
316761.875,310370.71875,304493.90625,297299.5,288861.09375,307070.4375,210797.171875,305053.84375,-0.031982421875,0.985595703125,-0.1728515625,-1.3732908964157104,0.03051757626235485,0.5493163466453552,86.66667175292969,92687.0,1.0
316760.8125,310397.71875,304493.8125,297299.75,288862.34375,307072.40625,210798.234375,305068.96875,-0.03125,0.987060546875,-0.172119140625,-1.4343260526657104,0.2441406100988388,0.6408690810203552,86.66667175292969,92688.0,1.0
316760.53125,310405.75,304493.625,297297.96875,288863.59375,307075.15625,210798.59375,305068.25,-0.033203125,0.9873046875,-0.17333984375,-1.4648436307907104,0.3662109076976776,0.6408690810203552,86.66667175292969,92689.0,1.0
316760.53125,310381.53125,304492.375,297294.125,288862.6875,307077.65625,210798.953125,305051.53125,-0.0322265625,0.984619140625,-0.175048828125,-1.5869139432907104,0.3356933295726776,0.6713866591453552,86.66667175292969,92690.0,1.0
316761.25,310372.125,304491.9375,297293.875,288863.84375,307078.125,210799.765625,305047.0625,-0.03125,0.984375,-0.177978515625,-1.5258787870407104,0.3662109076976776,0.6103515028953552,86.66667175292969,92691.0,1.0
316758.375,310392.0,304488.8125,297296.625,288862.4375,307075.625,210798.953125,305061.1875,-0.03076171875,0.982666015625,-0.173583984375,-1.5258787870407104,0.4577636420726776,0.6408690810203552,86.66667175292969,92692.0,1.0
316753.5625,310396.90625,304483.53125,297295.75,288857.78125,307070.34375,210796.453125,305064.3125,-0.029296875,0.98291015625,-0.17724609375,-1.5563963651657104,0.6103515028953552,0.6408690810203552,86.66667175292969,92693.0,1.0
316751.0625,310369.09375,304481.125,297292.25,288852.5,307064.78125,210792.15625,305047.875,-0.030029296875,0.9833984375,-0.175537109375,-1.4648436307907104,0.7019042372703552,0.6103515028953552,86.66667175292969,92694.0,1.0
316753.46875,310353.0,304484.0625,297293.3125,288852.5,307063.28125,210791.625,305041.25,-0.0302734375,0.98193359375,-0.174560546875,-1.4038084745407104,0.7019042372703552,0.6103515028953552,86.66667175292969,92695.0,1.0
316757.59375,310374.375,304488.875,297297.78125,288854.8125,307062.75,210791.171875,305052.6875,-0.02880859375,0.983642578125,-0.173583984375,-1.3427733182907104,0.8239745497703552,0.7629393935203552,86.66667175292969,92696.0,1.0
316755.78125,310389.84375,304486.90625,297295.1875,288852.3125,307058.90625,210787.953125,305058.59375,-0.02978515625,0.980712890625,-0.173828125,-1.3122557401657104,0.9765624403953552,0.6103515028953552,86.66667175292969,92697.0,1.0
316756.5,310376.0625,304486.75,297291.53125,288851.4375,307061.9375,210787.78125,305047.40625,-0.031005859375,0.98095703125,-0.1748046875,-1.2207030057907104,1.0375975370407104,0.5493163466453552,86.66667175292969,92698.0,1.0
316754.375,310356.75,304483.4375,297286.1875,288848.3125,307063.4375,210787.953125,305036.15625,-0.029541015625,0.98388671875,-0.175048828125,-1.1291502714157104,1.0375975370407104,0.5187987685203552,86.66667175292969,92699.0,1.0
316752.75,310373.03125,304481.5625,297285.625,288848.5625,307064.53125,210790.015625,305048.125,-0.031005859375,0.983154296875,-0.17578125,-1.0681151151657104,1.2207030057907104,0.5798339247703552,86.66667175292969,92700.0,1.0
316751.875,310397.15625,304481.46875,297287.0625,288850.625,307066.125,210792.703125,305063.25,-0.030517578125,0.984130859375,-0.1728515625,-0.9460448622703552,1.1901854276657104,0.5187987685203552,86.66667175292969,92701.0,1.0
316750.96875,310385.625,304480.3125,297284.75,288850.96875,307068.46875,210794.3125,305054.65625,-0.029296875,0.98193359375,-0.174072265625,-0.8850097060203552,1.3122557401657104,0.4882812201976776,86.66667175292969,92702.0,1.0
316750.15625,310363.71875,304480.21875,297283.65625,288851.78125,307070.875,210796.0,305042.3125,-0.03173828125,0.982177734375,-0.175048828125,-0.9155272841453552,1.2817381620407104,0.4577636420726776,86.66667175292969,92703.0,1.0
316750.96875,310376.25,304482.53125,297288.5,288855.625,307073.28125,210798.6875,305052.96875,-0.03173828125,0.979736328125,-0.173828125,-0.7934569716453552,1.4038084745407104,0.4272460639476776,86.66667175292969,92704.0,1.0
316750.25,310399.6875,304482.1875,297291.28125,288857.96875,307074.09375,210799.140625,305067.0,-0.032470703125,0.9814453125,-0.1728515625,-0.7629393935203552,1.4343260526657104,0.4577636420726776,86.66667175292969,92705.0,1.0
316750.15625,310392.0625,304483.15625,297293.5,288859.9375,307075.53125,210801.28125,305065.28125,-0.0322265625,0.97998046875,-0.172119140625,-0.7324218153953552,1.4038084745407104,0.3662109076976776,86.66667175292969,92706.0,1.0
316749.96875,310365.0625,304483.15625,297293.78125,288858.65625,307073.28125,210800.109375,305052.875,-0.03271484375,0.980224609375,-0.1728515625,-0.7019042372703552,1.3122557401657104,0.4272460639476776,86.66667175292969,92707.0,1.0
316751.78125,310363.375,304481.8125,297295.84375,288857.0625,307069.34375,210799.140625,305057.4375,-0.033447265625,0.9794921875,-0.1728515625,-0.5187987685203552,1.3427733182907104,0.3967284858226776,86.66667175292969,92708.0,1.0
316752.65625,310382.6875,304480.5625,297298.5,288854.5625,307064.0625,210796.625,305071.5625,-0.03466796875,0.981689453125,-0.172119140625,-0.4577636420726776,1.3122557401657104,0.3662109076976776,86.66667175292969,92709.0,1.0
316751.59375,310376.34375,304479.15625,297295.28125,288850.34375,307058.96875,210794.03125,305067.71875,-0.03125,0.982177734375,-0.173828125,-0.4577636420726776,1.2817381620407104,0.3356933295726776,86.66667175292969,92710.0,1.0
316754.0,310352.1875,304483.0,297294.84375,288851.0625,307059.25,210794.65625,305052.5,-0.0322265625,0.9833984375,-0.173095703125,-0.4272460639476776,1.2512205839157104,0.4882812201976776,86.66667175292969,92711.0,1.0
316756.5,310350.78125,304486.90625,297296.90625,288853.65625,307060.9375,210796.0,305051.96875,-0.032958984375,0.982666015625,-0.171630859375,-0.3662109076976776,1.1901854276657104,0.4577636420726776,86.66667175292969,92712.0,1.0
316756.6875,310376.4375,304486.65625,297299.0625,288853.9375,307060.59375,210794.21875,305064.59375,-0.034912109375,0.9853515625,-0.172607421875,-0.3662109076976776,1.2207030057907104,0.4272460639476776,86.66667175292969,92713.0,1.0
316755.78125,310387.4375,304485.21875,297298.78125,288853.5,307063.625,210794.578125,305065.03125,-0.03662109375,0.9853515625,-0.174560546875,-0.2441406100988388,1.2207030057907104,0.3967284858226776,86.66667175292969,92714.0,1.0
316753.03125,310365.25,304481.90625,297294.75,288851.875,307065.25,210795.28125,305051.78125,-0.035400390625,0.985107421875,-0.172119140625,-0.2136230319738388,1.1291502714157104,0.3662109076976776,86.66667175292969,92715.0,1.0
316751.40625,310356.21875,304480.46875,297295.125,288852.59375,307067.03125,210796.71875,305051.09375,-0.03564453125,0.985595703125,-0.174560546875,-0.1831054538488388,1.0986326932907104,0.4882812201976776,86.66667175292969,92716.0,1.0
316748.28125,310378.65625,304479.15625,297297.71875,288853.3125,307066.125,210795.828125,305064.59375,-0.03564453125,0.985107421875,-0.17236328125,-0.2136230319738388,1.0070799589157104,0.4577636420726776,86.66667175292969,92717.0,1.0
316747.3125,310390.71875,304478.96875,297297.96875,288853.40625,307064.875,210796.09375,305071.03125,-0.0361328125,0.986572265625,-0.17529296875,-0.1831054538488388,0.9155272841453552,0.4882812201976776,86.66667175292969,92718.0,1.0
316745.96875,310369.625,304478.96875,297293.0625,288851.875,307064.25,210794.9375,305056.09375,-0.035888671875,0.985107421875,-0.17578125,-0.03051757626235485,0.9765624403953552,0.4272460639476776,86.66667175292969,92719.0,1.0
316748.1875,310356.84375,304482.1875,297292.96875,288853.3125,307067.28125,210795.203125,305048.75,-0.03466796875,0.986328125,-0.174072265625,0.03051757626235485,0.8239745497703552,0.3967284858226776,86.66667175292969,92720.0,1.0
316749.28125,310377.78125,304484.0625,297295.5625,288855.0,307067.75,210793.859375,305060.125,-0.034912109375,0.98876953125,-0.177001953125,-0.1220703050494194,0.7324218153953552,0.4272460639476776,86.66667175292969,92721.0,1.0
316749.8125,310394.9375,304484.40625,297294.5625,288853.75,307064.96875,210790.734375,305066.8125,-0.03466796875,0.988525390625,-0.177978515625,-0.1525878757238388,0.7324218153953552,0.3967284858226776,86.66667175292969,92722.0,1.0
316753.8125,310381.15625,304487.5625,297292.875,288854.125,307067.46875,210791.53125,305056.34375,-0.033935546875,0.987548828125,-0.179931640625,-0.2136230319738388,0.6713866591453552,0.5187987685203552,86.66667175292969,92723.0,1.0
316754.90625,310362.21875,304486.03125,297290.8125,288853.21875,307070.4375,210793.765625,305045.34375,-0.035400390625,0.989990234375,-0.177734375,-0.3356933295726776,0.5493163466453552,0.5798339247703552,86.66667175292969,92724.0,1.0
316753.125,310376.4375,304481.75,297291.4375,288852.59375,307071.40625,210795.734375,305055.5625,-0.034912109375,0.98876953125,-0.175048828125,-0.2746581733226776,0.5798339247703552,0.5187987685203552,86.66667175292969,92725.0,1.0
316750.25,310395.46875,304477.1875,297290.65625,288850.34375,307070.78125,210795.5625,305065.75,-0.034423828125,0.987060546875,-0.176025390625,-0.4272460639476776,0.5798339247703552,0.5187987685203552,86.66667175292969,92726.0,1.0
316747.5625,310381.96875,304473.96875,297289.3125,288847.6875,307068.90625,210794.578125,305056.53125,-0.033935546875,0.9873046875,-0.17529296875,-0.3662109076976776,0.6103515028953552,0.5187987685203552,86.66667175292969,92727.0,1.0
316747.75,310356.125,304472.4375,297287.96875,288843.75,307066.59375,210793.140625,305042.75,-0.0322265625,0.987548828125,-0.1728515625,-0.3051757514476776,0.4882812201976776,0.4882812201976776,86.66667175292969,92728.0,1.0
316746.9375,310362.03125,304470.1875,297286.96875,288840.96875,307063.0,210790.90625,305046.96875,-0.03271484375,0.987060546875,-0.17431640625,-0.3967284858226776,0.5187987685203552,0.4272460639476776,86.66667175292969,92729.0,1.0
316743.53125,310383.40625,304468.25,297285.28125,288839.1875,307059.59375,210789.03125,305059.40625,-0.031982421875,0.987060546875,-0.175048828125,-0.4577636420726776,0.4577636420726776,0.4272460639476776,86.66667175292969,92730.0,1.0
316739.53125,310373.375,304467.78125,297282.5,288837.5625,307057.8125,210790.28125,305056.09375,-0.0341796875,0.9892578125,-0.17529296875,-0.5187987685203552,0.4272460639476776,0.3967284858226776,86.66667175292969,92731.0,1.0
316744.34375,310351.65625,304474.0625,297285.1875,288844.28125,307065.96875,210798.5,305046.6875,-0.031494140625,0.989013671875,-0.17578125,-0.5187987685203552,0.3662109076976776,0.3967284858226776,86.66667175292969,92732.0,1.0
316740.40625,310346.65625,304470.03125,297284.125,288842.75,307061.9375,210796.8125,305047.78125,-0.03125,0.98681640625,-0.177490234375,-0.5493163466453552,0.4577636420726776,0.4577636420726776,86.66667175292969,92733.0,1.0
316737.09375,310366.875,304465.5625,297283.40625,288840.875,307055.40625,210791.984375,305058.40625,-0.03173828125,0.9853515625,-0.179443359375,-0.6103515028953552,0.3662109076976776,0.4577636420726776,86.66667175292969,92734.0,1.0
316741.59375,310368.46875,304468.40625,297284.90625,288841.15625,307053.34375,210788.9375,305054.375,-0.03271484375,0.98388671875,-0.17626953125,-0.6408690810203552,0.3356933295726776,0.5187987685203552,86.66667175292969,92735.0,1.0
316747.125,310345.75,304472.875,297286.09375,288842.3125,307052.71875,210788.140625,305039.28125,-0.033203125,0.984375,-0.175537109375,-0.6713866591453552,0.2746581733226776,0.5187987685203552,86.66667175292969,92736.0,1.0
316748.90625,310342.71875,304474.59375,297289.84375,288843.1875,307049.25,210785.09375,305038.84375,-0.03271484375,0.982666015625,-0.17822265625,-0.7019042372703552,0.2746581733226776,0.4882812201976776,86.66667175292969,92737.0,1.0
316753.65625,310372.84375,304479.3125,297298.40625,288848.125,307050.5625,210785.0,305052.6875,-0.03173828125,0.98486328125,-0.17724609375,-0.6103515028953552,0.2746581733226776,0.4882812201976776,86.66667175292969,92738.0,1.0
316754.90625,310384.5625,304481.46875,297299.125,288850.1875,307053.25,210785.8125,305055.375,-0.033447265625,0.985595703125,-0.177001953125,-0.7019042372703552,0.3967284858226776,0.4882812201976776,86.66667175292969,92739.0,1.0
316756.0625,310366.59375,304485.40625,297296.8125,288851.4375,307056.9375,210787.953125,305043.9375,-0.03125,0.984619140625,-0.176513671875,-0.7629393935203552,0.3967284858226776,0.4882812201976776,86.66667175292969,92740.0,1.0
316759.0,310361.5,304490.0625,297297.09375,288853.75,307062.28125,210790.8125,305042.125,-0.032958984375,0.985595703125,-0.17626953125,-0.7629393935203552,0.3356933295726776,0.3967284858226776,86.66667175292969,92741.0,1.0
316758.75,310385.0,304490.59375,297298.15625,288855.71875,307065.875,210792.515625,305056.53125,-0.032958984375,0.985595703125,-0.17626953125,-0.7629393935203552,0.2746581733226776,0.5493163466453552,86.66667175292969,92742.0,1.0
316755.53125,310397.71875,304488.53125,297295.90625,288856.34375,307068.8125,210793.859375,305062.34375,-0.0322265625,0.985107421875,-0.178466796875,-0.7629393935203552,0.3356933295726776,0.4577636420726776,86.66667175292969,92743.0,1.0
316747.03125,310371.5,304481.8125,297289.21875,288851.875,307068.0,210793.140625,305048.84375,-0.03173828125,0.9833984375,-0.1748046875,-0.7629393935203552,0.3356933295726776,0.3967284858226776,86.66667175292969,92744.0,1.0
316742.21875,310351.65625,304477.96875,297287.875,288850.96875,307067.9375,210794.484375,305043.375,-0.032958984375,0.982421875,-0.176513671875,-0.7324218153953552,0.3356933295726776,0.4577636420726776,86.66667175292969,92745.0,1.0
316739.34375,310370.78125,304476.09375,297289.84375,288851.34375,307067.28125,210795.828125,305056.53125,-0.03173828125,0.9833984375,-0.177734375,-0.7629393935203552,0.3662109076976776,0.4272460639476776,86.66667175292969,92746.0,1.0
316737.90625,310388.78125,304474.21875,297288.84375,288851.25,307065.96875,210796.546875,305066.28125,-0.0322265625,0.983154296875,-0.17724609375,-0.7934569716453552,0.3967284858226776,0.4577636420726776,86.66667175292969,92747.0,1.0
316737.90625,310371.34375,304472.4375,297287.4375,288850.09375,307063.71875,210796.546875,305056.625,-0.031494140625,0.982421875,-0.17626953125,-0.7934569716453552,0.3356933295726776,0.3967284858226776,86.66667175292969,92748.0,1.0
316742.65625,310351.75,304474.6875,297289.75,288851.6875,307064.53125,210799.3125,305047.59375,-0.031005859375,0.981689453125,-0.177490234375,-0.8544921278953552,0.2746581733226776,0.3967284858226776,86.66667175292969,92749.0,1.0
316745.5,310367.5,304477.4375,297293.9375,288855.09375,307066.65625,210801.8125,305058.21875,-0.02978515625,0.98193359375,-0.177490234375,-0.7324218153953552,0.3662109076976776,0.4272460639476776,86.66667175292969,92750.0,1.0
316747.125,310393.0625,304479.59375,297295.375,288856.0625,307067.375,210802.4375,305071.03125,-0.03076171875,0.982177734375,-0.176513671875,-0.6408690810203552,0.4882812201976776,0.4882812201976776,86.66667175292969,92751.0,1.0
316749.90625,310385.625,304482.90625,297293.5,288856.4375,307069.8125,210803.421875,305062.34375,-0.02978515625,0.984375,-0.177490234375,-0.7934569716453552,0.3967284858226776,0.5493163466453552,86.66667175292969,92752.0,1.0
316751.25,310363.71875,304484.5,297290.5625,288856.0,307073.03125,210804.5,305048.65625,-0.0322265625,0.9833984375,-0.17626953125,-0.7629393935203552,0.5187987685203552,0.5187987685203552,86.66667175292969,92753.0,1.0
316750.0625,310371.96875,304482.90625,297289.3125,288854.375,307072.3125,210801.90625,305051.875,-0.031494140625,0.98291015625,-0.177978515625,-0.7934569716453552,0.5187987685203552,0.5493163466453552,86.66667175292969,92754.0,1.0
316747.375,310394.03125,304479.40625,297289.84375,288850.96875,307069.09375,210798.5,305063.5,-0.030517578125,0.983154296875,-0.174560546875,-0.8544921278953552,0.5493163466453552,0.5187987685203552,86.66667175292969,92755.0,1.0
316743.71875,310384.75,304475.9375,297286.34375,288846.15625,307066.40625,210794.03125,305055.5625,-0.03125,0.985107421875,-0.17626953125,-0.7934569716453552,0.5493163466453552,0.5798339247703552,86.66667175292969,92756.0,1.0
316743.09375,310356.84375,304474.21875,297283.03125,288845.4375,307066.75,210794.65625,305040.8125,-0.030517578125,0.985595703125,-0.1767578125,-0.7934569716453552,0.5187987685203552,0.6103515028953552,86.66667175292969,92757.0,1.0
316741.03125,310355.40625,304470.84375,297281.78125,288844.09375,307064.96875,210793.765625,305042.125,-0.0302734375,0.98583984375,-0.176513671875,-0.8239745497703552,0.6408690810203552,0.5798339247703552,86.66667175292969,92758.0,1.0
316741.03125,310379.75,304469.9375,297284.375,288844.09375,307062.75,210792.0625,305055.71875,-0.029296875,0.986083984375,-0.177001953125,-0.8850097060203552,0.7019042372703552,0.5493163466453552,86.66667175292969,92759.0,1.0
316739.0,310374.375,304467.78125,297282.5,288840.53125,307058.8125,210789.390625,305053.3125,-0.02978515625,0.98828125,-0.177978515625,-0.8544921278953552,0.6713866591453552,0.5798339247703552,86.66667175292969,92760.0,1.0
316739.53125,310343.71875,304467.0625,297280.53125,288837.5625,307055.21875,210789.125,305040.0,-0.029541015625,0.9873046875,-0.178466796875,-0.7629393935203552,0.7324218153953552,0.5493163466453552,86.66667175292969,92761.0,1.0
316743.90625,310335.125,304468.5,297283.59375,288837.21875,307052.28125,210787.421875,305040.0,-0.030029296875,0.988525390625,-0.178955078125,-0.9155272841453552,0.7934569716453552,0.6408690810203552,86.66667175292969,92762.0,1.0
316747.75,310362.5625,304470.90625,297289.03125,288840.34375,307050.75,210786.796875,305056.34375,-0.0302734375,0.988525390625,-0.178955078125,-0.9765624403953552,0.8239745497703552,0.6408690810203552,86.66667175292969,92763.0,1.0
316747.375,310370.625,304471.09375,297289.46875,288841.59375,307050.5,210788.40625,305063.15625,-0.031005859375,0.9873046875,-0.177978515625,-1.0681151151657104,0.7629393935203552,0.5798339247703552,86.66667175292969,92764.0,1.0
316747.21875,310349.6875,304471.53125,297285.46875,288840.53125,307051.21875,210787.15625,305047.3125,-0.030029296875,0.98876953125,-0.178466796875,-1.0986326932907104,0.9460448622703552,0.5798339247703552,86.66667175292969,92765.0,1.0
316752.65625,310346.65625,304478.0625,297286.875,288845.4375,307057.8125,210790.375,305041.0625,-0.029541015625,0.987548828125,-0.178466796875,-1.0375975370407104,0.9460448622703552,0.5187987685203552,86.66667175292969,92766.0,1.0
316759.1875,310378.46875,304486.28125,297294.21875,288855.0,307067.9375,210798.6875,305058.78125,-0.03173828125,0.98828125,-0.1748046875,-1.1901854276657104,0.9155272841453552,0.4882812201976776,86.66667175292969,92767.0,1.0
316759.5625,310399.6875,304488.34375,297298.59375,288860.8125,307075.78125,210804.5,305069.78125,-0.03076171875,0.98828125,-0.173583984375,-1.1901854276657104,0.9765624403953552,0.5493163466453552,86.66667175292969,92768.0,1.0
316754.53125,310378.75,304483.0,297294.75,288858.65625,307076.25,210804.3125,305057.875,-0.030029296875,0.985595703125,-0.174072265625,-1.1901854276657104,0.9765624403953552,0.4882812201976776,86.66667175292969,92769.0,1.0
316750.0625,310356.84375,304477.4375,297290.8125,288853.75,307072.65625,210802.265625,305048.84375,-0.03076171875,0.984375,-0.177734375,-1.2817381620407104,0.9460448622703552,0.5187987685203552,86.66667175292969,92770.0,1.0
316747.9375,310371.6875,304474.40625,297290.90625,288851.6875,307069.71875,210801.015625,305060.03125,-0.031005859375,0.984619140625,-0.176025390625,-1.1901854276657104,1.0375975370407104,0.5187987685203552,86.66667175292969,92771.0,1.0
316753.28125,310395.28125,304478.6875,297295.125,288855.71875,307073.28125,210803.875,305072.1875,-0.030029296875,0.986083984375,-0.1748046875,-1.2207030057907104,1.0986326932907104,0.4272460639476776,86.66667175292969,92772.0,1.0
316754.09375,310381.15625,304481.125,297293.875,288855.0,307073.5625,210803.6875,305060.375,-0.031982421875,0.983642578125,-0.1767578125,-1.2512205839157104,1.0681151151657104,0.4882812201976776,86.66667175292969,92773.0,1.0
316752.03125,310355.40625,304479.78125,297290.28125,288851.25,307070.5,210801.375,305046.53125,-0.03173828125,0.9833984375,-0.17822265625,-1.2817381620407104,1.0070799589157104,0.4882812201976776,86.66667175292969,92774.0,1.0
316751.9375,310367.65625,304479.84375,297293.15625,288851.6875,307068.8125,210800.46875,305053.40625,-0.032958984375,0.982421875,-0.1767578125,-1.2207030057907104,0.9765624403953552,0.5187987685203552,86.66667175292969,92775.0,1.0
316746.40625,310389.3125,304477.0,297293.9375,288851.0625,307067.9375,210800.46875,305064.125,-0.032958984375,0.982177734375,-0.173583984375,-1.1291502714157104,0.9460448622703552,0.5493163466453552,86.66667175292969,92776.0,1.0
316741.5,310379.03125,304475.21875,297290.90625,288850.09375,307067.84375,210801.015625,305057.15625,-0.03271484375,0.98388671875,-0.174560546875,-1.1291502714157104,0.9765624403953552,0.4882812201976776,86.66667175292969,92777.0,1.0
316742.03125,310356.125,304477.1875,297290.375,288850.71875,307068.71875,210800.65625,305047.0625,-0.03369140625,0.984375,-0.171875,-1.1291502714157104,1.0070799589157104,0.5493163466453552,86.66667175292969,92778.0,1.0
316745.78125,310363.8125,304478.6875,297294.3125,288853.21875,307069.25,210801.640625,305055.0,-0.0322265625,0.983154296875,-0.174072265625,-0.9460448622703552,0.9460448622703552,0.5187987685203552,86.66667175292969,92779.0,1.0
316749.1875,310392.0625,304479.15625,297296.8125,288855.4375,307069.96875,210803.328125,305069.59375,-0.033447265625,0.983154296875,-0.17236328125,-0.9460448622703552,0.9460448622703552,0.4577636420726776,86.66667175292969,92780.0,1.0
316749.8125,310388.9375,304477.8125,297291.4375,288853.03125,307067.65625,210799.671875,305063.0625,-0.03125,0.9833984375,-0.172607421875,-0.9460448622703552,0.8544921278953552,0.4272460639476776,86.66667175292969,92781.0,1.0
316750.96875,310362.40625,304477.53125,297285.90625,288851.25,307065.875,210798.234375,305046.34375,-0.03515625,0.982666015625,-0.173583984375,-0.9155272841453552,0.7324218153953552,0.4577636420726776,86.66667175292969,92782.0,1.0
316753.8125,310360.5,304479.5,297287.0625,288851.96875,307065.15625,210799.140625,305049.03125,-0.033935546875,0.9833984375,-0.173095703125,-0.8239745497703552,0.7629393935203552,0.5187987685203552,86.66667175292969,92783.0,1.0
316755.875,310383.125,304481.125,297291.90625,288852.9375,307064.0,210799.3125,305064.75,-0.033203125,0.984130859375,-0.173828125,-0.7934569716453552,0.7019042372703552,0.4882812201976776,86.66667175292969,92784.0,1.0
316754.90625,310381.78125,304480.21875,297291.09375,288850.53125,307061.65625,210799.140625,305063.96875,-0.034423828125,0.983642578125,-0.17431640625,-0.7629393935203552,0.6408690810203552,0.5187987685203552,86.66667175292969,92785.0,1.0
316752.21875,310351.9375,304477.09375,297287.59375,288845.71875,307057.375,210796.546875,305048.5,-0.0341796875,0.982421875,-0.177001953125,-0.7019042372703552,0.6408690810203552,0.4577636420726776,86.66667175292969,92786.0,1.0
316749.34375,310340.65625,304474.9375,297288.21875,288842.75,307054.875,210794.21875,305045.8125,-0.032958984375,0.984375,-0.175048828125,-0.5493163466453552,0.5798339247703552,0.4272460639476776,86.66667175292969,92787.0,1.0
316744.4375,310361.84375,304470.1875,297289.75,288840.25,307053.09375,210792.0625,305057.78125,-0.03271484375,0.98388671875,-0.174072265625,-0.5187987685203552,0.5187987685203552,0.5187987685203552,86.66667175292969,92788.0,1.0
316739.96875,310368.03125,304463.6875,297287.0625,288836.125,307051.375,210788.84375,305057.96875,-0.03125,0.984375,-0.177490234375,-0.4577636420726776,0.4882812201976776,0.4882812201976776,86.66667175292969,92789.0,1.0
316737.75,310344.875,304460.53125,297282.59375,288832.84375,307049.875,210786.53125,305041.0625,-0.032958984375,0.98486328125,-0.174560546875,-0.5798339247703552,0.4272460639476776,0.5187987685203552,86.66667175292969,92790.0,1.0
316740.875,310336.46875,304464.03125,297285.09375,288835.59375,307052.1875,210787.59375,305036.78125,-0.032958984375,0.98388671875,-0.17724609375,-0.4577636420726776,0.3967284858226776,0.4272460639476776,86.66667175292969,92791.0,1.0
316746.40625,310361.9375,304467.25,297292.6875,288840.34375,307054.78125,210790.640625,305052.25,-0.031982421875,0.98583984375,-0.175048828125,-0.4272460639476776,0.3356933295726776,0.5187987685203552,86.66667175292969,92792.0,1.0
316749.90625,310379.75,304470.5625,297297.96875,288845.0,307057.8125,210794.3125,305064.59375,-0.0322265625,0.98583984375,-0.177978515625,-0.4577636420726776,0.3051757514476776,0.5798339247703552,86.66667175292969,92793.0,1.0
316749.34375,310361.5,304472.53125,297294.3125,288845.71875,307058.8125,210793.765625,305054.3125,-0.031494140625,0.98583984375,-0.17919921875,-0.4882812201976776,0.2746581733226776,0.4882812201976776,86.66667175292969,92794.0,1.0
316756.5,310352.90625,304482.09375,297297.53125,288852.59375,307066.59375,210798.5,305050.0,-0.03125,0.984375,-0.178466796875,-0.4272460639476776,0.3662109076976776,0.3967284858226776,86.66667175292969,92795.0,1.0
316758.5625,310372.21875,304485.125,297300.65625,288855.53125,307067.75,210799.21875,305060.5625,-0.031494140625,0.983642578125,-0.18115234375,-0.4272460639476776,0.3662109076976776,0.5187987685203552,86.66667175292969,92796.0,1.0
316758.46875,310394.5,304483.4375,297299.125,288856.15625,307069.34375,210800.03125,305067.4375,-0.031005859375,0.983642578125,-0.178955078125,-0.2746581733226776,0.2441406100988388,0.4272460639476776,86.66667175292969,92797.0,1.0
316757.6875,310382.25,304482.71875,297295.90625,288857.15625,307072.40625,210801.8125,305057.53125,-0.030517578125,0.98583984375,-0.17724609375,-0.2136230319738388,0.2136230319738388,0.3967284858226776,86.66667175292969,92798.0,1.0
316758.3125,310365.0625,304484.96875,297296.1875,288859.65625,307076.25,210804.859375,305049.375,-0.031005859375,0.986572265625,-0.176513671875,-0.1220703050494194,0.2136230319738388,0.3356933295726776,86.66667175292969,92799.0,1.0
316755.15625,310376.59375,304482.375,297293.9375,288858.125,307074.28125,210803.15625,305056.53125,-0.031005859375,0.98779296875,-0.17333984375,-0.2746581733226776,0.2441406100988388,0.3967284858226776,86.66667175292969,92800.0,1.0
316753.8125,310398.875,304479.84375,297295.46875,288857.875,307073.28125,210803.15625,305069.5,-0.0302734375,0.98583984375,-0.17626953125,-0.4272460639476776,0.3967284858226776,0.3967284858226776,86.66667175292969,92801.0,1.0
316756.96875,310392.96875,304482.71875,297299.75,288862.875,307077.9375,210807.890625,305068.6875,-0.02880859375,0.987060546875,-0.177734375,-0.4882812201976776,0.3967284858226776,0.4272460639476776,86.66667175292969,92802.0,1.0
316759.0,310371.5,304485.03125,297300.9375,288864.3125,307078.65625,210808.96875,305056.625,-0.02978515625,0.9853515625,-0.177001953125,-0.5187987685203552,0.4272460639476776,0.3356933295726776,86.66667175292969,92803.0,1.0
316761.78125,310377.0625,304486.46875,297304.3125,288864.3125,307077.40625,210807.890625,305059.21875,-0.03076171875,0.98828125,-0.17578125,-0.4882812201976776,0.4272460639476776,0.2136230319738388,86.66667175292969,92804.0,1.0
316765.71875,310403.4375,304490.3125,297309.59375,288865.8125,307078.21875,210808.875,305071.09375,-0.030029296875,0.986328125,-0.176025390625,-0.5798339247703552,0.4577636420726776,0.1831054538488388,86.66667175292969,92805.0,1.0
316765.625,310399.21875,304490.59375,297308.71875,288864.40625,307077.125,210807.71875,305066.5625,-0.028564453125,0.986083984375,-0.174560546875,-0.4882812201976776,0.3967284858226776,0.1831054538488388,86.66667175292969,92806.0,1.0
316768.03125,310375.25,304492.375,297306.03125,288862.59375,307076.40625,210805.390625,305050.46875,-0.029296875,0.984375,-0.17626953125,-0.5798339247703552,0.4577636420726776,0.2441406100988388,86.66667175292969,92807.0,1.0
316767.0625,310370.96875,304491.03125,297303.96875,288860.09375,307074.90625,210805.21875,305049.65625,-0.028564453125,0.9833984375,-0.179931640625,-0.6713866591453552,0.3662109076976776,0.2441406100988388,86.66667175292969,92808.0,1.0
316765.28125,310395.28125,304488.09375,297302.90625,288857.96875,307072.21875,210802.078125,305060.90625,-0.027587890625,0.98193359375,-0.17724609375,-0.6103515028953552,0.5187987685203552,0.3662109076976776,86.66667175292969,92809.0,1.0
316764.8125,310396.375,304486.03125,297299.9375,288855.09375,307069.875,210798.6875,305059.40625,-0.02783203125,0.981201171875,-0.180908203125,-0.6408690810203552,0.5187987685203552,0.2746581733226776,86.66667175292969,92810.0,1.0
316761.53125,310365.6875,304482.0,297293.3125,288849.625,307065.78125,210796.71875,305041.96875,-0.02978515625,0.98291015625,-0.18115234375,-0.6713866591453552,0.4882812201976776,0.2136230319738388,86.66667175292969,92811.0,1.0
316756.0625,310350.9375,304476.71875,297288.84375,288846.15625,307061.9375,210795.109375,305038.125,-0.028076171875,0.985595703125,-0.182373046875,-0.6713866591453552,0.5798339247703552,0.2746581733226776,86.66667175292969,92812.0,1.0
316754.28125,310370.875,304473.96875,297290.71875,288845.71875,307060.6875,210796.1875,305054.84375,-0.029052734375,0.98388671875,-0.1787109375,-0.6713866591453552,0.5798339247703552,0.3051757514476776,86.66667175292969,92813.0,1.0
316750.875,310376.15625,304468.3125,297288.84375,288842.40625,307057.8125,210795.203125,305059.46875,-0.029052734375,0.986083984375,-0.1748046875,-0.5798339247703552,0.5493163466453552,0.2746581733226776,86.66667175292969,92814.0,1.0
316748.1875,310351.75,304464.125,297284.125,288839.1875,307056.125,210794.578125,305045.4375,-0.028564453125,0.9853515625,-0.177490234375,-0.6103515028953552,0.6103515028953552,0.3662109076976776,86.66667175292969,92815.0,1.0
316745.0625,310336.375,304461.4375,297281.25,288838.03125,307055.84375,210794.3125,305038.65625,-0.028564453125,0.9853515625,-0.18017578125,-0.6408690810203552,0.6408690810203552,0.4272460639476776,86.66667175292969,92816.0,1.0
316747.125,310360.5,304464.9375,297285.71875,288842.5,307059.875,210795.828125,305052.5,-0.03076171875,0.98583984375,-0.178466796875,-0.6713866591453552,0.7324218153953552,0.5493163466453552,86.66667175292969,92817.0,1.0
316753.46875,310383.9375,304473.40625,297291.90625,288849.1875,307066.40625,210799.765625,305062.6875,-0.03173828125,0.9853515625,-0.17822265625,-0.7324218153953552,0.6713866591453552,0.3967284858226776,86.66667175292969,92818.0,1.0
316755.09375,310370.875,304480.3125,297292.625,288852.78125,307070.96875,210802.703125,305052.875,-0.0322265625,0.98681640625,-0.1787109375,-0.7934569716453552,0.7019042372703552,0.3356933295726776,86.66667175292969,92819.0,1.0
316754.71875,310355.875,304482.09375,297293.0625,288852.84375,307072.03125,210802.265625,305042.6875,-0.033935546875,0.987060546875,-0.177978515625,-0.8850097060203552,0.6103515028953552,0.2441406100988388,86.66667175292969,92820.0,1.0
316755.0,310373.84375,304481.65625,297295.5625,288853.75,307072.40625,210803.0625,305052.59375,-0.0361328125,0.987548828125,-0.175537109375,-0.9765624403953552,0.5798339247703552,0.0,86.66667175292969,92821.0,1.0
316753.5625,310393.9375,304480.40625,297295.84375,288856.0,307073.375,210805.390625,305065.21875,-0.0380859375,0.990478515625,-0.17724609375,-1.0986326932907104,0.4272460639476776,-0.1831054538488388,86.66667175292969,92822.0,1.0
316752.40625,310380.0,304480.3125,297292.34375,288856.625,307074.0,210804.765625,305056.34375,-0.0390625,0.992919921875,-0.176513671875,-1.0375975370407104,0.2746581733226776,-0.3051757514476776,86.66667175292969,92823.0,1.0
316756.25,310362.03125,304483.0,297291.96875,288859.125,307077.65625,210805.484375,305044.46875,-0.037841796875,0.993896484375,-0.1767578125,-1.1901854276657104,0.1525878757238388,-0.3356933295726776,86.66667175292969,92824.0,1.0
316762.78125,310379.65625,304487.1875,297296.375,288863.0625,307080.625,210808.515625,305054.46875,-0.036865234375,0.995361328125,-0.173583984375,-1.4648436307907104,0.03051757626235485,-0.2746581733226776,86.66667175292969,92825.0,1.0
316764.90625,310402.34375,304487.5625,297299.0625,288862.875,307077.9375,210808.078125,305068.59375,-0.037353515625,0.9931640625,-0.173095703125,-1.7089842557907104,-0.0915527269244194,-0.3967284858226776,86.66667175292969,92826.0,1.0
316763.40625,310390.1875,304485.59375,297295.28125,288859.03125,307073.46875,210803.6875,305058.5,-0.035888671875,0.9931640625,-0.17431640625,-1.8920897245407104,-0.03051757626235485,-0.3356933295726776,86.66667175292969,92827.0,1.0
316766.15625,310367.75,304488.71875,297295.125,288858.21875,307073.5625,210803.6875,305044.09375,-0.033935546875,0.9931640625,-0.17529296875,-1.9836424589157104,-0.1831054538488388,-0.1831054538488388,86.66667175292969,92828.0,1.0
316769.03125,310375.96875,304493.90625,297301.09375,288862.25,307076.9375,210805.84375,305052.78125,-0.031982421875,0.992431640625,-0.17626953125,-2.014159917831421,-0.1525878757238388,-0.1525878757238388,86.66667175292969,92829.0,1.0
316769.28125,310401.0,304496.125,297304.9375,288863.9375,307075.6875,210804.9375,305066.71875,-0.031494140625,0.99267578125,-0.17724609375,-2.136230230331421,-0.1220703050494194,0.0610351525247097,86.66667175292969,92830.0,1.0
316769.03125,310400.5625,304496.125,297302.8125,288863.78125,307076.0625,210805.578125,305062.34375,-0.029541015625,0.989501953125,-0.1806640625,-2.166747808456421,-0.2136230319738388,0.2746581733226776,86.66667175292969,92831.0,1.0
316767.34375,310376.875,304495.6875,297300.46875,288865.1875,307079.28125,210809.234375,305050.8125,-0.02978515625,0.988037109375,-0.1767578125,-2.166747808456421,-0.1525878757238388,0.4272460639476776,86.66667175292969,92832.0,1.0
316765.90625,310374.625,304495.0625,297302.34375,288867.53125,307081.59375,210813.96875,305056.25,-0.03076171875,0.988037109375,-0.175537109375,-2.227782964706421,-0.2136230319738388,0.4882812201976776,86.66667175292969,92833.0,1.0
316764.28125,310398.34375,304494.34375,297305.75,288869.5625,307082.21875,210815.859375,305072.4375,-0.031005859375,0.986083984375,-0.17431640625,-2.166747808456421,-0.1220703050494194,0.6408690810203552,86.66667175292969,92834.0,1.0
316761.25,310401.0,304490.5,297303.59375,288867.0625,307079.8125,210813.078125,305070.3125,-0.03173828125,0.983642578125,-0.17529296875,-2.136230230331421,-0.0915527269244194,0.7629393935203552,86.66667175292969,92835.0,1.0
316761.25,310374.0,304489.5,297300.46875,288865.28125,307079.1875,210812.984375,305056.96875,-0.033447265625,0.982421875,-0.173095703125,-2.105712652206421,-0.1220703050494194,0.8544921278953552,86.66667175292969,92836.0,1.0
316763.46875,310364.96875,304491.03125,297301.5625,288865.09375,307078.28125,210812.0,305052.40625,-0.032958984375,0.983642578125,-0.1748046875,-2.105712652206421,-0.1220703050494194,1.0681151151657104,86.66667175292969,92837.0,1.0
316763.03125,310386.34375,304488.71875,297304.5,288864.75,307075.78125,210810.484375,305064.03125,-0.033203125,0.982177734375,-0.17822265625,-1.9531248807907104,-0.0610351525247097,1.0375975370407104,86.66667175292969,92838.0,1.0
316760.4375,310394.5625,304484.78125,297304.0625,288862.78125,307075.25,210811.375,305069.125,-0.032958984375,0.982421875,-0.175537109375,-1.9226073026657104,-0.1525878757238388,1.1291502714157104,86.66667175292969,92839.0,1.0
316756.34375,310369.28125,304480.21875,297297.53125,288858.65625,307075.15625,210810.3125,305055.09375,-0.032958984375,0.981201171875,-0.17236328125,-1.9531248807907104,-0.0610351525247097,0.9765624403953552,86.66667175292969,92840.0,1.0
316754.375,310353.8125,304477.53125,297292.78125,288855.71875,307074.71875,210808.703125,305045.28125,-0.032958984375,0.980712890625,-0.171630859375,-1.9531248807907104,-0.03051757626235485,0.8239745497703552,86.66667175292969,92841.0,1.0
316750.4375,310371.96875,304474.21875,297290.8125,288853.21875,307073.09375,210807.265625,305053.40625,-0.031005859375,0.97802734375,-0.173583984375,-1.8005369901657104,-0.03051757626235485,0.8850097060203552,86.66667175292969,92842.0,1.0
316749.53125,310390.1875,304474.84375,297290.1875,288854.03125,307074.0,210808.15625,305061.8125,-0.029052734375,0.976806640625,-0.172607421875,-1.7700194120407104,-0.03051757626235485,0.7629393935203552,86.66667175292969,92843.0,1.0
316749.34375,310373.75,304475.9375,297285.625,288853.75,307075.25,210808.796875,305050.53125,-0.030029296875,0.97607421875,-0.17529296875,-1.6174315214157104,-0.0610351525247097,0.6713866591453552,86.66667175292969,92844.0,1.0
316750.25,310355.15625,304475.75,297282.3125,288851.4375,307073.1875,210805.65625,305039.09375,-0.0283203125,0.97509765625,-0.171875,-1.5258787870407104,0.03051757626235485,0.6408690810203552,86.66667175292969,92845.0,1.0
316753.8125,310374.90625,304477.34375,297286.1875,288852.78125,307071.9375,210803.609375,305047.9375,-0.027099609375,0.978759765625,-0.17236328125,-1.4648436307907104,0.0915527269244194,0.6408690810203552,86.66667175292969,92846.0,1.0
316754.8125,310398.34375,304478.6875,297290.71875,288855.53125,307073.03125,210804.3125,305060.46875,-0.025146484375,0.978271484375,-0.1708984375,-1.2512205839157104,0.2136230319738388,0.5493163466453552,86.66667175292969,92847.0,1.0
316757.21875,310388.9375,304482.0,297293.40625,288858.84375,307075.78125,210807.0,305054.9375,-0.026123046875,0.978759765625,-0.17333984375,-1.0986326932907104,0.3356933295726776,0.4882812201976776,86.66667175292969,92848.0,1.0
316763.03125,310370.4375,304488.34375,297296.90625,288863.59375,307079.09375,210810.21875,305046.875,-0.024658203125,0.980712890625,-0.175537109375,-1.0375975370407104,0.4272460639476776,0.5187987685203552,86.66667175292969,92849.0,1.0
316767.0625,310381.625,304493.09375,297301.90625,288866.71875,307079.8125,210810.390625,305054.46875,-0.024658203125,0.9814453125,-0.175537109375,-1.0681151151657104,0.7019042372703552,0.5493163466453552,86.66667175292969,92850.0,1.0
316771.25,310406.46875,304497.125,297308.53125,288870.5625,307079.375,210810.75,305072.1875,-0.025146484375,0.981689453125,-0.177001953125,-0.9460448622703552,0.7934569716453552,0.4882812201976776,86.66667175292969,92851.0,1.0
316772.59375,310400.9375,304499.96875,297310.40625,288872.4375,307080.0,210812.90625,305071.65625,-0.024658203125,0.982177734375,-0.175048828125,-0.8850097060203552,0.8239745497703552,0.4882812201976776,86.66667175292969,92852.0,1.0
316772.875,310374.90625,304499.71875,297308.875,288871.28125,307079.0,210812.546875,305057.4375,-0.025634765625,0.983154296875,-0.170654296875,-0.8239745497703552,0.9765624403953552,0.4272460639476776,86.66667175292969,92853.0,1.0
316773.0625,310379.28125,304501.21875,297309.875,288872.25,307078.90625,210811.734375,305059.65625,-0.027099609375,0.98291015625,-0.168701171875,-0.7934569716453552,1.0070799589157104,0.4272460639476776,86.66667175292969,92854.0,1.0
316772.875,310405.9375,304501.59375,297311.375,288873.25,307079.09375,210812.0,305072.53125,-0.0283203125,0.9853515625,-0.172607421875,-0.8544921278953552,1.1901854276657104,0.4577636420726776,86.66667175292969,92855.0,1.0
316772.34375,310405.3125,304500.34375,297308.625,288871.09375,307079.28125,210812.546875,305070.40625,-0.02783203125,0.98779296875,-0.174072265625,-0.9155272841453552,1.1596678495407104,0.3967284858226776,86.66667175292969,92856.0,1.0
316772.78125,310379.375,304499.96875,297305.84375,288868.0625,307079.0,210810.9375,305053.84375,-0.02978515625,0.988525390625,-0.175048828125,-0.8544921278953552,1.1291502714157104,0.5187987685203552,86.66667175292969,92857.0,1.0
316771.875,310373.375,304498.8125,297304.5,288865.5625,307077.3125,210809.6875,305049.375,-0.029541015625,0.98876953125,-0.17431640625,-0.8239745497703552,1.2817381620407104,0.4272460639476776,86.66667175292969,92858.0,1.0
316771.875,310394.125,304496.21875,297306.03125,288865.71875,307075.34375,210809.5,305061.53125,-0.03271484375,0.987060546875,-0.1728515625,-0.8850097060203552,1.3427733182907104,0.4272460639476776,86.66667175292969,92859.0,1.0
316775.09375,310398.875,304497.125,297310.65625,288869.9375,307078.5625,210814.328125,305068.0625,-0.03125,0.9873046875,-0.171630859375,-0.8239745497703552,1.3427733182907104,0.3967284858226776,86.66667175292969,92860.0,1.0
316772.4375,310369.1875,304494.53125,297308.71875,288866.4375,307075.96875,210812.546875,305052.40625,-0.02978515625,0.988037109375,-0.174072265625,-0.8239745497703552,1.4038084745407104,0.4272460639476776,86.66667175292969,92861.0,1.0
316772.59375,310359.4375,304494.34375,297307.1875,288866.09375,307075.96875,210812.984375,305049.375,-0.0302734375,0.98681640625,-0.172119140625,-0.8239745497703552,1.2512205839157104,0.4577636420726776,86.66667175292969,92862.0,1.0
316770.625,310384.46875,304494.53125,297307.09375,288867.53125,307076.0625,210812.71875,305063.59375,-0.029052734375,0.988037109375,-0.173583984375,-0.8544921278953552,1.3732908964157104,0.5187987685203552,86.66667175292969,92863.0,1.0
316766.0625,310394.75,304492.375,297302.90625,288864.46875,307074.1875,210810.578125,305067.1875,-0.028564453125,0.9892578125,-0.171630859375,-0.8850097060203552,1.4038084745407104,0.5493163466453552,86.66667175292969,92864.0,1.0
316766.0,310374.90625,304493.34375,297299.21875,288863.59375,307075.53125,210811.46875,305053.40625,-0.03173828125,0.990966796875,-0.172607421875,-0.9155272841453552,1.3427733182907104,0.5798339247703552,86.66667175292969,92865.0,1.0
316765.28125,310361.0625,304494.625,297298.34375,288864.21875,307074.90625,210810.21875,305045.09375,-0.031982421875,0.989013671875,-0.173583984375,-0.9765624403953552,1.3427733182907104,0.5798339247703552,86.66667175292969,92866.0,1.0
316766.625,310382.25,304497.03125,297302.625,288866.375,307075.0625,210810.84375,305058.0625,-0.032470703125,0.988037109375,-0.173828125,-0.9155272841453552,1.3122557401657104,0.5798339247703552,86.66667175292969,92867.0,1.0
316765.0,310398.0625,304496.75,297303.15625,288865.375,307073.5625,210811.296875,305065.84375,-0.032958984375,0.989990234375,-0.17236328125,-0.9155272841453552,1.2512205839157104,0.6713866591453552,86.66667175292969,92868.0,1.0
316760.90625,310377.9375,304492.375,297299.0625,288861.875,307072.3125,210810.046875,305053.40625,-0.035888671875,0.987548828125,-0.173095703125,-0.8850097060203552,1.2207030057907104,0.6408690810203552,86.66667175292969,92869.0,1.0
316759.46875,310357.90625,304488.71875,297297.09375,288859.84375,307072.21875,210809.0625,305043.84375,-0.035400390625,0.98681640625,-0.17236328125,-0.7934569716453552,1.0681151151657104,0.5493163466453552,86.66667175292969,92870.0,1.0
316757.40625,310372.125,304485.125,297297.34375,288859.84375,307072.125,210809.5,305055.90625,-0.033203125,0.9873046875,-0.170654296875,-0.8544921278953552,1.0986326932907104,0.6103515028953552,86.66667175292969,92871.0,1.0
316758.125,310396.625,304484.875,297298.96875,288861.625,307073.71875,210810.484375,305069.84375,-0.0341796875,0.98681640625,-0.172607421875,-0.9155272841453552,1.0375975370407104,0.4882812201976776,86.66667175292969,92872.0,1.0
316757.40625,310384.21875,304484.25,297294.65625,288861.25,307075.78125,210812.09375,305060.90625,-0.0341796875,0.986572265625,-0.17333984375,-1.0070799589157104,0.9155272841453552,0.4272460639476776,86.66667175292969,92873.0,1.0
316755.4375,310361.40625,304484.25,297288.59375,288860.46875,307075.0,210811.296875,305045.71875,-0.03466796875,0.986083984375,-0.172607421875,-0.9155272841453552,0.8544921278953552,0.4577636420726776,86.66667175292969,92874.0,1.0
316759.46875,310374.46875,304489.6875,297293.40625,288865.28125,307077.9375,210814.25,305054.5625,-0.033935546875,0.986328125,-0.177490234375,-0.9765624403953552,0.6713866591453552,0.4577636420726776,86.66667175292969,92875.0,1.0
316764.65625,310403.25,304496.40625,297298.96875,288870.28125,307080.34375,210816.03125,305069.9375,-0.034423828125,0.986572265625,-0.172119140625,-0.9155272841453552,0.6103515028953552,0.3967284858226776,86.66667175292969,92876.0,1.0
316768.125,310399.21875,304501.5,297301.8125,288873.59375,307081.875,210817.109375,305065.21875,-0.033203125,0.98583984375,-0.17919921875,-0.8850097060203552,0.5493163466453552,0.3356933295726776,86.66667175292969,92877.0,1.0
316767.6875,310373.9375,304503.09375,297302.28125,288872.34375,307079.375,210814.0625,305050.28125,-0.0341796875,0.98486328125,-0.177734375,-0.8239745497703552,0.5798339247703552,0.2441406100988388,86.66667175292969,92878.0,1.0
316768.65625,310377.5,304503.90625,297306.90625,288873.15625,307079.71875,210814.328125,305054.46875,-0.03271484375,0.985595703125,-0.174560546875,-0.8850097060203552,0.5798339247703552,0.1831054538488388,86.66667175292969,92879.0,1.0
316766.96875,310400.3125,304501.0625,297310.84375,288874.21875,307079.28125,210814.78125,305068.96875,-0.0322265625,0.9853515625,-0.17333984375,-0.8239745497703552,0.4577636420726776,0.2746581733226776,86.66667175292969,92880.0,1.0
316765.53125,310397.0,304497.5625,297309.5,288871.8125,307078.28125,210813.53125,305064.75,-0.031982421875,0.9853515625,-0.1708984375,-0.6713866591453552,0.4882812201976776,0.3967284858226776,86.66667175292969,92881.0,1.0
316767.5,310371.0625,304496.3125,297307.0,288870.125,307079.53125,210814.59375,305052.78125,-0.03271484375,0.98583984375,-0.17333984375,-0.7934569716453552,0.4882812201976776,0.3662109076976776,86.66667175292969,92882.0,1.0
316768.75,310365.96875,304495.25,297305.75,288868.5,307079.625,210814.421875,305054.375,-0.031982421875,0.9833984375,-0.173095703125,-0.7934569716453552,0.4272460639476776,0.4882812201976776,86.66667175292969,92883.0,1.0
316768.75,310390.375,304492.65625,297307.90625,288867.96875,307078.65625,210814.421875,305069.125,-0.032470703125,0.98193359375,-0.174560546875,-0.7629393935203552,0.3967284858226776,0.4577636420726776,86.66667175292969,92884.0,1.0
316765.8125,310392.53125,304488.8125,297305.3125,288865.28125,307076.0625,210812.453125,305069.84375,-0.031982421875,0.980224609375,-0.176513671875,-0.7629393935203552,0.3967284858226776,0.4577636420726776,86.66667175292969,92885.0,1.0
316764.75,310366.59375,304488.71875,297301.71875,288863.15625,307075.0625,210811.921875,305054.21875,-0.03271484375,0.978271484375,-0.17431640625,-0.5798339247703552,0.3967284858226776,0.5187987685203552,86.66667175292969,92886.0,1.0
316765.1875,310358.1875,304490.59375,297300.84375,288863.0625,307075.15625,210812.546875,305050.90625,-0.0302734375,0.97705078125,-0.17333984375,-0.4577636420726776,0.3356933295726776,0.4882812201976776,86.66667175292969,92887.0,1.0
316765.8125,310384.84375,304491.65625,297303.59375,288866.4375,307077.125,210813.078125,305063.875,-0.030517578125,0.98095703125,-0.1708984375,-0.3356933295726776,0.3356933295726776,0.5187987685203552,86.66667175292969,92888.0,1.0
316768.21875,310401.46875,304494.0625,297306.28125,288869.75,307080.15625,210814.515625,305070.125,-0.029296875,0.981201171875,-0.169677734375,-0.3051757514476776,0.3356933295726776,0.5798339247703552,86.66667175292969,92889.0,1.0
316770.46875,310383.40625,304494.78125,297304.9375,288870.21875,307083.75,210817.46875,305060.28125,-0.026611328125,0.9794921875,-0.171630859375,-0.2441406100988388,0.3356933295726776,0.6103515028953552,86.66667175292969,92890.0,1.0
316767.25,310366.25,304490.9375,297302.4375,288868.0625,307083.75,210817.546875,305053.75,-0.026611328125,0.9775390625,-0.173828125,-0.2441406100988388,0.3967284858226776,0.6408690810203552,86.66667175292969,92891.0,1.0
316765.625,310383.40625,304487.1875,297302.96875,288866.375,307081.34375,210815.40625,305063.875,-0.026123046875,0.979248046875,-0.1748046875,-0.0610351525247097,0.4577636420726776,0.7324218153953552,86.66667175292969,92892.0,1.0
316766.625,310401.90625,304486.375,297302.625,288866.375,307080.4375,210814.875,305070.40625,-0.028076171875,0.976318359375,-0.177001953125,0.03051757626235485,0.5493163466453552,0.7934569716453552,86.66667175292969,92893.0,1.0
316767.0625,310386.09375,304487.625,297299.125,288866.0,307082.75,210817.109375,305060.65625,-0.02880859375,0.980224609375,-0.17578125,0.0610351525247097,0.5798339247703552,0.7629393935203552,86.66667175292969,92894.0,1.0
316766.96875,310368.46875,304489.34375,297296.46875,288866.09375,307085.71875,210819.15625,305050.46875,-0.029541015625,0.98291015625,-0.1767578125,0.0915527269244194,0.6408690810203552,0.6713866591453552,86.66667175292969,92895.0,1.0
316767.0625,310381.96875,304491.65625,297296.90625,288867.0,307085.8125,210818.625,305057.53125,-0.031494140625,0.98291015625,-0.177001953125,0.0915527269244194,0.7019042372703552,0.5798339247703552,86.66667175292969,92896.0,1.0
316767.40625,310403.96875,304493.71875,297297.78125,288867.15625,307085.8125,210817.546875,305066.28125,-0.032470703125,0.984375,-0.175048828125,0.2136230319738388,0.6408690810203552,0.3662109076976776,86.66667175292969,92897.0,1.0
316769.28125,310392.4375,304496.40625,297298.40625,288867.15625,307085.4375,210817.546875,305057.6875,-0.03271484375,0.985595703125,-0.173095703125,0.1831054538488388,0.4577636420726776,0.1525878757238388,86.66667175292969,92898.0,1.0
316770.8125,310368.8125,304496.9375,297297.25,288865.375,307083.75,210815.671875,305044.375,-0.033935546875,0.98583984375,-0.175537109375,0.0915527269244194,0.4272460639476776,0.03051757626235485,86.66667175292969,92899.0,1.0
316770.09375,310375.96875,304496.40625,297298.40625,288864.46875,307081.78125,210814.875,305050.90625,-0.0322265625,0.986328125,-0.173583984375,-0.03051757626235485,0.4272460639476776,-0.1220703050494194,86.66667175292969,92900.0,1.0
316766.78125,310399.6875,304493.53125,297299.84375,288863.59375,307079.71875,210813.265625,305061.4375,-0.030517578125,0.990234375,-0.173828125,-0.2136230319738388,0.4272460639476776,-0.2136230319738388,86.66667175292969,92901.0,1.0
316761.15625,310391.34375,304486.5625,297296.53125,288859.75,307076.9375,210811.65625,305054.03125,-0.0302734375,0.9892578125,-0.175537109375,-0.1220703050494194,0.3967284858226776,-0.1831054538488388,86.66667175292969,92902.0,1.0
316755.0,310361.21875,304478.6875,297290.65625,288855.28125,307074.1875,210810.390625,305038.75,-0.029052734375,0.98974609375,-0.17333984375,-0.2746581733226776,0.4272460639476776,-0.2136230319738388,86.66667175292969,92903.0,1.0
316755.15625,310363.5625,304478.15625,297292.34375,288856.34375,307075.6875,210812.453125,305044.8125,-0.028076171875,0.990234375,-0.172607421875,-0.4272460639476776,0.5187987685203552,-0.2746581733226776,86.66667175292969,92904.0,1.0
316757.3125,310390.46875,304480.65625,297297.25,288859.5625,307078.84375,210814.875,305062.34375,-0.0283203125,0.990234375,-0.175048828125,-0.5187987685203552,0.6408690810203552,-0.2441406100988388,86.66667175292969,92905.0,1.0
316753.375,310387.15625,304478.0625,297292.96875,288855.8125,307073.5625,210809.953125,305058.3125,-0.027587890625,0.99072265625,-0.17578125,-0.4577636420726776,0.6713866591453552,-0.1831054538488388,86.66667175292969,92906.0,1.0
316753.8125,310361.0625,304480.40625,297292.15625,288855.90625,307072.125,210810.125,305044.1875,-0.0283203125,0.9892578125,-0.17578125,-0.6713866591453552,0.8239745497703552,-0.0610351525247097,86.66667175292969,92907.0,1.0
316753.75,310355.15625,304480.84375,297293.5,288855.71875,307070.34375,210808.15625,305043.9375,-0.02783203125,0.9892578125,-0.1767578125,-0.7324218153953552,0.8239745497703552,0.1220703050494194,86.66667175292969,92908.0,1.0
316754.53125,310380.71875,304481.90625,297297.53125,288857.59375,307070.5,210808.34375,305060.5625,-0.0302734375,0.98828125,-0.178466796875,-0.8239745497703552,0.8239745497703552,0.1220703050494194,86.66667175292969,92909.0,1.0
316756.15625,310390.71875,304483.15625,297299.125,288859.21875,307071.0625,210809.234375,305065.03125,-0.031005859375,0.989501953125,-0.17724609375,-0.7934569716453552,0.8239745497703552,0.1525878757238388,86.66667175292969,92910.0,1.0
316755.875,310367.3125,304482.375,297296.90625,288858.75,307071.40625,210809.0625,305051.15625,-0.030517578125,0.989990234375,-0.178955078125,-0.8239745497703552,0.8850097060203552,0.2136230319738388,86.66667175292969,92911.0,1.0
316757.03125,310359.875,304483.15625,297298.875,288860.8125,307074.0,210810.390625,305047.78125,-0.0302734375,0.990234375,-0.178466796875,-1.0681151151657104,0.8544921278953552,0.3662109076976776,86.66667175292969,92912.0,1.0
316757.59375,310384.03125,304483.4375,297302.90625,288862.6875,307075.34375,210812.8125,305062.875,-0.030517578125,0.98876953125,-0.175537109375,-1.0070799589157104,0.8544921278953552,0.4272460639476776,86.66667175292969,92913.0,1.0
316757.40625,310393.875,304482.0,297303.78125,288861.1875,307074.0,210812.984375,305069.59375,-0.03125,0.98876953125,-0.1767578125,-1.1596678495407104,0.8544921278953552,0.4577636420726776,86.66667175292969,92914.0,1.0
316757.21875,310370.0,304479.3125,297301.0,288857.96875,307071.59375,210810.484375,305056.34375,-0.0322265625,0.986328125,-0.177001953125,-1.2512205839157104,0.8544921278953552,0.5187987685203552,86.66667175292969,92915.0,1.0
316755.78125,310349.78125,304476.71875,297299.0625,288854.28125,307067.03125,210806.546875,305046.53125,-0.0322265625,0.985595703125,-0.1767578125,-1.2207030057907104,0.7934569716453552,0.3967284858226776,86.66667175292969,92916.0,1.0
316758.9375,310371.78125,304480.40625,297301.5625,288857.25,307070.0625,210809.6875,305061.4375,-0.0341796875,0.985107421875,-0.1748046875,-1.2512205839157104,0.7019042372703552,0.3356933295726776,86.66667175292969,92917.0,1.0
316762.0625,310394.65625,304482.53125,297302.4375,288859.03125,307072.75,210811.734375,305072.1875,-0.034912109375,0.9833984375,-0.1748046875,-1.1596678495407104,0.8239745497703552,0.4577636420726776,86.66667175292969,92918.0,1.0
316761.25,310379.8125,304483.0,297297.4375,288856.4375,307071.78125,210809.421875,305058.0625,-0.03564453125,0.98291015625,-0.17578125,-1.1901854276657104,0.7019042372703552,0.4577636420726776,86.66667175292969,92919.0,1.0
316760.71875,310359.4375,304484.40625,297294.65625,288854.75,307071.3125,210806.46875,305042.84375,-0.033935546875,0.983154296875,-0.17431640625,-1.0986326932907104,0.6713866591453552,0.3356933295726776,86.66667175292969,92920.0,1.0
316759.625,310374.46875,304485.03125,297296.71875,288856.78125,307072.84375,210809.421875,305051.96875,-0.032470703125,0.983642578125,-0.173583984375,-0.9765624403953552,0.5798339247703552,0.3662109076976776,86.66667175292969,92921.0,1.0
316757.21875,310397.78125,304485.65625,297298.96875,288859.84375,307075.0625,210813.078125,305066.90625,-0.034423828125,0.9833984375,-0.17236328125,-1.1291502714157104,0.5493163466453552,0.3662109076976776,86.66667175292969,92922.0,1.0
316755.53125,310384.375,304484.6875,297296.625,288858.21875,307074.09375,210811.109375,305057.4375,-0.036376953125,0.984375,-0.173583984375,-1.0375975370407104,0.4577636420726776,0.2441406100988388,86.66667175292969,92923.0,1.0
316754.375,310358.375,304482.4375,297293.6875,288855.4375,307071.9375,210809.5,305044.09375,-0.033935546875,0.983154296875,-0.1728515625,-0.9765624403953552,0.5187987685203552,0.1525878757238388,86.66667175292969,92924.0,1.0
316757.5,310366.15625,304482.4375,297297.71875,288857.78125,307073.71875,210812.09375,305051.53125,-0.033935546875,0.982421875,-0.173095703125,-1.0986326932907104,0.4577636420726776,0.1831054538488388,86.66667175292969,92925.0,1.0
316756.59375,310387.5,304476.90625,297299.125,288855.4375,307069.96875,210809.953125,305062.6875,-0.0341796875,0.9814453125,-0.17236328125,-1.1291502714157104,0.5187987685203552,0.2136230319738388,86.66667175292969,92926.0,1.0
316758.03125,310381.78125,304474.5,297296.8125,288852.21875,307066.59375,210808.15625,305056.90625,-0.033447265625,0.981689453125,-0.172607421875,-1.1291502714157104,0.3662109076976776,0.1831054538488388,86.66667175292969,92927.0,1.0
316760.53125,310356.3125,304477.1875,297293.78125,288851.4375,307065.59375,210806.546875,305041.5,-0.03369140625,0.98291015625,-0.174560546875,-1.0070799589157104,0.3051757514476776,0.1831054538488388,86.66667175292969,92928.0,1.0
316764.65625,310360.59375,304483.875,297297.78125,288855.71875,307068.46875,210808.078125,305044.375,-0.031982421875,0.982666015625,-0.17431640625,-1.0070799589157104,0.2136230319738388,0.1831054538488388,86.66667175292969,92929.0,1.0
316763.75,310387.15625,304486.125,297299.3125,288856.34375,307068.5625,210806.109375,305055.90625,-0.03173828125,0.98291015625,-0.1728515625,-0.9460448622703552,0.2136230319738388,0.1831054538488388,86.66667175292969,92930.0,1.0
316759.0,310389.03125,304484.25,297293.78125,288852.78125,307066.84375,210802.796875,305052.59375,-0.02978515625,0.98291015625,-0.174560546875,-0.9765624403953552,0.2441406100988388,0.1831054538488388,86.66667175292969,92931.0,1.0
316757.75,310364.625,304483.53125,297286.625,288850.34375,307065.96875,210801.1875,305035.625,-0.03076171875,0.981201171875,-0.17431640625,-0.8544921278953552,0.2136230319738388,0.2441406100988388,86.66667175292969,92932.0,1.0
316759.46875,310359.25,304485.75,297285.71875,288851.96875,307066.5,210801.640625,305035.96875,-0.0322265625,0.98291015625,-0.175048828125,-0.7324218153953552,0.3051757514476776,0.3051757514476776,86.66667175292969,92933.0,1.0
316759.625,310382.6875,304486.75,297288.9375,288855.625,307067.65625,210805.578125,305056.25,-0.029296875,0.983642578125,-0.174072265625,-0.6408690810203552,0.3356933295726776,0.3356933295726776,86.66667175292969,92934.0,1.0
316762.78125,310393.59375,304488.625,297290.1875,288858.5,307070.34375,210808.96875,305062.96875,-0.0302734375,0.984375,-0.173828125,-0.6713866591453552,0.3662109076976776,0.3967284858226776,86.66667175292969,92935.0,1.0
316763.46875,310371.78125,304488.875,297289.21875,288860.375,307073.1875,210812.359375,305052.96875,-0.032958984375,0.984619140625,-0.173583984375,-0.7324218153953552,0.3356933295726776,0.4272460639476776,86.66667175292969,92936.0,1.0
316762.59375,310357.21875,304485.65625,297290.1875,288859.375,307072.40625,210812.640625,305048.9375,-0.031982421875,0.98583984375,-0.1748046875,-0.5493163466453552,0.2441406100988388,0.4272460639476776,86.66667175292969,92937.0,1.0
316759.71875,310376.0625,304480.03125,297293.875,288857.78125,307070.78125,210812.546875,305061.8125,-0.03125,0.98486328125,-0.175537109375,-0.5493163466453552,0.3051757514476776,0.5187987685203552,86.66667175292969,92938.0,1.0
316759.46875,310391.34375,304478.78125,297297.625,288858.125,307072.40625,210814.328125,305069.40625,-0.033203125,0.987548828125,-0.176513671875,-0.5187987685203552,0.2746581733226776,0.5187987685203552,86.66667175292969,92939.0,1.0
316763.65625,310372.84375,304482.71875,297299.21875,288857.96875,307074.1875,210814.953125,305058.3125,-0.033447265625,0.990234375,-0.1748046875,-0.5798339247703552,0.2746581733226776,0.5798339247703552,86.66667175292969,92940.0,1.0
316768.59375,310358.625,304488.71875,297301.375,288858.65625,307073.5625,210814.15625,305049.5625,-0.032958984375,0.989501953125,-0.17431640625,-0.6408690810203552,0.3051757514476776,0.7019042372703552,86.66667175292969,92941.0,1.0
316770.09375,310377.59375,304492.375,297301.71875,288859.9375,307072.40625,210811.375,305056.4375,-0.03271484375,0.990234375,-0.173583984375,-0.7019042372703552,0.2746581733226776,0.7324218153953552,86.66667175292969,92942.0,1.0
316769.75,310399.3125,304494.0625,297300.5625,288860.46875,307073.28125,210809.59375,305062.6875,-0.032958984375,0.98974609375,-0.173095703125,-0.7324218153953552,0.2746581733226776,0.7324218153953552,86.66667175292969,92943.0,1.0
316771.4375,310387.34375,304496.125,297298.40625,288860.8125,307075.0625,210808.515625,305049.90625,-0.033203125,0.988525390625,-0.173583984375,-0.7934569716453552,0.2746581733226776,0.6408690810203552,86.66667175292969,92944.0,1.0
316773.84375,310367.3125,304497.75,297298.78125,288863.0625,307078.21875,210810.84375,305039.53125,-0.032958984375,0.98779296875,-0.175537109375,-0.8544921278953552,0.3356933295726776,0.6103515028953552,86.66667175292969,92945.0,1.0
316775.28125,310378.84375,304498.375,297301.8125,288864.9375,307078.375,210811.5625,305047.875,-0.033447265625,0.98828125,-0.1728515625,-0.8239745497703552,0.3967284858226776,0.5493163466453552,86.66667175292969,92946.0,1.0
316771.8125,310400.21875,304496.125,297303.96875,288865.5625,307077.3125,210811.828125,305061.71875,-0.032470703125,0.98779296875,-0.17626953125,-0.8850097060203552,0.3662109076976776,0.6408690810203552,86.66667175292969,92947.0,1.0
316767.34375,310386.8125,304493.625,297301.375,288864.5625,307076.0625,210812.984375,305056.09375,-0.031982421875,0.986572265625,-0.177001953125,-0.8239745497703552,0.2746581733226776,0.6103515028953552,86.66667175292969,92948.0,1.0
316762.78125,310360.4375,304490.84375,297299.3125,288863.40625,307075.0,210812.90625,305045.8125,-0.030029296875,0.98681640625,-0.178466796875,-0.8544921278953552,0.2746581733226776,0.5798339247703552,86.66667175292969,92949.0,1.0
316764.46875,310369.28125,304490.5,297303.53125,288865.28125,307078.21875,210816.75,305056.8125,-0.031494140625,0.987548828125,-0.174560546875,-0.8239745497703552,0.3662109076976776,0.6103515028953552,86.66667175292969,92950.0,1.0
316764.03125,310391.0,304488.625,297303.78125,288862.59375,307075.25,210814.421875,305069.59375,-0.03125,0.986083984375,-0.17333984375,-0.8850097060203552,0.3356933295726776,0.5798339247703552,86.66667175292969,92951.0,1.0
316763.65625,310387.6875,304488.71875,297302.71875,288860.09375,307073.28125,210812.984375,305065.84375,-0.031005859375,0.984130859375,-0.173828125,-0.8850097060203552,0.3967284858226776,0.6103515028953552,86.66667175292969,92952.0,1.0
316762.5,310362.21875,304488.71875,297299.75,288856.0,307071.84375,210812.0,305051.71875,-0.03076171875,0.984375,-0.17626953125,-0.9155272841453552,0.3967284858226776,0.5493163466453552,86.66667175292969,92953.0,1.0
316763.84375,310363.65625,304490.125,297298.875,288855.1875,307072.21875,210810.9375,305050.71875,-0.029052734375,0.984375,-0.17626953125,-0.9155272841453552,0.3662109076976776,0.6103515028953552,86.66667175292969,92954.0,1.0
316764.5625,310390.09375,304490.9375,297299.0625,288855.09375,307072.125,210809.421875,305062.25,-0.0302734375,0.984619140625,-0.177734375,-0.8544921278953552,0.4272460639476776,0.6713866591453552,86.66667175292969,92955.0,1.0
316765.53125,310394.75,304492.71875,297297.25,288856.15625,307072.84375,210809.421875,305057.875,-0.029541015625,0.984130859375,-0.179443359375,-0.7934569716453552,0.4577636420726776,0.7629393935203552,86.66667175292969,92956.0,1.0
316765.625,310371.25,304494.53125,297294.65625,288858.65625,307074.375,210809.0625,305040.96875,-0.03076171875,0.98486328125,-0.176513671875,-0.7629393935203552,0.5493163466453552,0.7019042372703552,86.66667175292969,92957.0,1.0
316761.6875,310362.75,304493.0,297295.125,288859.28125,307072.65625,210806.90625,305036.3125,-0.0322265625,0.985107421875,-0.17431640625,-0.7019042372703552,0.5187987685203552,0.6713866591453552,86.66667175292969,92958.0,1.0
316763.125,310389.46875,304492.8125,297301.375,288864.46875,307074.8125,210810.75,305053.40625,-0.02978515625,0.9833984375,-0.176513671875,-0.6713866591453552,0.5798339247703552,0.6408690810203552,86.66667175292969,92959.0,1.0
316766.34375,310404.59375,304494.4375,297305.84375,288870.28125,307081.5,210817.46875,305060.03125,-0.030029296875,0.983642578125,-0.17724609375,-0.6103515028953552,0.6103515028953552,0.6408690810203552,86.66667175292969,92960.0,1.0
316760.8125,310379.1875,304489.0625,297300.9375,288867.6875,307080.875,210818.53125,305048.125,-0.0302734375,0.98193359375,-0.175537109375,-0.5493163466453552,0.7019042372703552,0.6713866591453552,86.66667175292969,92961.0,1.0
316755.0,310361.6875,304482.09375,297296.46875,288863.40625,307078.46875,210817.46875,305044.90625,-0.030517578125,0.982666015625,-0.175048828125,-0.6408690810203552,0.7019042372703552,0.5798339247703552,86.66667175292969,92962.0,1.0
316756.25,310384.28125,304481.375,297301.09375,288864.9375,307080.4375,210820.59375,305062.6875,-0.028564453125,0.98193359375,-0.173828125,-0.4882812201976776,0.7019042372703552,0.5493163466453552,86.66667175292969,92963.0,1.0
316760.90625,310401.90625,304483.875,297304.21875,288867.15625,307083.3125,210824.96875,305073.53125,-0.03076171875,0.98095703125,-0.173828125,-0.4577636420726776,0.7019042372703552,0.4882812201976776,86.66667175292969,92964.0,1.0
316760.96875,310380.0,304484.875,297300.21875,288862.78125,307079.71875,210820.859375,305059.5625,-0.030029296875,0.98095703125,-0.176025390625,-0.3662109076976776,0.6408690810203552,0.5493163466453552,86.66667175292969,92965.0,1.0
316762.78125,310360.5,304489.25,297299.3125,288861.34375,307076.875,210817.640625,305049.375,-0.030517578125,0.983154296875,-0.17919921875,-0.2441406100988388,0.7629393935203552,0.5493163466453552,86.66667175292969,92966.0,1.0
316764.8125,310378.40625,304492.90625,297301.46875,288861.8125,307074.4375,210815.046875,305058.6875,-0.031494140625,0.982421875,-0.17724609375,-0.2136230319738388,0.8239745497703552,0.4882812201976776,86.66667175292969,92967.0,1.0
316764.8125,310397.15625,304492.28125,297300.03125,288859.03125,307070.34375,210810.84375,305065.21875,-0.031005859375,0.98193359375,-0.175048828125,-0.2746581733226776,0.7934569716453552,0.4272460639476776,86.66667175292969,92968.0,1.0
316761.25,310376.15625,304485.9375,297293.3125,288851.875,307065.25,210805.84375,305051.34375,-0.030517578125,0.98291015625,-0.17529296875,-0.1831054538488388,0.8544921278953552,0.5187987685203552,86.66667175292969,92969.0,1.0
316761.4375,310352.75,304480.5625,297290.5625,288848.375,307062.375,210804.40625,305038.375,-0.03271484375,0.984130859375,-0.173583984375,-0.0915527269244194,0.8544921278953552,0.5493163466453552,86.66667175292969,92970.0,1.0
316759.375,310361.5,304475.75,297290.8125,288846.96875,307061.84375,210804.046875,305045.1875,-0.03271484375,0.986328125,-0.173583984375,0.03051757626235485,0.8850097060203552,0.6408690810203552,86.66667175292969,92971.0,1.0
316756.0625,310382.5,304473.34375,297290.5625,288847.0625,307062.28125,210804.3125,305056.0,-0.0302734375,0.987548828125,-0.175048828125,-0.0610351525247097,0.8239745497703552,0.7019042372703552,86.66667175292969,92972.0,1.0
316754.53125,310373.9375,304473.15625,297288.0625,288846.96875,307062.375,210803.78125,305048.40625,-0.0302734375,0.986328125,-0.17333984375,0.0,0.8850097060203552,0.5798339247703552,86.66667175292969,92973.0,1.0
316756.0625,310350.9375,304475.03125,297287.0625,288849.0,307062.90625,210803.875,305035.15625,-0.02880859375,0.9853515625,-0.173828125,-0.03051757626235485,0.9155272841453552,0.5798339247703552,86.66667175292969,92974.0,1.0
316758.03125,310358.09375,304477.8125,297289.46875,288853.75,307064.71875,210805.84375,305041.4375,-0.0283203125,0.98681640625,-0.177001953125,0.0610351525247097,0.8544921278953552,0.6408690810203552,86.66667175292969,92975.0,1.0
316756.96875,310386.0,304479.78125,297291.53125,288857.6875,307069.25,210809.765625,305057.34375,-0.029296875,0.985595703125,-0.173828125,0.03051757626235485,0.8850097060203552,0.6103515028953552,86.66667175292969,92976.0,1.0
316757.21875,310386.71875,304483.0,297291.90625,288861.25,307073.65625,210813.96875,305055.90625,-0.0283203125,0.98486328125,-0.174072265625,0.03051757626235485,0.9765624403953552,0.6103515028953552,86.66667175292969,92977.0,1.0
316757.03125,310365.0625,304486.03125,297293.5,288863.3125,307077.5,210818.4375,305047.0625,-0.02783203125,0.985595703125,-0.1728515625,-0.0610351525247097,1.0375975370407104,0.5493163466453552,86.66667175292969,92978.0,1.0
316757.03125,310364.34375,304487.0,297296.09375,288862.96875,307077.3125,210819.078125,305051.09375,-0.029296875,0.983642578125,-0.175537109375,-0.0610351525247097,1.0681151151657104,0.5798339247703552,86.66667175292969,92979.0,1.0
316758.5625,310387.78125,304486.28125,297299.6875,288861.71875,307074.8125,210817.109375,305064.125,-0.0283203125,0.987060546875,-0.175048828125,-0.0610351525247097,1.1291502714157104,0.6103515028953552,86.66667175292969,92980.0,1.0
316763.5625,310396.53125,304488.875,297304.84375,288863.5,307077.75,210819.15625,305066.0,-0.027587890625,0.9873046875,-0.171875,-0.0610351525247097,1.1596678495407104,0.5798339247703552,86.66667175292969,92981.0,1.0
316760.34375,310370.53125,304485.21875,297300.9375,288859.9375,307075.25,210817.546875,305051.53125,-0.029052734375,0.986328125,-0.17431640625,-0.1525878757238388,1.0986326932907104,0.5187987685203552,86.66667175292969,92982.0,1.0
316754.90625,310356.3125,304478.78125,297297.71875,288855.28125,307069.53125,210813.796875,305047.0625,-0.02978515625,0.986572265625,-0.17578125,-0.1525878757238388,1.0681151151657104,0.4882812201976776,86.66667175292969,92983.0,1.0
316753.28125,310374.46875,304474.59375,297297.4375,288850.90625,307063.4375,210808.96875,305058.0625,-0.029052734375,0.987060546875,-0.1748046875,-0.1831054538488388,1.1291502714157104,0.5798339247703552,86.66667175292969,92984.0,1.0
316754.53125,310381.78125,304474.6875,297295.84375,288848.46875,307059.875,210806.46875,305060.5625,-0.029296875,0.987060546875,-0.173095703125,-0.3356933295726776,1.1291502714157104,0.6103515028953552,86.66667175292969,92985.0,1.0
316759.0,310361.84375,304479.15625,297292.4375,288849.1875,307060.59375,210806.46875,305046.0625,-0.031005859375,0.9853515625,-0.177001953125,-0.3356933295726776,1.1596678495407104,0.5493163466453552,86.66667175292969,92986.0,1.0
316763.21875,310353.4375,304484.5,297291.34375,288851.53125,307063.0,210806.546875,305038.84375,-0.03076171875,0.985595703125,-0.17578125,-0.2746581733226776,1.0986326932907104,0.5187987685203552,86.66667175292969,92987.0,1.0
316765.28125,310381.0625,304490.0625,297295.03125,288857.34375,307068.09375,210809.0625,305051.78125,-0.03173828125,0.9833984375,-0.174072265625,-0.3356933295726776,1.1291502714157104,0.5493163466453552,86.66667175292969,92988.0,1.0
316768.125,310402.53125,304495.3125,297297.96875,288864.40625,307074.4375,210814.0625,305060.46875,-0.0322265625,0.986572265625,-0.17431640625,-0.3967284858226776,1.0986326932907104,0.4882812201976776,86.66667175292969,92989.0,1.0
316768.3125,310387.96875,304498.46875,297298.15625,288868.3125,307078.75,210817.546875,305050.1875,-0.0302734375,0.986328125,-0.17431640625,-0.4882812201976776,1.0375975370407104,0.5187987685203552,86.66667175292969,92990.0,1.0
316769.03125,310374.375,304502.46875,297301.90625,288873.25,307083.21875,210821.390625,305043.3125,-0.03173828125,0.984375,-0.17333984375,-0.4882812201976776,1.0681151151657104,0.5798339247703552,86.66667175292969,92991.0,1.0
316771.09375,310391.34375,304504.28125,297307.1875,288876.28125,307083.375,210822.203125,305056.625,-0.033447265625,0.985107421875,-0.173583984375,-0.5798339247703552,1.0986326932907104,0.6103515028953552,86.66667175292969,92992.0,1.0
316774.9375,310410.40625,304505.25,297313.09375,288878.96875,307082.84375,210825.328125,305072.34375,-0.031005859375,0.98486328125,-0.17578125,-0.5493163466453552,0.9460448622703552,0.6103515028953552,86.66667175292969,92993.0,1.0
316774.84375,310393.25,304503.28125,297313.34375,288876.71875,307080.625,210824.703125,305063.6875,-0.031982421875,0.986572265625,-0.178466796875,-0.5493163466453552,0.9765624403953552,0.6103515028953552,86.66667175292969,92994.0,1.0
316774.65625,310365.875,304500.59375,297310.59375,288871.46875,307075.53125,210820.59375,305050.28125,-0.031982421875,0.987548828125,-0.175048828125,-0.6408690810203552,0.9155272841453552,0.5493163466453552,86.66667175292969,92995.0,1.0
316773.21875,310369.8125,304498.46875,297308.875,288866.28125,307068.375,210816.65625,305056.34375,-0.03076171875,0.985595703125,-0.177734375,-0.6408690810203552,0.8239745497703552,0.6103515028953552,86.66667175292969,92996.0,1.0
316775.28125,310392.4375,304500.4375,297310.75,288864.46875,307065.40625,210813.890625,305067.0,-0.03173828125,0.9873046875,-0.177978515625,-0.6408690810203552,0.8239745497703552,0.6103515028953552,86.66667175292969,92997.0,1.0
316775.09375,310384.375,304501.21875,297308.34375,288862.15625,307064.875,210811.46875,305060.03125,-0.031982421875,0.984375,-0.177734375,-0.6713866591453552,0.7324218153953552,0.5493163466453552,86.66667175292969,92998.0,1.0
316775.09375,310361.75,304503.0,297303.59375,288860.5625,307066.84375,210810.9375,305046.53125,-0.033935546875,0.9833984375,-0.173583984375,-0.7019042372703552,0.6408690810203552,0.6103515028953552,86.66667175292969,92999.0,1.0
316777.34375,310371.6875,304505.6875,297302.0,288861.71875,307071.0625,210812.984375,305049.28125,-0.032958984375,0.9853515625,-0.17626953125,-0.7934569716453552,0.6408690810203552,0.6103515028953552,86.66667175292969,93000.0,1.0
316777.96875,310400.84375,304504.1875,297298.40625,288862.4375,307074.0,210813.703125,305061.90625,-0.033447265625,0.985595703125,-0.1787109375,-0.7324218153953552,0.5798339247703552,0.5798339247703552,86.66667175292969,93001.0,1.0
316774.21875,310399.40625,304498.71875,297290.09375,288862.25,307077.3125,210814.78125,305056.25,-0.032958984375,0.9833984375,-0.17822265625,-0.7019042372703552,0.5187987685203552,0.5187987685203552,86.66667175292969,93002.0,1.0
316766.53125,310370.0,304487.625,297282.78125,288857.6875,307077.5,210815.140625,305038.84375,-0.031005859375,0.984130859375,-0.176025390625,-0.7019042372703552,0.5187987685203552,0.6103515028953552,86.66667175292969,93003.0,1.0
316765.53125,310370.15625,304484.78125,297285.625,288859.5625,307080.8125,210817.640625,305039.90625,-0.031494140625,0.985595703125,-0.174560546875,-0.7324218153953552,0.4882812201976776,0.6103515028953552,86.66667175292969,93004.0,1.0
316767.59375,310398.96875,304487.71875,297295.5625,288866.0,307082.9375,210819.34375,305055.625,-0.031494140625,0.984619140625,-0.177490234375,-0.8544921278953552,0.3967284858226776,0.6103515028953552,86.66667175292969,93005.0,1.0
316768.125,310402.34375,304490.21875,297299.40625,288866.0,307080.25,210819.078125,305057.15625,-0.031982421875,0.98388671875,-0.177978515625,-0.7324218153953552,0.3662109076976776,0.5798339247703552,86.66667175292969,93006.0,1.0
316769.28125,310375.1875,304494.4375,297299.40625,288863.5,307078.03125,210818.265625,305042.59375,-0.03125,0.983154296875,-0.17431640625,-0.6408690810203552,0.3662109076976776,0.5493163466453552,86.66667175292969,93007.0,1.0
316773.21875,310368.5625,304499.53125,297304.9375,288866.71875,307078.90625,210821.03125,305044.65625,-0.030517578125,0.983154296875,-0.174560546875,-0.8239745497703552,0.3662109076976776,0.5493163466453552,86.66667175292969,93008.0,1.0
316770.09375,310388.5,304495.9375,297308.15625,288865.65625,307074.8125,210819.703125,305061.09375,-0.03173828125,0.986083984375,-0.177001953125,-0.6713866591453552,0.2746581733226776,0.6103515028953552,86.66667175292969,93009.0,1.0
316765.28125,310393.25,304490.5,297306.8125,288861.25,307069.625,210816.65625,305065.28125,-0.031982421875,0.9853515625,-0.1767578125,-0.6713866591453552,0.3051757514476776,0.5493163466453552,86.66667175292969,93010.0,1.0
316762.15625,310366.59375,304486.75,297301.71875,288856.78125,307066.3125,210814.59375,305051.0,-0.031494140625,0.987060546875,-0.175048828125,-0.6713866591453552,0.1831054538488388,0.4577636420726776,86.66667175292969,93011.0,1.0
316759.5625,310351.5625,304485.9375,297298.59375,288853.9375,307064.15625,210811.03125,305041.59375,-0.030517578125,0.98681640625,-0.176025390625,-0.7019042372703552,0.2136230319738388,0.6103515028953552,86.66667175292969,93012.0,1.0
316759.71875,310372.84375,304488.0,297299.84375,288854.65625,307063.1875,210806.828125,305049.75,-0.03125,0.9873046875,-0.177978515625,-0.7324218153953552,0.2441406100988388,0.6713866591453552,86.66667175292969,93013.0,1.0
316764.75,310396.09375,304493.34375,297302.28125,288859.46875,307067.46875,210808.515625,305057.15625,-0.0302734375,0.9873046875,-0.17578125,-0.7019042372703552,0.2746581733226776,0.5187987685203552,86.66667175292969,93014.0,1.0
316767.5,310382.25,304495.25,297299.125,288860.46875,307070.34375,210808.96875,305045.4375,-0.030517578125,0.987060546875,-0.177490234375,-0.5798339247703552,0.3051757514476776,0.4882812201976776,86.66667175292969,93015.0,1.0
316766.0625,310361.40625,304494.78125,297295.03125,288860.09375,307071.3125,210808.515625,305036.3125,-0.0302734375,0.986572265625,-0.177490234375,-0.7019042372703552,0.1831054538488388,0.4882812201976776,86.66667175292969,93016.0,1.0
316766.34375,310379.5625,304494.15625,297294.65625,288861.96875,307073.28125,210811.203125,305047.0625,-0.029296875,0.986083984375,-0.1767578125,-0.7629393935203552,0.1525878757238388,0.4882812201976776,86.66667175292969,93017.0,1.0
316766.96875,310402.4375,304492.1875,297294.40625,288862.59375,307072.84375,210811.921875,305059.03125,-0.029296875,0.986572265625,-0.177734375,-0.8544921278953552,0.1220703050494194,0.4882812201976776,86.66667175292969,93018.0,1.0
316768.40625,310391.53125,304491.40625,297293.3125,288863.15625,307074.1875,210813.890625,305052.0625,-0.028564453125,0.987548828125,-0.176025390625,-0.8544921278953552,0.0915527269244194,0.4882812201976776,86.66667175292969,93019.0,1.0
316767.5,310369.1875,304490.3125,297292.875,288863.0625,307075.96875,210817.46875,305041.78125,-0.028076171875,0.987548828125,-0.17578125,-0.9155272841453552,0.1831054538488388,0.4577636420726776,86.66667175292969,93020.0,1.0
316764.65625,310375.90625,304487.90625,297293.9375,288862.5,307074.28125,210818.71875,305050.625,-0.028564453125,0.986328125,-0.176513671875,-0.9460448622703552,0.1831054538488388,0.4882812201976776,86.66667175292969,93021.0,1.0
316763.21875,310397.78125,304487.90625,297297.09375,288862.78125,307073.5625,210819.875,305065.28125,-0.0283203125,0.98779296875,-0.177490234375,-0.9765624403953552,0.1831054538488388,0.4577636420726776,86.66667175292969,93022.0,1.0
316763.21875,310391.09375,304490.9375,297298.25,288862.25,307074.71875,210822.375,305062.0,-0.02734375,0.9873046875,-0.174560546875,-0.9765624403953552,0.1831054538488388,0.4272460639476776,86.66667175292969,93023.0,1.0
316764.125,310366.15625,304492.5625,297297.78125,288861.8125,307077.9375,210823.359375,305047.59375,-0.028564453125,0.9873046875,-0.176025390625,-1.1291502714157104,0.3051757514476776,0.4577636420726776,86.66667175292969,93024.0,1.0
316761.96875,310367.21875,304490.59375,297296.71875,288861.4375,307078.125,210823.0,305049.125,-0.027099609375,0.98583984375,-0.177490234375,-0.9765624403953552,0.2746581733226776,0.4882812201976776,86.66667175292969,93025.0,1.0
316760.4375,310391.625,304488.53125,297296.53125,288860.625,307076.875,210819.515625,305059.125,-0.0263671875,0.985107421875,-0.176025390625,-1.0070799589157104,0.2746581733226776,0.4577636420726776,86.66667175292969,93026.0,1.0
316762.0625,310390.65625,304490.0625,297295.5625,288860.625,307076.40625,210819.15625,305055.1875,-0.02783203125,0.985107421875,-0.177734375,-1.0375975370407104,0.4577636420726776,0.3967284858226776,86.66667175292969,93027.0,1.0
316766.25,310364.96875,304491.65625,297294.65625,288859.5625,307074.53125,210817.546875,305039.46875,-0.027587890625,0.98388671875,-0.175048828125,-1.0375975370407104,0.5493163466453552,0.4577636420726776,86.66667175292969,93028.0,1.0
316772.4375,310360.78125,304494.4375,297297.71875,288859.75,307073.03125,210814.953125,305038.84375,-0.028076171875,0.986572265625,-0.1767578125,-1.0986326932907104,0.5798339247703552,0.4577636420726776,86.66667175292969,93029.0,1.0
316776.8125,310386.34375,304497.21875,297300.125,288861.34375,307072.3125,210815.671875,305053.84375,-0.029296875,0.985595703125,-0.178955078125,-1.1291502714157104,0.6103515028953552,0.4882812201976776,86.66667175292969,93030.0,1.0
316777.0625,310392.4375,304497.46875,297297.71875,288860.46875,307070.6875,210817.109375,305056.53125,-0.028564453125,0.985107421875,-0.176513671875,-1.0375975370407104,0.7019042372703552,0.4882812201976776,86.66667175292969,93031.0,1.0
316775.03125,310368.65625,304496.75,297292.4375,288859.5625,307069.8125,210816.828125,305043.75,-0.027587890625,0.98583984375,-0.1767578125,-1.0375975370407104,0.6408690810203552,0.6408690810203552,86.66667175292969,93032.0,1.0
316775.90625,310361.3125,304496.75,297290.71875,288860.375,307070.4375,210816.921875,305040.8125,-0.02978515625,0.985107421875,-0.178955078125,-1.0681151151657104,0.6103515028953552,0.6103515028953552,86.66667175292969,93033.0,1.0
316772.15625,310381.78125,304490.0625,297290.5625,288857.78125,307067.03125,210815.9375,305054.03125,-0.027587890625,0.985595703125,-0.17578125,-1.0986326932907104,0.7019042372703552,0.6103515028953552,86.66667175292969,93034.0,1.0
316765.625,310390.71875,304481.28125,297289.3125,288852.84375,307064.875,210815.140625,305059.21875,-0.027587890625,0.984130859375,-0.173095703125,-0.9765624403953552,0.8239745497703552,0.6103515028953552,86.66667175292969,93035.0,1.0
316762.59375,310368.65625,304476.28125,297286.71875,288849.28125,307065.25,210812.8125,305045.4375,-0.0283203125,0.983642578125,-0.1748046875,-0.9765624403953552,0.8544921278953552,0.5493163466453552,86.66667175292969,93036.0,1.0
316766.15625,310358.53125,304480.125,297289.46875,288853.5,307070.875,210816.03125,305039.0,-0.029296875,0.985107421875,-0.173828125,-1.0070799589157104,0.7324218153953552,0.5798339247703552,86.66667175292969,93037.0,1.0
316767.0625,310380.28125,304484.15625,297293.875,288856.4375,307072.84375,210817.546875,305051.15625,-0.0302734375,0.9833984375,-0.174072265625,-1.1291502714157104,0.7629393935203552,0.6408690810203552,86.66667175292969,93038.0,1.0
316769.65625,310400.75,304489.6875,297298.875,288860.1875,307074.90625,210818.0,305060.46875,-0.028076171875,0.984130859375,-0.177490234375,-1.1291502714157104,0.7324218153953552,0.6103515028953552,86.66667175292969,93039.0,1.0
316774.3125,310384.03125,304494.78125,297299.125,288861.09375,307075.25,210817.109375,305048.5,-0.02880859375,0.984619140625,-0.17626953125,-0.9765624403953552,0.7629393935203552,0.7019042372703552,86.66667175292969,93040.0,1.0
316777.25,310358.90625,304496.75,297297.34375,288857.5,307070.96875,210812.8125,305036.40625,-0.029541015625,0.984130859375,-0.17578125,-1.0986326932907104,0.6713866591453552,0.6103515028953552,86.66667175292969,93041.0,1.0
316781.09375,310372.125,304497.65625,297298.0625,288856.0625,307066.84375,210807.625,305041.25,-0.029541015625,0.98486328125,-0.176025390625,-1.0986326932907104,0.6713866591453552,0.6103515028953552,86.66667175292969,93042.0,1.0
316780.375,310394.3125,304494.34375,297298.15625,288854.03125,307061.5,210804.5,305052.25,-0.028564453125,0.9833984375,-0.177978515625,-1.0681151151657104,0.7324218153953552,0.7324218153953552,86.66667175292969,93043.0,1.0
316777.875,310382.59375,304490.9375,297296.09375,288853.3125,307061.03125,210805.296875,305045.96875,-0.029541015625,0.983154296875,-0.17822265625,-0.9765624403953552,0.8239745497703552,0.5798339247703552,86.66667175292969,93044.0,1.0
316774.84375,310360.25,304490.0625,297294.65625,288853.5,307063.1875,210807.53125,305035.25,-0.029541015625,0.98486328125,-0.17578125,-1.0375975370407104,0.7019042372703552,0.7019042372703552,86.66667175292969,93045.0,1.0
316771.25,310369.71875,304488.96875,297297.53125,288855.4375,307063.0,210808.078125,305044.90625,-0.030029296875,0.984619140625,-0.17138671875,-0.9765624403953552,0.7324218153953552,0.6408690810203552,86.66667175292969,93046.0,1.0
316768.59375,310396.71875,304489.5,297299.5,288857.6875,307064.53125,210809.421875,305059.125,-0.027587890625,0.982177734375,-0.17578125,-1.0070799589157104,0.7629393935203552,0.6713866591453552,86.66667175292969,93047.0,1.0
316765.8125,310394.9375,304492.8125,297299.75,288862.25,307069.09375,210813.890625,305056.625,-0.029541015625,0.98388671875,-0.17578125,-0.8850097060203552,0.8239745497703552,0.5798339247703552,86.66667175292969,93048.0,1.0
316762.6875,310372.5,304493.90625,297297.25,288864.9375,307071.21875,210816.390625,305044.03125,-0.029296875,0.9833984375,-0.178955078125,-0.8850097060203552,0.8239745497703552,0.6408690810203552,86.66667175292969,93049.0,1.0
316766.96875,310376.96875,304498.8125,297302.28125,288869.65625,307075.6875,210820.046875,305051.78125,-0.029052734375,0.983154296875,-0.177978515625,-0.7629393935203552,0.7629393935203552,0.7019042372703552,86.66667175292969,93050.0,1.0
316774.9375,310407.375,304506.9375,297312.0,288878.59375,307082.84375,210827.203125,305071.90625,-0.0283203125,0.98388671875,-0.17822265625,-0.7629393935203552,0.7629393935203552,0.6713866591453552,86.66667175292969,93051.0,1.0
316777.96875,310409.6875,304509.28125,297312.0,288880.65625,307085.53125,210830.875,305072.34375,-0.02880859375,0.984619140625,-0.175048828125,-0.7324218153953552,0.7324218153953552,0.5493163466453552,86.66667175292969,93052.0,1.0
316780.375,310386.09375,304510.78125,297308.78125,288882.71875,307088.65625,210834.71875,305059.5625,-0.029541015625,0.98583984375,-0.17626953125,-0.5798339247703552,0.7629393935203552,0.5798339247703552,86.66667175292969,93053.0,1.0
316779.5625,310380.1875,304507.125,297305.65625,288881.46875,307089.5625,210834.625,305057.15625,-0.02978515625,0.987060546875,-0.177001953125,-0.6103515028953552,0.8239745497703552,0.5187987685203552,86.66667175292969,93054.0,1.0
316775.5625,310397.4375,304497.90625,297301.5625,288874.84375,307084.71875,210830.875,305064.59375,-0.029052734375,0.98583984375,-0.17578125,-0.5798339247703552,0.7019042372703552,0.4882812201976776,86.66667175292969,93055.0,1.0
316776.625,310398.96875,304494.0625,297299.125,288868.875,307080.875,210828.015625,305061.71875,-0.03125,0.985107421875,-0.175537109375,-0.6103515028953552,0.7324218153953552,0.4882812201976776,86.66667175292969,93056.0,1.0
316777.0625,310368.125,304491.21875,297294.21875,288859.5625,307073.375,210821.3125,305043.3125,-0.029052734375,0.985595703125,-0.177001953125,-0.6408690810203552,0.7019042372703552,0.3967284858226776,86.66667175292969,93057.0,1.0
316776.8125,310353.1875,304490.9375,297293.15625,288854.75,307066.65625,210815.3125,305034.90625,-0.02978515625,0.9873046875,-0.177978515625,-0.5798339247703552,0.6408690810203552,0.3662109076976776,86.66667175292969,93058.0,1.0
316771.25,310373.3125,304487.375,297294.3125,288852.15625,307061.9375,210812.1875,305045.96875,-0.0302734375,0.984130859375,-0.177978515625,-0.7019042372703552,0.6408690810203552,0.3356933295726776,86.66667175292969,93059.0,1.0
316765.53125,310386.0,304483.0,297292.625,288849.375,307060.78125,210811.296875,305049.125,-0.029296875,0.986083984375,-0.17822265625,-0.6408690810203552,0.6408690810203552,0.2441406100988388,86.66667175292969,93060.0,1.0
316760.34375,310362.84375,304477.625,297287.15625,288847.0625,307059.4375,210811.5625,305037.75,-0.029052734375,0.98779296875,-0.177734375,-0.6103515028953552,0.5798339247703552,0.2746581733226776,86.66667175292969,93061.0,1.0
316760.625,310354.96875,304478.96875,297289.75,288851.96875,307064.4375,210814.875,305034.625,-0.029296875,0.987060546875,-0.177001953125,-0.5493163466453552,0.5798339247703552,0.1220703050494194,86.66667175292969,93062.0,1.0
316762.0625,310380.09375,304482.09375,297295.90625,288859.125,307069.625,210818.4375,305050.46875,-0.028564453125,0.9853515625,-0.17626953125,-0.5493163466453552,0.7019042372703552,0.3051757514476776,86.66667175292969,93063.0,1.0
316762.15625,310399.6875,304483.4375,297296.8125,288862.59375,307072.3125,210819.78125,305061.90625,-0.02880859375,0.98583984375,-0.179443359375,-0.5187987685203552,0.6713866591453552,0.2746581733226776,86.66667175292969,93064.0,1.0
316765.1875,310387.34375,304487.5625,297295.1875,288866.4375,307077.5,210823.8125,305055.71875,-0.02880859375,0.982421875,-0.177734375,-0.6103515028953552,0.7324218153953552,0.3051757514476776,86.66667175292969,93065.0,1.0
316770.1875,310372.21875,304494.875,297296.71875,288872.71875,307083.84375,210830.421875,305050.53125,-0.029052734375,0.980224609375,-0.178466796875,-0.5798339247703552,0.6408690810203552,0.3967284858226776,86.66667175292969,93066.0,1.0
316773.9375,310389.65625,304500.25,297301.90625,288878.0625,307088.84375,210835.796875,305063.25,-0.02978515625,0.979736328125,-0.179931640625,-0.5187987685203552,0.6408690810203552,0.4882812201976776,86.66667175292969,93067.0,1.0
316773.9375,310411.5625,304500.15625,297305.5625,288878.25,307087.78125,210836.78125,305076.5625,-0.03076171875,0.9814453125,-0.177734375,-0.4577636420726776,0.6408690810203552,0.4577636420726776,86.66667175292969,93068.0,1.0
316773.59375,310397.15625,304497.90625,297305.3125,288874.5,307083.5625,210834.453125,305067.71875,-0.030029296875,0.984375,-0.1796875,-0.4272460639476776,0.5798339247703552,0.3662109076976776,86.66667175292969,93069.0,1.0
316772.5,310369.375,304496.03125,297304.9375,288870.375,307079.28125,210831.953125,305053.59375,-0.02978515625,0.98486328125,-0.17822265625,-0.5187987685203552,0.5187987685203552,0.3356933295726776,86.66667175292969,93070.0,1.0
316771.625,310372.59375,304495.875,297307.28125,288868.5,307074.8125,210829.625,305060.375,-0.02978515625,0.986328125,-0.18017578125,-0.4577636420726776,0.4577636420726776,0.4272460639476776,86.66667175292969,93071.0,1.0
316770.09375,310392.6875,304493.4375,297306.90625,288866.53125,307070.34375,210824.4375,305069.9375,-0.029296875,0.986572265625,-0.17822265625,-0.4882812201976776,0.4577636420726776,0.3662109076976776,86.66667175292969,93072.0,1.0
316768.75,310387.6875,304493.4375,297306.03125,288866.8125,307070.5,210824.4375,305065.21875,-0.031005859375,0.987060546875,-0.17822265625,-0.5187987685203552,0.4272460639476776,0.2746581733226776,86.66667175292969,93073.0,1.0
316767.25,310362.40625,304494.0625,297304.15625,288866.28125,307069.96875,210825.0625,305052.875,-0.031005859375,0.990234375,-0.177978515625,-0.6713866591453552,0.3967284858226776,0.2136230319738388,86.66667175292969,93074.0,1.0
316767.96875,310364.53125,304495.3125,297303.78125,288866.0,307070.6875,210825.15625,305054.65625,-0.03125,0.99072265625,-0.17724609375,-0.7019042372703552,0.3662109076976776,0.0915527269244194,86.66667175292969,93075.0,1.0
316770.90625,310394.9375,304497.21875,297304.6875,288868.25,307074.4375,210825.6875,305068.6875,-0.03271484375,0.990966796875,-0.17578125,-0.8239745497703552,0.3051757514476776,0.0610351525247097,86.66667175292969,93076.0,1.0
316775.5625,310403.4375,304500.15625,297301.90625,288871.1875,307080.25,210828.90625,305068.34375,-0.03369140625,0.990966796875,-0.175537109375,-0.9460448622703552,0.2441406100988388,0.0,86.66667175292969,93077.0,1.0
316777.25,310382.25,304501.21875,297297.4375,288873.15625,307086.0625,210833.015625,305054.3125,-0.034423828125,0.993896484375,-0.177978515625,-1.0986326932907104,0.1525878757238388,-0.1220703050494194,86.66667175292969,93078.0,1.0
316775.09375,310377.3125,304498.46875,297296.90625,288872.71875,307086.0625,210832.21875,305052.40625,-0.03564453125,0.996826171875,-0.17529296875,-1.3122557401657104,0.0,-0.2746581733226776,86.66667175292969,93079.0,1.0
316772.875,310400.125,304494.34375,297298.59375,288871.09375,307084.1875,210830.609375,305065.375,-0.032958984375,0.99658203125,-0.17578125,-1.4343260526657104,-0.0915527269244194,-0.2746581733226776,86.66667175292969,93080.0,1.0
316770.8125,310403.25,304490.3125,297299.0625,288868.15625,307082.40625,210829.703125,305066.5625,-0.03271484375,0.998291015625,-0.1748046875,-1.6784666776657104,-0.0610351525247097,-0.3051757514476776,86.66667175292969,93081.0,1.0
316769.90625,310376.25,304489.78125,297297.71875,288866.0,307082.84375,210829.625,305050.09375,-0.0302734375,0.998291015625,-0.17333984375,-1.9836424589157104,-0.1220703050494194,-0.2441406100988388,86.66667175292969,93082.0,1.0
316762.3125,310356.3125,304482.90625,297293.0625,288858.84375,307075.875,210823.984375,305040.34375,-0.029541015625,0.995849609375,-0.175048828125,-2.227782964706421,-0.1220703050494194,-0.2136230319738388,86.66667175292969,93083.0,1.0
316756.59375,310372.84375,304477.625,297294.125,288854.8125,307071.0625,210820.6875,305052.15625,-0.025634765625,0.994140625,-0.174560546875,-2.288818120956421,-0.2136230319738388,-0.0915527269244194,86.66667175292969,93084.0,1.0
316754.53125,310383.65625,304477.0,297294.125,288852.84375,307067.75,210819.609375,305059.3125,-0.0263671875,0.992431640625,-0.17529296875,-2.410888433456421,-0.1525878757238388,-0.03051757626235485,86.66667175292969,93085.0,1.0
316755.875,310364.0,304479.78125,297292.0625,288852.21875,307066.65625,210819.875,305050.28125,-0.02685546875,0.989501953125,-0.175537109375,-2.502441167831421,-0.1525878757238388,0.03051757626235485,86.66667175292969,93086.0,1.0
316760.71875,310348.71875,304482.90625,297291.625,288851.25,307064.34375,210818.265625,305040.625,-0.02783203125,0.9892578125,-0.175537109375,-2.593993902206421,-0.1220703050494194,0.2136230319738388,86.66667175292969,93087.0,1.0
316767.0625,310370.34375,304485.5,297294.125,288852.78125,307064.53125,210818.0,305051.4375,-0.02783203125,0.98681640625,-0.1748046875,-2.624511480331421,-0.0915527269244194,0.3356933295726776,86.66667175292969,93088.0,1.0
316769.90625,310392.25,304485.59375,297296.46875,288855.53125,307067.28125,210820.953125,305062.625,-0.02685546875,0.985107421875,-0.175048828125,-2.624511480331421,0.0915527269244194,0.4272460639476776,86.66667175292969,93089.0,1.0
316772.96875,310381.53125,304486.46875,297295.75,288859.75,307073.09375,210827.5625,305055.5625,-0.0283203125,0.982666015625,-0.17578125,-2.532958745956421,0.2136230319738388,0.5187987685203552,86.66667175292969,93090.0,1.0
316772.15625,310363.28125,304484.5,297294.5625,288860.8125,307076.15625,210829.984375,305045.96875,-0.0283203125,0.981689453125,-0.176025390625,-2.441406011581421,0.2136230319738388,0.6713866591453552,86.66667175292969,93091.0,1.0
316771.0,310380.90625,304485.65625,297300.125,288866.4375,307081.5,210834.71875,305057.875,-0.029541015625,0.97998046875,-0.1728515625,-2.319335699081421,0.2746581733226776,0.6713866591453552,86.66667175292969,93092.0,1.0
316768.84375,310406.90625,304488.53125,297303.78125,288871.1875,307085.625,210838.390625,305072.4375,-0.029052734375,0.97802734375,-0.174072265625,-2.258300542831421,0.3662109076976776,0.7019042372703552,86.66667175292969,93093.0,1.0
316764.5625,310396.09375,304489.4375,297300.46875,288871.46875,307085.625,210836.953125,305063.25,-0.0302734375,0.978271484375,-0.16845703125,-2.166747808456421,0.2441406100988388,0.7324218153953552,86.66667175292969,93094.0,1.0
316763.40625,310373.46875,304492.65625,297301.625,288873.78125,307085.71875,210838.109375,305054.21875,-0.032470703125,0.977783203125,-0.1708984375,-1.9836424589157104,0.2441406100988388,0.5493163466453552,86.66667175292969,93095.0,1.0
316763.9375,310381.0625,304495.40625,297305.40625,288876.09375,307084.0,210836.234375,305059.65625,-0.028564453125,0.977294921875,-0.171875,-1.8920897245407104,0.2136230319738388,0.4882812201976776,86.66667175292969,93096.0,1.0
316764.28125,310405.5,304497.03125,297308.15625,288877.8125,307082.5,210835.171875,305073.96875,-0.02978515625,0.975341796875,-0.171875,-1.6784666776657104,0.2136230319738388,0.3967284858226776,86.66667175292969,93097.0,1.0
316765.1875,310399.9375,304495.6875,297305.5,288876.0,307080.71875,210833.5625,305069.40625,-0.029296875,0.9755859375,-0.170654296875,-1.6174315214157104,0.1831054538488388,0.3967284858226776,86.66667175292969,93098.0,1.0
316769.21875,310374.625,304495.9375,297302.53125,288873.0625,307079.09375,210830.0625,305053.75,-0.02978515625,0.97509765625,-0.171875,-1.5563963651657104,0.2441406100988388,0.3662109076976776,86.66667175292969,93099.0,1.0
316771.71875,310373.03125,304495.40625,297301.5625,288869.03125,307073.5625,210824.53125,305053.3125,-0.029052734375,0.975341796875,-0.172607421875,-1.4343260526657104,0.2441406100988388,0.2746581733226776,86.66667175292969,93100.0,1.0
316779.40625,310399.9375,304498.46875,297306.03125,288869.75,307072.9375,210824.25,305068.78125,-0.026123046875,0.975341796875,-0.171630859375,-1.3427733182907104,0.2746581733226776,0.2441406100988388,86.66667175292969,93101.0,1.0
316784.125,310402.4375,304499.4375,297308.4375,288868.6875,307074.375,210825.328125,305068.5,-0.025146484375,0.976318359375,-0.172607421875,-1.1291502714157104,0.3051757514476776,0.2746581733226776,86.66667175292969,93102.0,1.0
316785.3125,310377.6875,304498.46875,297307.90625,288866.8125,307076.3125,210827.390625,305053.6875,-0.025634765625,0.9775390625,-0.17333984375,-1.0986326932907104,0.3051757514476776,0.2441406100988388,86.66667175292969,93103.0,1.0
316784.21875,310370.625,304496.9375,297308.53125,288866.1875,307076.6875,210828.8125,305051.96875,-0.026611328125,0.98095703125,-0.172607421875,-0.9460448622703552,0.3662109076976776,0.2746581733226776,86.66667175292969,93104.0,1.0
316784.0625,310397.0,304499.25,297311.375,288869.75,307080.25,210832.296875,305067.625,-0.026123046875,0.982666015625,-0.170166015625,-0.8544921278953552,0.5187987685203552,0.2441406100988388,86.66667175292969,93105.0,1.0
316786.90625,310408.625,304504.8125,297312.28125,288875.21875,307085.4375,210836.234375,305072.96875,-0.025146484375,0.983642578125,-0.173828125,-0.7019042372703552,0.7324218153953552,0.2746581733226776,86.66667175292969,93106.0,1.0
316787.1875,310384.65625,304507.5625,297307.53125,288876.375,307085.53125,210836.140625,305057.6875,-0.027099609375,0.9853515625,-0.173828125,-0.7324218153953552,0.8544921278953552,0.3662109076976776,86.66667175292969,93107.0,1.0
316785.46875,310369.53125,304506.9375,297303.875,288874.59375,307081.78125,210834.265625,305051.15625,-0.027587890625,0.984375,-0.1728515625,-0.7019042372703552,0.8544921278953552,0.3662109076976776,86.66667175292969,93108.0,1.0
316780.65625,310387.59375,304502.65625,297302.34375,288872.71875,307078.375,210834.0,305063.15625,-0.028564453125,0.98486328125,-0.171142578125,-0.6103515028953552,0.8544921278953552,0.3967284858226776,86.66667175292969,93109.0,1.0
316773.21875,310395.1875,304495.5,297298.59375,288868.40625,307075.34375,210831.59375,305065.46875,-0.0283203125,0.984375,-0.172607421875,-0.7324218153953552,1.0070799589157104,0.3356933295726776,86.66667175292969,93110.0,1.0
316764.28125,310369.53125,304485.65625,297291.71875,288861.0,307070.15625,210826.21875,305047.9375,-0.02978515625,0.986083984375,-0.169677734375,-0.8544921278953552,1.0681151151657104,0.4272460639476776,86.66667175292969,93111.0,1.0
316756.6875,310348.71875,304478.6875,297288.59375,288855.375,307064.875,210821.03125,305038.375,-0.028564453125,0.98828125,-0.170166015625,-0.8544921278953552,1.0070799589157104,0.3967284858226776,86.66667175292969,93112.0,1.0
316754.53125,310367.3125,304477.8125,297294.84375,288856.34375,307064.78125,210821.390625,305051.78125,-0.028564453125,0.988037109375,-0.17333984375,-0.8850097060203552,1.0375975370407104,0.3662109076976776,86.66667175292969,93113.0,1.0
316749.34375,310381.96875,304471.90625,297297.78125,288853.21875,307063.0,210821.03125,305061.90625,-0.029296875,0.98876953125,-0.169189453125,-0.9155272841453552,1.0986326932907104,0.3356933295726776,86.66667175292969,93114.0,1.0
316747.375,310364.09375,304468.40625,297296.375,288849.90625,307061.75,210821.21875,305054.46875,-0.028076171875,0.98779296875,-0.172119140625,-0.9155272841453552,1.0375975370407104,0.3662109076976776,86.66667175292969,93115.0,1.0
316750.875,310342.4375,304470.03125,297296.09375,288849.5625,307063.71875,210823.984375,305048.21875,-0.028076171875,0.9892578125,-0.170654296875,-0.8544921278953552,1.0986326932907104,0.3356933295726776,86.66667175292969,93116.0,1.0
316755.4375,310355.96875,304474.9375,297299.75,288852.21875,307067.21875,210825.78125,305061.375,-0.02685546875,0.98876953125,-0.172119140625,-0.8239745497703552,1.0681151151657104,0.3662109076976776,86.66667175292969,93117.0,1.0
316760.09375,310382.875,304480.3125,297302.71875,288855.28125,307070.4375,210827.203125,305074.59375,-0.029296875,0.990234375,-0.17333984375,-0.8850097060203552,1.1291502714157104,0.3662109076976776,86.66667175292969,93118.0,1.0
316765.90625,310378.75,304488.53125,297303.34375,288860.625,307075.34375,210830.78125,305067.1875,-0.028076171875,0.9912109375,-0.173095703125,-0.8544921278953552,1.0681151151657104,0.3967284858226776,86.66667175292969,93119.0,1.0
316773.0625,310361.75,304498.09375,297304.15625,288867.34375,307081.0625,210835.609375,305055.8125,-0.02734375,0.9892578125,-0.174560546875,-0.9765624403953552,1.1596678495407104,0.5187987685203552,86.66667175292969,93120.0,1.0
316779.3125,310375.25,304503.90625,297308.53125,288873.0625,307084.0,210838.296875,305061.09375,-0.027099609375,0.989501953125,-0.173828125,-0.9765624403953552,1.1596678495407104,0.5187987685203552,86.66667175292969,93121.0,1.0
316782.625,310404.15625,304504.90625,297310.84375,288876.0,307084.0,210838.5625,305072.53125,-0.0283203125,0.98876953125,-0.1728515625,-0.9765624403953552,1.1901854276657104,0.5187987685203552,86.66667175292969,93122.0,1.0
316787.96875,310405.40625,304508.8125,297311.84375,288879.6875,307087.21875,210839.453125,305067.25,-0.02880859375,0.989013671875,-0.171142578125,-1.0681151151657104,1.2207030057907104,0.4577636420726776,86.66667175292969,93123.0,1.0
316787.625,310379.75,304507.75,297309.0625,288878.15625,307086.875,210838.828125,305052.0625,-0.0283203125,0.990234375,-0.16943359375,-1.0070799589157104,1.1901854276657104,0.5493163466453552,86.66667175292969,93124.0,1.0
316782.15625,310375.96875,304503.28125,297306.65625,288874.3125,307082.5,210834.453125,305052.40625,-0.030517578125,0.988037109375,-0.170654296875,-1.1291502714157104,1.3122557401657104,0.5493163466453552,86.66667175292969,93125.0,1.0
316780.46875,310401.1875,304501.6875,297308.0,288873.0625,307080.0,210831.234375,305067.09375,-0.030029296875,0.98779296875,-0.17041015625,-1.0681151151657104,1.1901854276657104,0.5493163466453552,86.66667175292969,93126.0,1.0
316776.4375,310401.375,304497.46875,297300.84375,288867.625,307075.25,210825.6875,305062.6875,-0.02880859375,0.98779296875,-0.170654296875,-1.0375975370407104,1.1596678495407104,0.5798339247703552,86.66667175292969,93127.0,1.0
316775.09375,310372.40625,304496.5,297294.84375,288863.78125,307075.25,210823.453125,305043.84375,-0.030029296875,0.9892578125,-0.170654296875,-0.9765624403953552,1.2207030057907104,0.5798339247703552,86.66667175292969,93128.0,1.0
316777.25,310363.5625,304498.375,297294.9375,288862.6875,307076.59375,210825.421875,305039.46875,-0.031982421875,0.98828125,-0.174072265625,-0.8850097060203552,1.2512205839157104,0.4882812201976776,86.66667175292969,93129.0,1.0
316772.4375,310378.03125,304491.46875,297292.0625,288855.71875,307070.78125,210822.203125,305049.8125,-0.03125,0.9892578125,-0.173583984375,-0.9155272841453552,1.1291502714157104,0.4577636420726776,86.66667175292969,93130.0,1.0
316767.5,310377.6875,304483.0625,297287.78125,288849.71875,307064.78125,210819.515625,305050.90625,-0.03125,0.988037109375,-0.173583984375,-1.0375975370407104,1.1901854276657104,0.3051757514476776,86.66667175292969,93131.0,1.0
316766.0625,310352.375,304480.46875,297284.46875,288847.21875,307064.96875,210820.859375,305037.75,-0.031005859375,0.988037109375,-0.17138671875,-1.0375975370407104,1.1596678495407104,0.3662109076976776,86.66667175292969,93132.0,1.0
316767.875,310343.875,304483.4375,297286.625,288850.28125,307067.28125,210822.640625,305033.375,-0.03125,0.985595703125,-0.167724609375,-0.9460448622703552,1.0375975370407104,0.3662109076976776,86.66667175292969,93133.0,1.0
316770.28125,310368.375,304485.21875,297292.4375,288853.3125,307066.84375,210821.75,305048.03125,-0.031005859375,0.9833984375,-0.170166015625,-1.0375975370407104,0.9765624403953552,0.2746581733226776,86.66667175292969,93134.0,1.0
316768.9375,310384.75,304486.03125,297293.3125,288855.8125,307065.40625,210821.75,305058.15625,-0.03173828125,0.984619140625,-0.169189453125,-1.0070799589157104,0.9765624403953552,0.2746581733226776,86.66667175292969,93135.0,1.0
316763.03125,310362.9375,304481.65625,297289.46875,288852.6875,307061.21875,210817.90625,305044.90625,-0.0302734375,0.983154296875,-0.173828125,-1.0070799589157104,0.9765624403953552,0.2441406100988388,86.66667175292969,93136.0,1.0
316762.21875,310346.9375,304480.75,297289.65625,288851.6875,307062.46875,210819.25,305039.53125,-0.030029296875,0.981201171875,-0.173583984375,-0.8239745497703552,1.0070799589157104,0.2441406100988388,86.66667175292969,93137.0,1.0
316762.15625,310366.3125,304480.75,297292.15625,288853.03125,307063.625,210821.03125,305052.5,-0.031005859375,0.979736328125,-0.17041015625,-0.7019042372703552,0.9460448622703552,0.2441406100988388,86.66667175292969,93138.0,1.0
316756.6875,310382.25,304477.96875,297289.9375,288851.78125,307060.9375,210820.40625,305063.59375,-0.029052734375,0.9794921875,-0.172607421875,-0.4882812201976776,0.9460448622703552,0.2136230319738388,86.66667175292969,93139.0,1.0
316752.65625,310366.3125,304476.28125,297287.25,288851.25,307061.65625,210821.125,305056.34375,-0.028076171875,0.981201171875,-0.17333984375,-0.3051757514476776,0.8850097060203552,0.2746581733226776,86.66667175292969,93140.0,1.0
316745.15625,310340.9375,304471.8125,297283.5,288849.1875,307062.75,210821.390625,305043.5625,-0.027587890625,0.98291015625,-0.173828125,-0.2441406100988388,0.8544921278953552,0.3967284858226776,86.66667175292969,93141.0,1.0
316736.21875,310347.09375,304466.625,297282.3125,288846.96875,307061.5625,210821.484375,305049.8125,-0.02685546875,0.981201171875,-0.173583984375,-0.2441406100988388,0.8544921278953552,0.4272460639476776,86.66667175292969,93142.0,1.0
316728.96875,310366.875,304462.59375,297282.5,288846.5,307060.59375,210821.484375,305062.96875,-0.02734375,0.978759765625,-0.177490234375,-0.1525878757238388,0.8850097060203552,0.5493163466453552,86.66667175292969,93143.0,1.0
316730.75,310360.875,304463.9375,297284.03125,288847.9375,307064.0,210823.546875,305056.8125,-0.0283203125,0.978271484375,-0.173828125,0.0915527269244194,0.9155272841453552,0.5798339247703552,86.66667175292969,93144.0,1.0
316735.9375,310340.5,304468.5,297284.5625,288851.96875,307069.96875,210828.8125,305045.8125,-0.029052734375,0.9775390625,-0.17333984375,0.2746581733226776,0.9155272841453552,0.5493163466453552,86.66667175292969,93145.0,1.0
316743.09375,310351.40625,304475.84375,297289.9375,288859.28125,307077.03125,210835.34375,305053.59375,-0.031982421875,0.978271484375,-0.17333984375,0.3662109076976776,0.9765624403953552,0.4577636420726776,86.66667175292969,93146.0,1.0
316750.53125,310382.15625,304483.15625,297296.1875,288866.28125,307083.84375,210841.421875,305070.3125,-0.033203125,0.982421875,-0.171630859375,0.3967284858226776,0.9155272841453552,0.3662109076976776,86.66667175292969,93147.0,1.0
316758.03125,310384.65625,304489.15625,297297.71875,288870.75,307088.3125,210845.09375,305069.40625,-0.034912109375,0.9853515625,-0.170166015625,0.4577636420726776,0.8544921278953552,0.2136230319738388,86.66667175292969,93148.0,1.0
316764.90625,310365.4375,304494.78125,297297.53125,288873.875,307089.5625,210846.34375,305055.625,-0.03564453125,0.986328125,-0.172607421875,0.3662109076976776,0.7324218153953552,0.0915527269244194,86.66667175292969,93149.0,1.0
316772.4375,310367.3125,304499.96875,297298.34375,288876.71875,307088.9375,210846.34375,305057.4375,-0.03564453125,0.986572265625,-0.171875,0.3967284858226776,0.7019042372703552,0.0,86.66667175292969,93150.0,1.0
316781.71875,310394.9375,304503.71875,297301.5625,288880.03125,307087.59375,210845.625,305072.625,-0.034423828125,0.988525390625,-0.17431640625,0.3662109076976776,0.5187987685203552,-0.1220703050494194,86.66667175292969,93151.0,1.0
316792.53125,310406.46875,304509.09375,297305.9375,288883.96875,307090.625,210849.109375,305077.71875,-0.0322265625,0.988525390625,-0.173583984375,0.3051757514476776,0.3356933295726776,-0.1831054538488388,86.66667175292969,93152.0,1.0
316794.96875,310382.0625,304507.9375,297302.1875,288878.6875,307086.96875,210846.34375,305061.4375,-0.032958984375,0.98876953125,-0.17578125,0.2441406100988388,0.2746581733226776,-0.2746581733226776,86.66667175292969,93153.0,1.0
316795.65625,310371.34375,304505.59375,297299.21875,288874.125,307082.6875,210840.890625,305053.84375,-0.030517578125,0.990234375,-0.173828125,0.2441406100988388,0.3662109076976776,-0.2136230319738388,86.66667175292969,93154.0,1.0
316793.0,310392.0,304502.65625,297299.21875,288870.21875,307078.5625,210836.859375,305063.15625,-0.02978515625,0.989013671875,-0.17138671875,0.0915527269244194,0.3662109076976776,-0.2136230319738388,86.66667175292969,93155.0,1.0
316787.53125,310397.15625,304498.71875,297296.1875,288865.375,307072.5625,210832.578125,305063.78125,-0.029541015625,0.9873046875,-0.1748046875,0.0610351525247097,0.3662109076976776,-0.2441406100988388,86.66667175292969,93156.0,1.0
316785.84375,310372.3125,304499.625,297294.21875,288863.9375,307070.15625,210829.53125,305049.1875,-0.026611328125,0.987548828125,-0.173828125,0.0,0.3662109076976776,-0.2136230319738388,86.66667175292969,93157.0,1.0
316782.25,310354.0625,304498.53125,297293.5,288861.09375,307066.75,210825.328125,305039.46875,-0.0263671875,0.987548828125,-0.175537109375,-0.03051757626235485,0.4882812201976776,-0.1831054538488388,86.66667175292969,93158.0,1.0
316775.65625,310367.3125,304492.1875,297292.34375,288855.1875,307060.0625,210818.71875,305045.8125,-0.025390625,0.98779296875,-0.1767578125,-0.1831054538488388,0.4882812201976776,-0.0610351525247097,86.66667175292969,93159.0,1.0
316771.0,310380.375,304486.75,297290.46875,288850.34375,307056.5625,210813.796875,305049.75,-0.02587890625,0.987060546875,-0.17578125,-0.1220703050494194,0.5798339247703552,0.03051757626235485,86.66667175292969,93160.0,1.0
316766.34375,310360.96875,304480.9375,297282.15625,288844.375,307053.875,210809.421875,305034.71875,-0.02783203125,0.989501953125,-0.1748046875,-0.3051757514476776,0.6713866591453552,0.1220703050494194,86.66667175292969,93161.0,1.0
316764.75,310342.4375,304477.4375,297275.8125,288840.53125,307054.5,210806.375,305021.84375,-0.030029296875,0.989501953125,-0.174560546875,-0.4272460639476776,0.6408690810203552,0.0915527269244194,86.66667175292969,93162.0,1.0
316765.0,310364.1875,304478.25,297276.53125,288842.65625,307058.0,210808.34375,305032.46875,-0.029296875,0.988525390625,-0.171875,-0.3662109076976776,0.5798339247703552,0.1525878757238388,86.66667175292969,93163.0,1.0
316764.5625,310388.9375,304479.0625,297278.3125,288846.15625,307061.65625,210813.265625,305045.53125,-0.026123046875,0.987548828125,-0.1748046875,-0.3967284858226776,0.6408690810203552,0.3662109076976776,86.66667175292969,93164.0,1.0
316761.59375,310373.21875,304477.53125,297275.625,288845.4375,307062.28125,210815.671875,305039.46875,-0.02734375,0.986083984375,-0.176513671875,-0.3967284858226776,0.7324218153953552,0.3356933295726776,86.66667175292969,93165.0,1.0
316762.6875,310351.125,304480.03125,297276.96875,288847.9375,307064.25,210817.734375,305030.53125,-0.02734375,0.986572265625,-0.175048828125,-0.5187987685203552,0.7629393935203552,0.3051757514476776,86.66667175292969,93166.0,1.0
316767.5,310364.8125,304483.96875,297283.3125,288852.84375,307067.46875,210821.75,305038.5625,-0.029541015625,0.985595703125,-0.176513671875,-0.6103515028953552,0.7019042372703552,0.3051757514476776,86.66667175292969,93167.0,1.0
316768.40625,310389.65625,304485.65625,297288.59375,288855.0,307068.1875,210823.71875,305052.25,-0.030029296875,0.98486328125,-0.173583984375,-0.6103515028953552,0.6713866591453552,0.3051757514476776,86.66667175292969,93168.0,1.0
316773.3125,310384.03125,304490.9375,297293.9375,288859.28125,307072.9375,210827.296875,305049.8125,-0.030029296875,0.984130859375,-0.173828125,-0.6408690810203552,0.6103515028953552,0.3356933295726776,86.66667175292969,93169.0,1.0
316775.46875,310358.375,304490.3125,297291.71875,288858.21875,307073.03125,210825.859375,305035.0625,-0.03076171875,0.9833984375,-0.178466796875,-0.6103515028953552,0.5798339247703552,0.2136230319738388,86.66667175292969,93170.0,1.0
316775.90625,310362.125,304487.90625,297293.0625,288858.84375,307074.0,210827.46875,305040.96875,-0.032470703125,0.9833984375,-0.176025390625,-0.6103515028953552,0.6408690810203552,0.0610351525247097,86.66667175292969,93171.0,1.0
316778.59375,310390.03125,304490.9375,297298.875,288864.84375,307079.1875,210833.28125,305061.1875,-0.03125,0.98388671875,-0.1748046875,-0.5798339247703552,0.5187987685203552,0.0610351525247097,86.66667175292969,93172.0,1.0
316777.15625,310389.5625,304490.9375,297296.375,288866.28125,307081.0625,210834.890625,305059.65625,-0.030517578125,0.9833984375,-0.17431640625,-0.5798339247703552,0.5493163466453552,0.03051757626235485,86.66667175292969,93173.0,1.0
316776.90625,310365.25,304492.03125,297292.6875,288866.1875,307080.875,210835.875,305045.625,-0.030517578125,0.983642578125,-0.173828125,-0.5493163466453552,0.5187987685203552,0.0,86.66667175292969,93174.0,1.0
316784.75,310371.34375,304502.03125,297298.875,288872.875,307084.1875,210840.078125,305050.0,-0.029541015625,0.98388671875,-0.175048828125,-0.5493163466453552,0.3662109076976776,-0.0610351525247097,86.66667175292969,93175.0,1.0
316787.28125,310399.125,304507.9375,297302.4375,288877.1875,307084.90625,210844.015625,305066.375,-0.028564453125,0.9833984375,-0.176513671875,-0.5187987685203552,0.4272460639476776,-0.0610351525247097,86.66667175292969,93176.0,1.0
316784.5,310402.96875,304505.6875,297300.46875,288875.46875,307082.125,210843.75,305066.90625,-0.02978515625,0.984375,-0.17578125,-0.5493163466453552,0.3662109076976776,-0.0610351525247097,86.66667175292969,93177.0,1.0
316781.375,310376.53125,304502.84375,297297.15625,288871.375,307079.0,210840.796875,305051.09375,-0.028076171875,0.983154296875,-0.17724609375,-0.5493163466453552,0.3356933295726776,-0.0610351525247097,86.66667175292969,93178.0,1.0
316776.8125,310363.09375,304497.28125,297295.125,288866.90625,307075.53125,210836.328125,305045.09375,-0.0302734375,0.98486328125,-0.17919921875,-0.4882812201976776,0.3051757514476776,-0.0915527269244194,86.66667175292969,93179.0,1.0
316775.03125,310383.65625,304492.71875,297295.90625,288864.5625,307073.03125,210834.53125,305056.1875,-0.031494140625,0.982666015625,-0.178955078125,-0.4882812201976776,0.2746581733226776,-0.2136230319738388,86.66667175292969,93180.0,1.0
316772.5,310388.0625,304487.8125,297293.0625,288859.5625,307068.0,210830.0625,305057.34375,-0.0322265625,0.983642578125,-0.176513671875,-0.5798339247703552,0.3662109076976776,-0.1525878757238388,86.66667175292969,93181.0,1.0
316767.96875,310357.28125,304483.15625,297285.0,288851.59375,307060.0625,210823.0,305042.5,-0.0322265625,0.98388671875,-0.177001953125,-0.5187987685203552,0.3356933295726776,-0.1831054538488388,86.66667175292969,93182.0,1.0
316767.0625,310338.0625,304483.0625,297282.875,288848.9375,307055.75,210819.875,305034.625,-0.03125,0.98486328125,-0.177734375,-0.4882812201976776,0.3356933295726776,-0.1831054538488388,86.66667175292969,93183.0,1.0
316767.59375,310356.21875,304484.78125,297285.28125,288851.4375,307057.90625,210821.9375,305047.6875,-0.030517578125,0.982666015625,-0.177734375,-0.4272460639476776,0.3356933295726776,-0.1525878757238388,86.66667175292969,93184.0,1.0
316766.78125,310372.125,304485.125,297286.34375,288852.5,307061.03125,210824.25,305056.96875,-0.03173828125,0.9833984375,-0.177978515625,-0.4272460639476776,0.3662109076976776,-0.1525878757238388,86.66667175292969,93185.0,1.0
316763.125,310353.0,304482.71875,297282.5,288850.09375,307061.9375,210823.90625,305045.71875,-0.03173828125,0.986328125,-0.17626953125,-0.4882812201976776,0.3662109076976776,-0.1220703050494194,86.66667175292969,93186.0,1.0
316759.625,310335.5625,304480.03125,297278.75,288849.625,307064.0,210826.765625,305036.96875,-0.03125,0.983642578125,-0.17724609375,-0.4577636420726776,0.2746581733226776,-0.0915527269244194,86.66667175292969,93187.0,1.0
316757.40625,310354.0,304477.09375,297278.9375,288850.34375,307065.6875,210829.171875,305048.40625,-0.0322265625,0.984619140625,-0.177001953125,-0.5187987685203552,0.3051757514476776,-0.0915527269244194,86.66667175292969,93188.0,1.0
316756.34375,310376.6875,304473.78125,297282.59375,288851.78125,307067.9375,210829.625,305060.28125,-0.03173828125,0.987060546875,-0.1787109375,-0.5493163466453552,0.2441406100988388,-0.0610351525247097,86.66667175292969,93189.0,1.0
316758.46875,310370.4375,304475.375,297286.34375,288856.625,307075.0625,210834.453125,305053.5,-0.033203125,0.98779296875,-0.177734375,-0.5187987685203552,0.2136230319738388,-0.03051757626235485,86.66667175292969,93190.0,1.0
316753.65625,310349.15625,304473.0625,297286.0,288857.78125,307078.28125,210839.453125,305042.6875,-0.0341796875,0.986572265625,-0.179931640625,-0.6103515028953552,0.1831054538488388,-0.03051757626235485,86.66667175292969,93191.0,1.0
316751.59375,310361.5,304473.0625,297290.375,288862.25,307081.0625,210842.765625,305052.59375,-0.034423828125,0.986572265625,-0.173828125,-0.6713866591453552,0.1525878757238388,0.03051757626235485,86.66667175292969,93192.0,1.0
316753.125,310388.6875,304478.6875,297298.34375,288869.40625,307083.84375,210846.15625,305069.59375,-0.033203125,0.98828125,-0.17431640625,-0.7629393935203552,0.0915527269244194,0.0915527269244194,86.66667175292969,93193.0,1.0
316752.84375,310384.28125,304484.34375,297300.125,288872.09375,307083.46875,210845.0,305064.59375,-0.03369140625,0.9892578125,-0.177001953125,-0.7019042372703552,0.0610351525247097,0.1525878757238388,86.66667175292969,93194.0,1.0
316757.59375,310366.0625,304494.53125,297300.75,288876.1875,307085.71875,210846.515625,305050.28125,-0.03466796875,0.990234375,-0.1806640625,-0.8239745497703552,0.1220703050494194,0.2441406100988388,86.66667175292969,93195.0,1.0
316767.40625,310377.78125,304506.84375,297307.1875,288883.25,307089.65625,210849.734375,305057.6875,-0.032958984375,0.987060546875,-0.1767578125,-0.8239745497703552,0.2136230319738388,0.1220703050494194,86.66667175292969,93196.0,1.0
316773.6875,310405.21875,304512.5,297310.59375,288886.375,307089.28125,210850.625,305073.34375,-0.031982421875,0.987548828125,-0.1767578125,-0.8544921278953552,0.1525878757238388,0.2746581733226776,86.66667175292969,93197.0,1.0
316777.78125,310403.15625,304512.5,297307.09375,288885.40625,307088.40625,210851.25,305071.03125,-0.033935546875,0.988037109375,-0.17578125,-0.9460448622703552,-0.03051757626235485,0.1831054538488388,86.66667175292969,93198.0,1.0
316786.0,310382.0625,304515.96875,297305.84375,288887.375,307091.15625,210854.203125,305059.5625,-0.032958984375,0.98828125,-0.175537109375,-1.0070799589157104,-0.03051757626235485,0.2746581733226776,86.66667175292969,93199.0,1.0
316792.71875,310380.71875,304518.125,297306.1875,288886.84375,307089.375,210852.78125,305058.59375,-0.032470703125,0.98681640625,-0.17529296875,-1.0070799589157104,-0.0610351525247097,0.3356933295726776,86.66667175292969,93200.0,1.0
316798.34375,310405.03125,304520.09375,297307.1875,288887.28125,307087.21875,210850.8125,305070.46875,-0.031494140625,0.9873046875,-0.176025390625,-1.1291502714157104,0.0,0.3662109076976776,86.66667175292969,93201.0,1.0
316803.28125,310411.5625,304522.25,297306.375,288886.3125,307085.4375,210848.9375,305069.9375,-0.0302734375,0.985595703125,-0.177734375,-1.3122557401657104,0.0915527269244194,0.3967284858226776,86.66667175292969,93202.0,1.0
316804.96875,310386.71875,304521.625,297303.4375,288881.28125,307080.875,210844.28125,305053.125,-0.03076171875,0.985595703125,-0.178466796875,-1.2817381620407104,0.0915527269244194,0.3967284858226776,86.66667175292969,93203.0,1.0
316808.09375,310378.3125,304521.4375,297303.34375,288878.96875,307077.75,210840.265625,305046.4375,-0.03125,0.985595703125,-0.177734375,-1.3122557401657104,0.1525878757238388,0.4882812201976776,86.66667175292969,93204.0,1.0
316809.71875,310402.09375,304520.625,297304.84375,288878.78125,307077.03125,210838.828125,305060.125,-0.02880859375,0.985595703125,-0.1796875,-1.1596678495407104,0.2136230319738388,0.5493163466453552,86.66667175292969,93205.0,1.0
316806.75,310409.5,304515.96875,297301.375,288874.9375,307076.15625,210836.953125,305064.125,-0.02783203125,0.98583984375,-0.178955078125,-1.2512205839157104,0.1831054538488388,0.5493163466453552,86.66667175292969,93206.0,1.0
316795.125,310377.21875,304504.1875,297291.34375,288864.03125,307069.96875,210829.984375,305046.25,-0.029296875,0.985107421875,-0.17724609375,-1.2512205839157104,0.2441406100988388,0.5187987685203552,86.66667175292969,93207.0,1.0
316785.46875,310351.03125,304493.71875,297284.375,288855.4375,307064.0625,210823.71875,305033.75,-0.02880859375,0.983642578125,-0.175537109375,-1.2207030057907104,0.2746581733226776,0.5493163466453552,86.66667175292969,93208.0,1.0
316781.0,310366.78125,304489.4375,297285.0,288852.78125,307061.9375,210821.75,305043.75,-0.02783203125,0.984619140625,-0.177490234375,-1.2207030057907104,0.3967284858226776,0.5493163466453552,86.66667175292969,93209.0,1.0
316775.65625,310379.46875,304485.21875,297285.09375,288848.84375,307058.28125,210818.984375,305050.71875,-0.02587890625,0.98388671875,-0.175537109375,-1.2207030057907104,0.3662109076976776,0.5493163466453552,86.66667175292969,93210.0,1.0
316771.71875,310362.125,304483.15625,297284.03125,288846.59375,307057.28125,210818.4375,305039.53125,-0.02734375,0.981689453125,-0.1748046875,-1.1901854276657104,0.3662109076976776,0.5187987685203552,86.66667175292969,93211.0,1.0
316769.28125,310343.0,304483.0,297284.84375,288846.96875,307058.8125,210820.6875,305033.03125,-0.028076171875,0.984130859375,-0.1748046875,-1.2817381620407104,0.3967284858226776,0.4577636420726776,86.66667175292969,93212.0,1.0
316764.1875,310358.1875,304481.65625,297288.75,288847.75,307059.34375,210822.640625,305045.625,-0.027099609375,0.9853515625,-0.176025390625,-1.2207030057907104,0.5493163466453552,0.5493163466453552,86.66667175292969,93213.0,1.0
316757.84375,310377.3125,304476.46875,297288.6875,288846.875,307058.34375,210823.71875,305057.6875,-0.02587890625,0.985107421875,-0.1728515625,-1.1901854276657104,0.7019042372703552,0.5493163466453552,86.66667175292969,93214.0,1.0
316753.375,310361.40625,304470.84375,297283.75,288843.84375,307058.71875,210825.234375,305049.75,-0.027099609375,0.98388671875,-0.17578125,-1.2207030057907104,0.7629393935203552,0.6103515028953552,86.66667175292969,93215.0,1.0
316755.78125,310341.46875,304470.84375,297283.9375,288845.15625,307062.75,210829.625,305039.375,-0.02783203125,0.985107421875,-0.17529296875,-1.1901854276657104,0.7934569716453552,0.5493163466453552,86.66667175292969,93216.0,1.0
316757.21875,310350.6875,304470.03125,297287.34375,288846.5,307064.34375,210831.234375,305045.09375,-0.027587890625,0.986328125,-0.177734375,-1.2207030057907104,0.9460448622703552,0.5493163466453552,86.66667175292969,93217.0,1.0
316757.84375,310374.625,304469.75,297289.03125,288848.84375,307064.53125,210831.765625,305057.6875,-0.029296875,0.98486328125,-0.17578125,-1.2207030057907104,0.9765624403953552,0.5493163466453552,86.66667175292969,93218.0,1.0
316761.6875,310368.8125,304473.96875,297289.125,288851.4375,307065.15625,210830.6875,305051.09375,-0.029541015625,0.986328125,-0.171142578125,-1.2207030057907104,0.8850097060203552,0.5493163466453552,86.66667175292969,93219.0,1.0
316763.40625,310343.15625,304476.90625,297287.0625,288851.25,307062.375,210829.796875,305035.34375,-0.02880859375,0.986328125,-0.173095703125,-1.2817381620407104,1.0986326932907104,0.5493163466453552,86.66667175292969,93220.0,1.0
316767.96875,310349.34375,304482.53125,297291.1875,288856.625,307064.4375,210832.03125,305039.46875,-0.028076171875,0.986328125,-0.17333984375,-1.1596678495407104,1.1596678495407104,0.5187987685203552,86.66667175292969,93221.0,1.0
316772.34375,310381.625,304489.15625,297296.71875,288862.25,307067.375,210834.71875,305055.625,-0.029052734375,0.985595703125,-0.1748046875,-1.1291502714157104,1.0986326932907104,0.5493163466453552,86.66667175292969,93222.0,1.0
316769.125,310382.6875,304487.8125,297293.40625,288860.625,307064.53125,210832.84375,305055.09375,-0.027587890625,0.986572265625,-0.176513671875,-1.1291502714157104,1.1596678495407104,0.4577636420726776,86.66667175292969,93223.0,1.0
316769.03125,310361.9375,304489.15625,297290.28125,288861.0,307066.9375,210835.078125,305044.03125,-0.028564453125,0.986083984375,-0.17724609375,-1.1901854276657104,1.2512205839157104,0.5493163466453552,86.66667175292969,93224.0,1.0
316775.03125,310362.9375,304494.78125,297292.78125,288866.53125,307073.65625,210841.25,305048.84375,-0.02978515625,0.985595703125,-0.177001953125,-1.0986326932907104,1.1291502714157104,0.5798339247703552,86.66667175292969,93225.0,1.0
316776.1875,310387.6875,304494.4375,297292.6875,288866.1875,307073.09375,210840.96875,305063.40625,-0.030029296875,0.986572265625,-0.174072265625,-1.1291502714157104,1.1596678495407104,0.5798339247703552,86.66667175292969,93226.0,1.0
316779.125,310395.75,304493.71875,297290.8125,288864.65625,307073.90625,210840.96875,305064.59375,-0.030029296875,0.9853515625,-0.173583984375,-1.2512205839157104,1.2817381620407104,0.5798339247703552,86.66667175292969,93227.0,1.0
316785.5625,310375.34375,304497.125,297290.46875,288866.28125,307077.75,210843.296875,305050.8125,-0.030517578125,0.986328125,-0.173583984375,-1.2207030057907104,1.2512205839157104,0.5798339247703552,86.66667175292969,93228.0,1.0
316787.0,310364.625,304498.09375,297291.4375,288866.0,307079.09375,210843.125,305048.03125,-0.03173828125,0.987060546875,-0.174560546875,-1.1901854276657104,1.2512205839157104,0.5493163466453552,86.66667175292969,93229.0,1.0
316789.6875,310387.34375,304499.78125,297295.75,288867.0625,307079.625,210841.59375,305062.4375,-0.03125,0.986572265625,-0.174072265625,-1.1596678495407104,1.3122557401657104,0.5493163466453552,86.66667175292969,93230.0,1.0
316788.6875,310396.09375,304498.71875,297294.21875,288864.03125,307076.25,210838.828125,305067.25,-0.03076171875,0.98583984375,-0.17578125,-1.0681151151657104,1.2512205839157104,0.5493163466453552,86.66667175292969,93231.0,1.0
316782.78125,310365.96875,304493.71875,297286.34375,288855.71875,307069.0,210832.921875,305048.40625,-0.031494140625,0.9853515625,-0.174560546875,-1.0070799589157104,1.2512205839157104,0.6103515028953552,86.66667175292969,93232.0,1.0
316779.21875,310344.875,304489.4375,297282.0625,288848.5625,307064.0625,210827.296875,305036.3125,-0.0341796875,0.9853515625,-0.175537109375,-1.0375975370407104,1.1596678495407104,0.5798339247703552,86.66667175292969,93233.0,1.0
316779.21875,310365.4375,304487.71875,297283.125,288847.84375,307064.875,210825.6875,305044.71875,-0.03515625,0.985107421875,-0.1748046875,-1.0681151151657104,1.1291502714157104,0.5493163466453552,86.66667175292969,93234.0,1.0
316773.21875,310378.46875,304479.9375,297278.65625,288841.9375,307060.59375,210822.640625,305048.9375,-0.032958984375,0.98486328125,-0.175048828125,-1.0375975370407104,1.0375975370407104,0.5493163466453552,86.66667175292969,93235.0,1.0
316766.25,310356.03125,304472.15625,297272.9375,288836.84375,307057.71875,210820.859375,305035.0,-0.03173828125,0.984619140625,-0.174560546875,-1.0986326932907104,1.0681151151657104,0.5798339247703552,86.66667175292969,93236.0,1.0
316762.9375,310336.03125,304469.75,297271.34375,288837.5625,307060.21875,210821.9375,305025.78125,-0.033203125,0.9873046875,-0.173583984375,-1.0986326932907104,1.0070799589157104,0.5493163466453552,86.66667175292969,93237.0,1.0
316762.9375,310355.25,304472.71875,297276.6875,288843.28125,307065.96875,210825.953125,305037.65625,-0.0341796875,0.987060546875,-0.173828125,-1.0986326932907104,0.8850097060203552,0.5798339247703552,86.66667175292969,93238.0,1.0
316763.46875,310382.96875,304474.75,297282.15625,288849.71875,307070.875,210831.3125,305053.3125,-0.03369140625,0.986083984375,-0.173095703125,-0.9460448622703552,0.7934569716453552,0.5187987685203552,86.66667175292969,93239.0,1.0
316766.625,310375.34375,304477.625,297285.71875,288854.1875,307075.875,210835.875,305050.0,-0.03125,0.98486328125,-0.171875,-1.0070799589157104,0.7934569716453552,0.6408690810203552,86.66667175292969,93240.0,1.0
316769.5625,310356.9375,304482.28125,297287.96875,288857.6875,307077.9375,210838.65625,305039.1875,-0.032958984375,0.983642578125,-0.172119140625,-0.9765624403953552,0.7934569716453552,0.5493163466453552,86.66667175292969,93241.0,1.0
316775.375,310370.0,304490.84375,297295.03125,288865.09375,307082.0625,210843.484375,305049.75,-0.03173828125,0.984130859375,-0.171875,-0.8850097060203552,0.7324218153953552,0.7019042372703552,86.66667175292969,93242.0,1.0
316779.03125,310397.875,304496.75,297301.09375,288869.9375,307082.75,210846.34375,305066.09375,-0.031005859375,0.98486328125,-0.171630859375,-0.9155272841453552,0.5798339247703552,0.6713866591453552,86.66667175292969,93243.0,1.0
316784.0625,310396.71875,304504.34375,297303.96875,288873.59375,307084.65625,210847.859375,305063.25,-0.031982421875,0.98291015625,-0.17236328125,-0.9765624403953552,0.6408690810203552,0.6103515028953552,86.66667175292969,93244.0,1.0
316791.46875,310375.0,304511.0625,297307.71875,288876.65625,307087.15625,210847.6875,305047.875,-0.031982421875,0.986328125,-0.174072265625,-0.8239745497703552,0.6713866591453552,0.5493163466453552,86.66667175292969,93245.0,1.0
316795.125,310377.21875,304513.375,297311.21875,288878.25,307085.34375,210846.609375,305048.65625,-0.033203125,0.987060546875,-0.1748046875,-0.8544921278953552,0.5798339247703552,0.5493163466453552,86.66667175292969,93246.0,1.0
316792.53125,310397.78125,304510.53125,297312.46875,288876.90625,307079.375,210844.109375,305063.6875,-0.032470703125,0.985595703125,-0.174560546875,-0.9155272841453552,0.4882812201976776,0.5798339247703552,86.66667175292969,93247.0,1.0
316787.0,310393.875,304505.34375,297307.4375,288872.78125,307073.8125,210840.34375,305059.5625,-0.03173828125,0.985107421875,-0.173583984375,-0.8850097060203552,0.5493163466453552,0.5493163466453552,86.66667175292969,93248.0,1.0
316783.78125,310366.40625,304503.0,297301.375,288867.96875,307070.875,210839.015625,305042.59375,-0.0302734375,0.985595703125,-0.1767578125,-0.7934569716453552,0.5187987685203552,0.7019042372703552,86.66667175292969,93249.0,1.0
316777.96875,310355.96875,304497.03125,297296.625,288862.875,307067.03125,210836.6875,305039.53125,-0.029541015625,0.98681640625,-0.177978515625,-0.8239745497703552,0.5493163466453552,0.5187987685203552,86.66667175292969,93250.0,1.0
316770.46875,310375.34375,304488.8125,297293.5,288858.65625,307064.4375,210834.71875,305053.125,-0.03076171875,0.98681640625,-0.17529296875,-0.9155272841453552,0.4577636420726776,0.4577636420726776,86.66667175292969,93251.0,1.0
316766.25,310380.1875,304482.625,297289.75,288855.28125,307062.75,210834.53125,305057.4375,-0.029052734375,0.98486328125,-0.171875,-0.8544921278953552,0.4272460639476776,0.6103515028953552,86.66667175292969,93252.0,1.0
316765.375,310355.40625,304479.84375,297283.03125,288852.15625,307063.4375,210835.875,305043.3125,-0.029052734375,0.98388671875,-0.171142578125,-0.9155272841453552,0.4577636420726776,0.5187987685203552,86.66667175292969,93253.0,1.0
316765.4375,310342.4375,304478.96875,297280.0,288850.34375,307061.84375,210835.796875,305037.9375,-0.031982421875,0.984375,-0.171630859375,-0.8544921278953552,0.4272460639476776,0.5493163466453552,86.66667175292969,93254.0,1.0
316764.5625,310361.6875,304480.03125,297282.0625,288850.34375,307058.8125,210833.640625,305049.46875,-0.028564453125,0.986083984375,-0.170654296875,-0.8544921278953552,0.5187987685203552,0.6408690810203552,86.66667175292969,93255.0,1.0
316765.71875,310375.0,304484.0625,297287.0625,288854.375,307060.15625,210834.625,305056.25,-0.0283203125,0.985595703125,-0.173583984375,-0.9155272841453552,0.5493163466453552,0.5798339247703552,86.66667175292969,93256.0,1.0
316769.21875,310356.03125,304488.4375,297290.71875,288858.40625,307064.96875,210839.1875,305046.4375,-0.027099609375,0.9873046875,-0.174560546875,-1.0070799589157104,0.4577636420726776,0.5798339247703552,86.66667175292969,93257.0,1.0
316767.0625,310334.9375,304486.75,297289.65625,288856.78125,307066.75,210840.703125,305039.71875,-0.02734375,0.986328125,-0.17333984375,-0.9155272841453552,0.4272460639476776,0.6713866591453552,86.66667175292969,93258.0,1.0
316766.96875,310351.75,304487.8125,297293.40625,288856.875,307069.71875,210842.765625,305051.71875,-0.028564453125,0.98779296875,-0.171875,-0.9155272841453552,0.4882812201976776,0.5798339247703552,86.66667175292969,93259.0,1.0
316767.25,310371.78125,304488.625,297296.375,288856.96875,307071.0625,210842.140625,305061.0,-0.029052734375,0.987060546875,-0.174072265625,-0.8544921278953552,0.5493163466453552,0.5493163466453552,86.66667175292969,93260.0,1.0
316767.40625,310357.65625,304487.8125,297291.90625,288855.1875,307071.5,210840.265625,305049.65625,-0.029541015625,0.988037109375,-0.171142578125,-0.9155272841453552,0.5798339247703552,0.4882812201976776,86.66667175292969,93261.0,1.0
316766.78125,310339.15625,304487.46875,297288.59375,288855.1875,307073.03125,210841.421875,305041.25,-0.02978515625,0.985595703125,-0.171142578125,-0.9460448622703552,0.5798339247703552,0.5798339247703552,86.66667175292969,93262.0,1.0
316766.6875,310355.6875,304486.375,297289.46875,288857.15625,307075.0625,210843.484375,305051.78125,-0.02783203125,0.984619140625,-0.172607421875,-0.9155272841453552,0.5187987685203552,0.4882812201976776,86.66667175292969,93263.0,1.0
316765.625,310381.0,304483.34375,297290.65625,288859.03125,307078.03125,210846.96875,305066.09375,-0.02783203125,0.985595703125,-0.174072265625,-0.9155272841453552,0.5493163466453552,0.6408690810203552,86.66667175292969,93264.0,1.0
316764.90625,310373.3125,304482.8125,297288.59375,288862.875,307083.03125,210852.328125,305060.125,-0.026611328125,0.98681640625,-0.175537109375,-0.8239745497703552,0.5493163466453552,0.5798339247703552,86.66667175292969,93265.0,1.0
316767.34375,310352.90625,304485.59375,297288.125,288867.53125,307088.03125,210857.515625,305051.96875,-0.02734375,0.984619140625,-0.173095703125,-0.9460448622703552,0.6408690810203552,0.4577636420726776,86.66667175292969,93266.0,1.0
316772.4375,310363.90625,304491.84375,297291.90625,288873.6875,307091.96875,210861.8125,305061.0,-0.02685546875,0.98486328125,-0.173828125,-0.9155272841453552,0.7019042372703552,0.5493163466453552,86.66667175292969,93267.0,1.0
316781.71875,310397.25,304501.5,297297.875,288881.8125,307097.25,210864.40625,305075.5625,-0.026123046875,0.986328125,-0.1728515625,-0.9765624403953552,0.6408690810203552,0.5187987685203552,86.66667175292969,93268.0,1.0
316786.8125,310399.9375,304507.5625,297297.53125,288884.34375,307097.96875,210864.84375,305071.65625,-0.02734375,0.9853515625,-0.171142578125,-1.0375975370407104,0.6408690810203552,0.5187987685203552,86.66667175292969,93269.0,1.0
316792.71875,310381.15625,304513.75,297296.90625,288886.5625,307098.5,210863.6875,305055.09375,-0.028076171875,0.986083984375,-0.172607421875,-0.9460448622703552,0.6408690810203552,0.4882812201976776,86.66667175292969,93270.0,1.0
316799.5,310386.875,304518.46875,297299.9375,288889.6875,307099.46875,210861.359375,305053.9375,-0.02783203125,0.98681640625,-0.17236328125,-1.0681151151657104,0.7934569716453552,0.5798339247703552,86.66667175292969,93271.0,1.0
316806.40625,310419.96875,304523.21875,297305.84375,288893.8125,307101.53125,210862.171875,305068.4375,-0.025634765625,0.985595703125,-0.1748046875,-0.9460448622703552,0.6408690810203552,0.3967284858226776,86.66667175292969,93272.0,1.0
316808.8125,310426.5,304523.65625,297306.46875,288894.625,307103.40625,210863.953125,305070.65625,-0.026611328125,0.984619140625,-0.171875,-0.9460448622703552,0.7019042372703552,0.4577636420726776,86.66667175292969,93273.0,1.0
316807.65625,310401.1875,304521.25,297303.59375,288890.78125,307101.28125,210861.625,305055.0,-0.028076171875,0.9853515625,-0.171630859375,-1.0070799589157104,0.7629393935203552,0.4272460639476776,86.66667175292969,93274.0,1.0
316804.15625,310392.4375,304515.96875,297300.84375,288886.125,307098.0625,210858.40625,305052.5,-0.029052734375,0.986083984375,-0.169921875,-0.9155272841453552,0.7934569716453552,0.4272460639476776,86.66667175292969,93275.0,1.0
316802.5625,310415.3125,304512.5,297301.28125,288884.15625,307095.90625,210857.78125,305067.53125,-0.02734375,0.985595703125,-0.174072265625,-0.9765624403953552,0.7629393935203552,0.3662109076976776,86.66667175292969,93276.0,1.0
316797.1875,310418.0,304507.5625,297296.71875,288879.5,307092.34375,210854.828125,305068.0625,-0.029052734375,0.986083984375,-0.173828125,-0.8850097060203552,0.8239745497703552,0.3662109076976776,86.66667175292969,93277.0,1.0
316794.25,310390.90625,304504.1875,297291.71875,288875.375,307091.15625,210854.5625,305052.5,-0.027587890625,0.98583984375,-0.174560546875,-0.8850097060203552,0.8850097060203552,0.3662109076976776,86.66667175292969,93278.0,1.0
316788.4375,310372.125,304498.09375,297287.5,288867.53125,307083.65625,210850.453125,305046.25,-0.028076171875,0.98291015625,-0.173828125,-0.9460448622703552,0.8850097060203552,0.3967284858226776,86.66667175292969,93279.0,1.0
316783.96875,310388.6875,304495.3125,297288.3125,288862.875,307077.125,210845.359375,305058.84375,-0.030517578125,0.985595703125,-0.172119140625,-0.9765624403953552,0.9460448622703552,0.3662109076976776,86.66667175292969,93280.0,1.0
316784.21875,310401.5625,304497.28125,297291.28125,288863.40625,307073.8125,210843.390625,305066.09375,-0.0322265625,0.98486328125,-0.173828125,-1.0070799589157104,0.9460448622703552,0.3051757514476776,86.66667175292969,93281.0,1.0
316784.40625,310376.53125,304497.84375,297289.46875,288862.0625,307071.78125,210841.59375,305053.21875,-0.02880859375,0.986328125,-0.174072265625,-1.0375975370407104,0.8544921278953552,0.3051757514476776,86.66667175292969,93282.0,1.0
316783.40625,310351.46875,304495.25,297287.96875,288859.375,307068.90625,210840.53125,305042.84375,-0.029541015625,0.98828125,-0.173095703125,-0.9460448622703552,0.8239745497703552,0.2746581733226776,86.66667175292969,93283.0,1.0
316780.65625,310362.40625,304489.59375,297290.71875,288857.0625,307066.3125,210838.734375,305052.875,-0.027587890625,0.984130859375,-0.1748046875,-0.9765624403953552,0.8544921278953552,0.3356933295726776,86.66667175292969,93284.0,1.0
316778.59375,310378.46875,304486.03125,297293.5,288855.4375,307065.34375,210838.109375,305060.28125,-0.029296875,0.9853515625,-0.17431640625,-1.0375975370407104,0.8544921278953552,0.3967284858226776,86.66667175292969,93285.0,1.0
316780.65625,310363.71875,304488.34375,297297.53125,288857.5,307068.8125,210843.125,305054.84375,-0.029541015625,0.987548828125,-0.17431640625,-1.0375975370407104,0.8239745497703552,0.4577636420726776,86.66667175292969,93286.0,1.0
316782.4375,310343.71875,304490.84375,297298.40625,288860.28125,307073.03125,210846.78125,305047.6875,-0.029296875,0.9853515625,-0.173095703125,-1.0375975370407104,0.8544921278953552,0.4577636420726776,86.66667175292969,93287.0,1.0
316783.34375,310356.5,304490.5,297300.3125,288862.25,307074.1875,210848.3125,305057.875,-0.028564453125,0.98583984375,-0.170166015625,-1.0375975370407104,0.7934569716453552,0.5493163466453552,86.66667175292969,93288.0,1.0
316784.40625,310379.28125,304489.875,297301.1875,288861.8125,307073.71875,210847.40625,305070.40625,-0.02978515625,0.98486328125,-0.1728515625,-1.0681151151657104,0.7629393935203552,0.5187987685203552,86.66667175292969,93289.0,1.0
316784.5,310372.21875,304490.5,297297.96875,288861.625,307073.8125,210845.71875,305062.6875,-0.028564453125,0.984619140625,-0.17431640625,-1.0986326932907104,0.8544921278953552,0.5798339247703552,86.66667175292969,93290.0,1.0
316785.21875,310354.96875,304493.28125,297295.03125,288863.59375,307077.5,210847.6875,305048.75,-0.029541015625,0.98486328125,-0.175048828125,-1.0375975370407104,0.7934569716453552,0.5493163466453552,86.66667175292969,93291.0,1.0
316788.96875,310366.3125,304497.28125,297298.15625,288868.0625,307082.0625,210852.59375,305054.46875,-0.030029296875,0.985595703125,-0.17431640625,-1.0375975370407104,0.7324218153953552,0.5798339247703552,86.66667175292969,93292.0,1.0
316789.15625,310392.96875,304496.84375,297299.84375,288870.28125,307081.5,210855.015625,305068.78125,-0.029052734375,0.982421875,-0.171875,-1.0375975370407104,0.7019042372703552,0.6713866591453552,86.66667175292969,93293.0,1.0
316786.1875,310389.5625,304494.34375,297295.5625,288867.625,307080.34375,210854.390625,305064.03125,-0.029541015625,0.983642578125,-0.170166015625,-1.0375975370407104,0.6408690810203552,0.6713866591453552,86.66667175292969,93294.0,1.0
316786.1875,310365.34375,304493.09375,297290.5625,288866.0,307082.21875,210855.109375,305047.78125,-0.0283203125,0.984130859375,-0.17138671875,-0.9155272841453552,0.6103515028953552,0.6713866591453552,86.66667175292969,93295.0,1.0
316789.78125,310368.75,304495.6875,297290.46875,288866.90625,307084.65625,210856.0,305047.5,-0.02880859375,0.98583984375,-0.172607421875,-0.7629393935203552,0.6103515028953552,0.6408690810203552,86.66667175292969,93296.0,1.0
316792.625,310397.78125,304498.46875,297291.8125,288867.78125,307084.09375,210852.0625,305059.75,-0.029052734375,0.98388671875,-0.171142578125,-0.8850097060203552,0.7019042372703552,0.6408690810203552,86.66667175292969,93297.0,1.0
316792.71875,310405.21875,304499.875,297290.09375,288867.25,307083.84375,210850.0,305058.78125,-0.0263671875,0.98388671875,-0.1728515625,-0.7934569716453552,0.7019042372703552,0.6103515028953552,86.66667175292969,93298.0,1.0
316789.5,310381.78125,304499.09375,297285.375,288865.5625,307083.125,210847.6875,305042.40625,-0.028564453125,0.982421875,-0.17138671875,-0.7324218153953552,0.6713866591453552,0.6408690810203552,86.66667175292969,93299.0,1.0
316786.625,310376.875,304496.84375,297283.125,288864.84375,307082.3125,210846.421875,305038.90625,-0.028076171875,0.983642578125,-0.173583984375,-0.6713866591453552,0.6408690810203552,0.6103515028953552,86.66667175292969,93300.0,1.0
316787.09375,310403.53125,304497.21875,297285.46875,288867.15625,307082.84375,210846.78125,305053.40625,-0.028076171875,0.98291015625,-0.171875,-0.6408690810203552,0.6408690810203552,0.5493163466453552,86.66667175292969,93301.0,1.0
316787.4375,310414.0625,304496.65625,297286.1875,288866.90625,307083.125,210846.078125,305056.4375,-0.025146484375,0.982666015625,-0.17431640625,-0.7019042372703552,0.6103515028953552,0.5493163466453552,86.66667175292969,93302.0,1.0
316786.625,310390.71875,304495.59375,297283.65625,288864.3125,307083.21875,210846.515625,305043.03125,-0.026123046875,0.982666015625,-0.17529296875,-0.5798339247703552,0.6713866591453552,0.4882812201976776,86.66667175292969,93303.0,1.0
316781.71875,310372.03125,304491.40625,297281.6875,288859.84375,307079.71875,210843.921875,305035.0,-0.02685546875,0.983154296875,-0.175048828125,-0.5493163466453552,0.6408690810203552,0.6103515028953552,86.66667175292969,93304.0,1.0
316778.25,310388.6875,304489.4375,297284.65625,288859.125,307078.375,210844.109375,305047.59375,-0.02734375,0.98486328125,-0.17333984375,-0.4577636420726776,0.7324218153953552,0.5798339247703552,86.66667175292969,93305.0,1.0
316772.34375,310398.34375,304485.65625,297283.9375,288856.53125,307076.59375,210842.578125,305055.5625,-0.028076171875,0.986083984375,-0.17431640625,-0.4272460639476776,0.6713866591453552,0.5493163466453552,86.66667175292969,93306.0,1.0
316770.8125,310375.8125,304485.59375,297282.3125,288855.71875,307076.0625,210842.765625,305044.46875,-0.028564453125,0.986083984375,-0.170166015625,-0.4577636420726776,0.7019042372703552,0.5798339247703552,86.66667175292969,93307.0,1.0
316770.625,310355.25,304485.21875,297281.6875,288854.28125,307075.25,210842.5,305036.40625,-0.02880859375,0.987060546875,-0.170654296875,-0.4882812201976776,0.7934569716453552,0.6103515028953552,86.66667175292969,93308.0,1.0
316770.375,310369.90625,304483.4375,297285.625,288853.03125,307073.03125,210841.6875,305048.03125,-0.027099609375,0.98779296875,-0.17138671875,-0.4272460639476776,0.8544921278953552,0.4882812201976776,86.66667175292969,93309.0,1.0
316771.96875,310390.65625,304483.875,297291.0,288855.1875,307073.90625,210843.03125,305059.84375,-0.02685546875,0.98779296875,-0.17529296875,-0.3662109076976776,0.9155272841453552,0.4272460639476776,86.66667175292969,93310.0,1.0
316771.4375,310377.3125,304484.0625,297291.53125,288856.15625,307075.34375,210845.625,305052.0625,-0.027587890625,0.98681640625,-0.175537109375,-0.4272460639476776,0.9765624403953552,0.3356933295726776,86.66667175292969,93311.0,1.0
316774.40625,310357.28125,304486.5625,297293.6875,288859.75,307077.84375,210849.828125,305044.90625,-0.02734375,0.985595703125,-0.174072265625,-0.4577636420726776,0.9155272841453552,0.2136230319738388,86.66667175292969,93312.0,1.0
316777.34375,310369.71875,304488.875,297298.25,288863.40625,307080.0,210850.625,305053.03125,-0.028076171875,0.987548828125,-0.174560546875,-0.3967284858226776,0.8239745497703552,0.2441406100988388,86.66667175292969,93313.0,1.0
316781.375,310393.59375,304491.46875,297301.90625,288866.4375,307081.96875,210851.890625,305065.03125,-0.02685546875,0.9873046875,-0.17333984375,-0.4882812201976776,0.9155272841453552,0.3051757514476776,86.66667175292969,93314.0,1.0
316783.5,310383.3125,304493.4375,297300.84375,288865.8125,307081.34375,210851.890625,305057.25,-0.0263671875,0.9873046875,-0.17578125,-0.5798339247703552,0.8850097060203552,0.3356933295726776,86.66667175292969,93315.0,1.0
316783.34375,310356.125,304494.53125,297297.53125,288864.3125,307079.28125,210851.4375,305042.5,-0.026123046875,0.985107421875,-0.17578125,-0.5493163466453552,0.9765624403953552,0.3356933295726776,86.66667175292969,93316.0,1.0
316783.5,310360.78125,304495.0625,297298.5,288864.65625,307078.375,210852.328125,305049.1875,-0.02587890625,0.9833984375,-0.177490234375,-0.6103515028953552,1.0070799589157104,0.3662109076976776,86.66667175292969,93317.0,1.0
316786.0,310389.40625,304497.28125,297301.5625,288869.5625,307083.125,210857.96875,305068.59375,-0.025390625,0.980712890625,-0.17724609375,-0.5798339247703552,1.0986326932907104,0.3662109076976776,86.66667175292969,93318.0,1.0
316781.0,310385.5625,304493.09375,297295.125,288867.0625,307082.0625,210857.78125,305064.9375,-0.0244140625,0.98388671875,-0.178466796875,-0.5493163466453552,1.0681151151657104,0.4272460639476776,86.66667175292969,93319.0,1.0
316778.6875,310357.46875,304489.6875,297290.28125,288863.5,307080.96875,210858.234375,305051.15625,-0.02587890625,0.98388671875,-0.181640625,-0.5493163466453552,1.1596678495407104,0.4577636420726776,86.66667175292969,93320.0,1.0
316780.03125,310355.40625,304487.90625,297289.125,288862.59375,307080.625,210858.234375,305051.53125,-0.024658203125,0.985107421875,-0.1787109375,-0.3662109076976776,1.1596678495407104,0.4882812201976776,86.66667175292969,93321.0,1.0
316781.90625,310381.15625,304485.40625,297290.71875,288861.71875,307079.53125,210856.4375,305062.6875,-0.025146484375,0.986572265625,-0.177734375,-0.5187987685203552,1.1596678495407104,0.5493163466453552,86.66667175292969,93322.0,1.0
316782.4375,310384.65625,304483.34375,297287.4375,288859.125,307077.65625,210852.78125,305059.3125,-0.0244140625,0.987060546875,-0.176025390625,-0.4272460639476776,1.2512205839157104,0.5493163466453552,86.66667175292969,93323.0,1.0
316786.09375,310363.28125,304486.46875,297284.84375,288859.125,307077.65625,210849.296875,305042.6875,-0.027099609375,0.987060546875,-0.178955078125,-0.4272460639476776,1.1901854276657104,0.5798339247703552,86.66667175292969,93324.0,1.0
316787.28125,310360.59375,304489.59375,297284.84375,288859.28125,307078.03125,210846.703125,305039.90625,-0.0263671875,0.988037109375,-0.177001953125,-0.4577636420726776,1.1901854276657104,0.5493163466453552,86.66667175292969,93325.0,1.0
316786.90625,310389.03125,304491.3125,297286.1875,288860.8125,307079.53125,210846.078125,305051.78125,-0.026123046875,0.987548828125,-0.17822265625,-0.4577636420726776,1.2512205839157104,0.4882812201976776,86.66667175292969,93326.0,1.0
316784.6875,310401.0,304489.6875,297283.3125,288860.71875,307080.8125,210846.15625,305053.3125,-0.029052734375,0.986572265625,-0.17919921875,-0.4577636420726776,1.3122557401657104,0.3051757514476776,86.66667175292969,93327.0,1.0
316780.90625,310378.75,304485.9375,297278.5625,288858.21875,307080.25,210845.625,305039.375,-0.032470703125,0.985595703125,-0.17626953125,-0.7019042372703552,1.2817381620407104,0.3051757514476776,86.66667175292969,93328.0,1.0
316775.46875,310362.84375,304480.21875,297275.8125,288855.53125,307079.53125,210844.546875,305032.84375,-0.033203125,0.98876953125,-0.17626953125,-0.7324218153953552,1.2207030057907104,0.2136230319738388,86.66667175292969,93329.0,1.0
316773.75,310382.78125,304476.46875,297278.125,288855.28125,307080.71875,210845.625,305044.46875,-0.033935546875,0.9912109375,-0.17529296875,-0.8544921278953552,1.1596678495407104,0.0,86.66667175292969,93330.0,1.0
316769.375,310394.75,304471.71875,297278.40625,288852.6875,307078.84375,210846.078125,305050.46875,-0.034912109375,0.9951171875,-0.17333984375,-0.9460448622703552,1.0986326932907104,-0.1831054538488388,86.66667175292969,93331.0,1.0
316766.53125,310371.78125,304467.6875,297277.59375,288848.125,307075.15625,210845.171875,305039.71875,-0.033935546875,0.994873046875,-0.17236328125,-1.1291502714157104,0.9155272841453552,-0.3051757514476776,86.66667175292969,93332.0,1.0
316766.34375,310350.5,304467.6875,297278.46875,288844.90625,307070.875,210843.296875,305032.125,-0.034912109375,0.994140625,-0.173583984375,-1.2512205839157104,0.8239745497703552,-0.3662109076976776,86.66667175292969,93333.0,1.0
316766.96875,310364.625,304468.59375,297280.8125,288843.03125,307065.96875,210840.078125,305041.96875,-0.03125,0.993408203125,-0.171875,-1.4038084745407104,0.7629393935203552,-0.4272460639476776,86.66667175292969,93334.0,1.0
316769.21875,310384.28125,304471.09375,297283.40625,288842.125,307062.28125,210836.5,305049.8125,-0.0283203125,0.991943359375,-0.172119140625,-1.4953612089157104,0.7324218153953552,-0.4272460639476776,86.66667175292969,93335.0,1.0
316770.625,310370.15625,304472.53125,297281.25,288841.15625,307059.25,210834.0,305039.28125,-0.02978515625,0.99072265625,-0.172119140625,-1.6784666776657104,0.6408690810203552,-0.3051757514476776,86.66667175292969,93336.0,1.0
316769.75,310347.09375,304473.5,297280.375,288841.25,307057.8125,210834.1875,305028.1875,-0.0283203125,0.989990234375,-0.1748046875,-1.6784666776657104,0.6408690810203552,-0.2441406100988388,86.66667175292969,93337.0,1.0
316769.90625,310357.125,304474.40625,297284.75,288843.5625,307057.375,210835.34375,305038.46875,-0.028564453125,0.988525390625,-0.17138671875,-1.6784666776657104,0.5798339247703552,-0.1220703050494194,86.66667175292969,93338.0,1.0
316771.25,310381.625,304476.1875,297289.21875,288847.9375,307059.15625,210838.296875,305055.28125,-0.028564453125,0.98779296875,-0.173828125,-1.6784666776657104,0.7019042372703552,-0.1525878757238388,86.66667175292969,93339.0,1.0
316772.5,310375.25,304478.78125,297290.46875,288850.09375,307062.75,210841.15625,305052.0625,-0.029052734375,0.986572265625,-0.174560546875,-1.7089842557907104,0.7019042372703552,0.03051757626235485,86.66667175292969,93340.0,1.0
316771.625,310348.4375,304478.25,297289.21875,288849.46875,307063.28125,210841.59375,305039.375,-0.029052734375,0.9873046875,-0.17626953125,-1.6174315214157104,0.6408690810203552,0.2746581733226776,86.66667175292969,93341.0,1.0
316771.4375,310351.65625,304477.8125,297289.65625,288850.0,307063.71875,210842.765625,305045.28125,-0.0302734375,0.98681640625,-0.17529296875,-1.6479490995407104,0.6103515028953552,0.4272460639476776,86.66667175292969,93342.0,1.0
316772.875,310378.65625,304478.59375,297291.53125,288850.1875,307065.5,210843.125,305058.6875,-0.028564453125,0.98388671875,-0.173095703125,-1.4953612089157104,0.6408690810203552,0.5798339247703552,86.66667175292969,93343.0,1.0
316774.75,310380.28125,304478.78125,297287.6875,288849.625,307065.96875,210843.484375,305055.375,-0.031005859375,0.983154296875,-0.169677734375,-1.4343260526657104,0.5187987685203552,0.6408690810203552,86.66667175292969,93344.0,1.0
316779.21875,310357.90625,304482.53125,297286.1875,288851.53125,307069.71875,210846.609375,305043.5625,-0.03369140625,0.983642578125,-0.1728515625,-1.4953612089157104,0.5798339247703552,0.7934569716453552,86.66667175292969,93345.0,1.0
316782.25,310357.375,304486.375,297289.03125,288854.5625,307071.3125,210848.75,305045.90625,-0.03125,0.983154296875,-0.171875,-1.4953612089157104,0.4577636420726776,0.7019042372703552,86.66667175292969,93346.0,1.0
316783.5,310381.34375,304486.5625,297290.09375,288856.0,307071.21875,210849.640625,305058.6875,-0.031982421875,0.98388671875,-0.17041015625,-1.4648436307907104,0.4577636420726776,0.7934569716453552,86.66667175292969,93347.0,1.0
316785.21875,310388.21875,304487.8125,297288.75,288857.25,307072.65625,210851.4375,305060.375,-0.03271484375,0.98095703125,-0.171142578125,-1.5258787870407104,0.5187987685203552,0.7629393935203552,86.66667175292969,93348.0,1.0
316787.71875,310366.3125,304490.3125,297286.4375,288859.375,307074.90625,210853.5,305046.59375,-0.03271484375,0.980224609375,-0.170654296875,-1.4343260526657104,0.3356933295726776,0.7324218153953552,86.66667175292969,93349.0,1.0
316789.6875,310359.4375,304491.65625,297285.46875,288859.5625,307074.375,210852.15625,305041.5,-0.03076171875,0.978759765625,-0.17333984375,-1.3732908964157104,0.3051757514476776,0.6408690810203552,86.66667175292969,93350.0,1.0
316790.3125,310382.40625,304490.3125,297284.75,288858.40625,307073.09375,210848.84375,305051.78125,-0.03125,0.978515625,-0.17333984375,-1.2207030057907104,0.2441406100988388,0.6103515028953552,86.66667175292969,93351.0,1.0
316787.34375,310392.34375,304486.375,297281.0,288854.1875,307071.9375,210845.71875,305052.25,-0.02880859375,0.978759765625,-0.171630859375,-1.0986326932907104,0.1831054538488388,0.6408690810203552,86.66667175292969,93352.0,1.0
316782.875,310368.65625,304481.8125,297273.21875,288848.3125,307070.34375,210842.140625,305034.53125,-0.028076171875,0.977783203125,-0.173583984375,-1.1291502714157104,0.3051757514476776,0.5493163466453552,86.66667175292969,93353.0,1.0
316777.4375,310348.625,304477.4375,297269.09375,288845.15625,307067.65625,210839.640625,305026.21875,-0.027099609375,0.977294921875,-0.173583984375,-1.0070799589157104,0.3051757514476776,0.4577636420726776,86.66667175292969,93354.0,1.0
316771.96875,310362.9375,304470.75,297269.28125,288840.78125,307063.0,210837.671875,305038.125,-0.0263671875,0.97802734375,-0.171142578125,-0.8850097060203552,0.3356933295726776,0.4272460639476776,86.66667175292969,93355.0,1.0
316769.28125,310377.0625,304465.8125,297267.5,288836.59375,307062.125,210837.21875,305046.59375,-0.02490234375,0.9814453125,-0.169189453125,-0.8544921278953552,0.3662109076976776,0.4577636420726776,86.66667175292969,93356.0,1.0
316766.0625,310356.3125,304462.78125,297262.9375,288832.90625,307061.84375,210837.21875,305034.8125,-0.0234375,0.982666015625,-0.174072265625,-0.8544921278953552,0.3662109076976776,0.4272460639476776,86.66667175292969,93357.0,1.0
316763.21875,310331.71875,304459.21875,297258.8125,288827.375,307056.46875,210832.03125,305022.46875,-0.02294921875,0.981201171875,-0.17041015625,-0.7934569716453552,0.5493163466453552,0.5187987685203552,86.66667175292969,93358.0,1.0
316767.5,310351.65625,304462.34375,297262.46875,288830.34375,307058.09375,210832.921875,305034.4375,-0.021240234375,0.98193359375,-0.171630859375,-0.8239745497703552,0.6103515028953552,0.5187987685203552,86.66667175292969,93359.0,1.0
316771.25,310376.0625,304465.09375,297267.75,288835.875,307061.5625,210836.953125,305047.15625,-0.023681640625,0.98291015625,-0.1728515625,-0.9155272841453552,0.7934569716453552,0.5798339247703552,86.66667175292969,93360.0,1.0
316771.09375,310364.8125,304466.53125,297270.15625,288838.5625,307063.4375,210841.25,305043.5625,-0.02490234375,0.983642578125,-0.173828125,-0.9155272841453552,0.9155272841453552,0.4577636420726776,86.66667175292969,93361.0,1.0
316768.40625,310342.375,304466.71875,297270.53125,288839.4375,307063.0,210841.78125,305032.9375,-0.025634765625,0.986083984375,-0.17578125,-0.8850097060203552,0.9765624403953552,0.4272460639476776,86.66667175292969,93362.0,1.0
316770.0,310353.09375,304468.3125,297275.8125,288842.3125,307064.96875,210842.234375,305038.5625,-0.0263671875,0.984619140625,-0.17529296875,-0.9765624403953552,1.1291502714157104,0.3662109076976776,86.66667175292969,93363.0,1.0
316766.0625,310371.6875,304464.75,297277.40625,288841.15625,307061.9375,210841.78125,305050.1875,-0.026611328125,0.98681640625,-0.172607421875,-0.8544921278953552,1.1596678495407104,0.4272460639476776,86.66667175292969,93364.0,1.0
316761.15625,310360.34375,304461.4375,297274.8125,288838.90625,307059.4375,210841.421875,305045.34375,-0.027587890625,0.9873046875,-0.170166015625,-1.0375975370407104,1.1596678495407104,0.3967284858226776,86.66667175292969,93365.0,1.0
316756.34375,310332.15625,304457.875,297270.71875,288835.59375,307056.3125,210839.90625,305031.21875,-0.02685546875,0.9873046875,-0.17236328125,-1.0070799589157104,1.1901854276657104,0.2441406100988388,86.66667175292969,93366.0,1.0
316752.125,310331.28125,304456.34375,297271.40625,288835.96875,307056.9375,210841.421875,305035.625,-0.02685546875,0.98583984375,-0.17431640625,-1.0986326932907104,1.2817381620407104,0.2136230319738388,86.66667175292969,93367.0,1.0
316750.34375,310356.3125,304456.0625,297273.5625,288837.65625,307058.96875,210842.9375,305048.03125,-0.026611328125,0.98779296875,-0.17431640625,-1.0070799589157104,1.2512205839157104,0.2136230319738388,86.66667175292969,93368.0,1.0
316750.25,310357.21875,304456.25,297272.6875,288838.65625,307060.9375,210845.265625,305046.875,-0.026611328125,0.986328125,-0.1748046875,-1.0070799589157104,1.2207030057907104,0.3051757514476776,86.66667175292969,93369.0,1.0
316750.4375,310335.125,304457.40625,297270.71875,288839.28125,307063.4375,210847.40625,305033.90625,-0.0234375,0.986572265625,-0.173583984375,-1.1291502714157104,1.2817381620407104,0.2136230319738388,86.66667175292969,93370.0,1.0
316751.59375,310335.125,304459.03125,297271.15625,288839.8125,307063.1875,210846.15625,305031.6875,-0.02490234375,0.98876953125,-0.171630859375,-0.9460448622703552,1.2817381620407104,0.3051757514476776,86.66667175292969,93371.0,1.0
316755.96875,310365.34375,304463.9375,297275.53125,288843.5625,307064.78125,210846.34375,305047.59375,-0.0263671875,0.989013671875,-0.173583984375,-0.9765624403953552,1.3122557401657104,0.3662109076976776,86.66667175292969,93372.0,1.0
316759.90625,310374.71875,304467.78125,297276.6875,288846.96875,307066.125,210848.484375,305049.375,-0.0263671875,0.98779296875,-0.1689453125,-1.0986326932907104,1.2817381620407104,0.3967284858226776,86.66667175292969,93373.0,1.0
316762.59375,310351.3125,304470.1875,297272.75,288846.875,307066.40625,210847.234375,305032.125,-0.027587890625,0.989013671875,-0.173583984375,-1.0986326932907104,1.2817381620407104,0.4272460639476776,86.66667175292969,93374.0,1.0
316765.0,310341.28125,304470.65625,297270.0,288844.53125,307063.09375,210843.03125,305026.3125,-0.0283203125,0.98828125,-0.1748046875,-1.1901854276657104,1.2512205839157104,0.5493163466453552,86.66667175292969,93375.0,1.0
316770.90625,310366.15625,304472.53125,297272.3125,288845.34375,307061.40625,210840.96875,305040.875,-0.029541015625,0.990234375,-0.173095703125,-1.0986326932907104,1.2512205839157104,0.3967284858226776,86.66667175292969,93376.0,1.0
316773.0625,310376.25,304471.71875,297267.03125,288841.25,307057.8125,210836.953125,305040.4375,-0.02978515625,0.98828125,-0.17138671875,-1.0986326932907104,1.1901854276657104,0.4882812201976776,86.66667175292969,93377.0,1.0
316774.5625,310355.6875,304471.53125,297259.8125,288836.59375,307056.03125,210833.734375,305021.5625,-0.029052734375,0.98681640625,-0.17236328125,-0.9765624403953552,1.1291502714157104,0.5493163466453552,86.66667175292969,93378.0,1.0
316779.5625,310342.8125,304474.9375,297260.4375,288837.125,307058.28125,210834.984375,305013.78125,-0.029541015625,0.987548828125,-0.171142578125,-1.1291502714157104,1.1596678495407104,0.5798339247703552,86.66667175292969,93379.0,1.0
316778.59375,310359.71875,304472.625,297264.1875,288834.875,307055.21875,210832.75,305025.875,-0.029541015625,0.989013671875,-0.173095703125,-1.1291502714157104,1.0375975370407104,0.5187987685203552,86.66667175292969,93380.0,1.0
316772.59375,310371.78125,304466.0,297264.28125,288829.625,307050.03125,210829.359375,305033.375,-0.03076171875,0.98828125,-0.1748046875,-1.1901854276657104,1.0375975370407104,0.5187987685203552,86.66667175292969,93381.0,1.0
316764.8125,310350.15625,304459.46875,297261.75,288825.5,307048.15625,210829.359375,305023.90625,-0.029052734375,0.98876953125,-0.1748046875,-1.0070799589157104,1.0681151151657104,0.3662109076976776,86.66667175292969,93382.0,1.0
316761.53125,310327.4375,304456.34375,297261.59375,288824.15625,307048.4375,210832.390625,305018.90625,-0.02978515625,0.98828125,-0.174560546875,-1.1596678495407104,1.0375975370407104,0.4272460639476776,86.66667175292969,93383.0,1.0
316757.21875,310335.9375,304451.34375,297262.375,288821.3125,307044.9375,210829.078125,305028.46875,-0.0283203125,0.987060546875,-0.173828125,-1.1596678495407104,0.9155272841453552,0.4882812201976776,86.66667175292969,93384.0,1.0
316757.40625,310359.4375,304453.21875,297266.15625,288825.9375,307047.8125,210831.59375,305043.9375,-0.0302734375,0.98779296875,-0.172119140625,-1.0681151151657104,0.9155272841453552,0.4577636420726776,86.66667175292969,93385.0,1.0
316762.6875,310353.4375,304460.8125,297269.375,288833.1875,307055.21875,210838.828125,305042.125,-0.02880859375,0.98876953125,-0.171875,-1.0070799589157104,0.9155272841453552,0.5493163466453552,86.66667175292969,93386.0,1.0
316765.28125,310332.0,304464.40625,297268.375,288835.34375,307058.96875,210840.078125,305028.28125,-0.028076171875,0.98779296875,-0.1728515625,-0.9765624403953552,0.8850097060203552,0.5187987685203552,86.66667175292969,93387.0,1.0
316765.28125,310338.6875,304464.65625,297268.28125,288836.21875,307058.8125,210840.078125,305032.46875,-0.027587890625,0.98828125,-0.172119140625,-0.9765624403953552,0.8850097060203552,0.5493163466453552,86.66667175292969,93388.0,1.0
316764.03125,310364.8125,304463.75,297270.09375,288839.0,307059.53125,210843.125,305046.59375,-0.028564453125,0.98681640625,-0.173095703125,-0.9765624403953552,0.7934569716453552,0.5493163466453552,86.66667175292969,93389.0,1.0
316763.03125,310360.15625,304464.65625,297271.875,288842.75,307063.28125,210846.96875,305044.65625,-0.02880859375,0.986572265625,-0.172119140625,-1.0375975370407104,0.6408690810203552,0.4577636420726776,86.66667175292969,93390.0,1.0
316762.6875,310339.3125,304466.4375,297273.125,288846.34375,307067.65625,210850.8125,305033.46875,-0.029052734375,0.98486328125,-0.16943359375,-1.0070799589157104,0.6713866591453552,0.4577636420726776,86.66667175292969,93391.0,1.0
316757.5,310338.59375,304462.34375,297273.46875,288846.34375,307067.03125,210852.78125,305038.21875,-0.02880859375,0.985107421875,-0.17041015625,-1.0070799589157104,0.7019042372703552,0.4272460639476776,86.66667175292969,93392.0,1.0
316759.0,310363.65625,304461.71875,297275.8125,288848.21875,307067.5625,210854.921875,305053.59375,-0.029052734375,0.9794921875,-0.172119140625,-1.0070799589157104,0.6408690810203552,0.4882812201976776,86.66667175292969,93393.0,1.0
316761.78125,310365.0625,304463.9375,297274.90625,288850.53125,307070.15625,210858.40625,305053.40625,-0.028564453125,0.980224609375,-0.174072265625,-0.7934569716453552,0.7324218153953552,0.5187987685203552,86.66667175292969,93394.0,1.0
316765.4375,310344.5,304468.40625,297272.75,288852.84375,307072.21875,210860.203125,305039.625,-0.029296875,0.98193359375,-0.170166015625,-0.6713866591453552,0.7019042372703552,0.5187987685203552,86.66667175292969,93395.0,1.0
316772.34375,310348.875,304476.625,297277.40625,288857.6875,307075.34375,210861.625,305041.0625,-0.028076171875,0.98388671875,-0.171875,-0.5493163466453552,0.6408690810203552,0.4272460639476776,86.66667175292969,93396.0,1.0
316779.84375,310380.90625,304482.71875,297282.59375,288861.8125,307075.78125,210861.984375,305056.53125,-0.02783203125,0.985107421875,-0.17333984375,-0.4882812201976776,0.6408690810203552,0.4272460639476776,86.66667175292969,93397.0,1.0
316786.90625,310393.25,304490.84375,297289.3125,288865.5625,307076.59375,210860.828125,305059.5625,-0.025146484375,0.982666015625,-0.17578125,-0.5493163466453552,0.6713866591453552,0.3967284858226776,86.66667175292969,93398.0,1.0
316786.28125,310369.53125,304492.1875,297288.9375,288863.3125,307072.9375,210856.4375,305043.21875,-0.02294921875,0.982421875,-0.174072265625,-0.5493163466453552,0.7934569716453552,0.5187987685203552,86.66667175292969,93399.0,1.0
316784.0625,310356.40625,304490.84375,297287.25,288859.65625,307069.875,210853.40625,305036.6875,-0.021484375,0.97998046875,-0.174072265625,-0.4577636420726776,0.8850097060203552,0.6103515028953552,86.66667175292969,93400.0,1.0
316782.625,310376.25,304487.8125,297285.53125,288856.34375,307066.5,210849.640625,305047.3125,-0.022216796875,0.978271484375,-0.176513671875,-0.2746581733226776,1.0375975370407104,0.5493163466453552,86.66667175292969,93401.0,1.0
316780.28125,310385.375,304482.90625,297280.625,288852.3125,307063.4375,210846.875,305050.53125,-0.025634765625,0.978271484375,-0.173583984375,-0.1831054538488388,1.0375975370407104,0.4882812201976776,86.66667175292969,93402.0,1.0
316782.53125,310363.09375,304480.3125,297272.21875,288847.21875,307062.28125,210842.5,305031.5,-0.02783203125,0.9794921875,-0.174560546875,-0.2136230319738388,1.0986326932907104,0.3662109076976776,86.66667175292969,93403.0,1.0
316786.71875,310348.53125,304481.125,297266.9375,288842.3125,307061.75,210838.03125,305019.25,-0.030517578125,0.982421875,-0.171875,-0.2441406100988388,1.1291502714157104,0.3662109076976776,86.66667175292969,93404.0,1.0
316790.125,310365.53125,304481.46875,297265.59375,288836.21875,307058.53125,210832.03125,305023.8125,-0.03125,0.9853515625,-0.176025390625,-0.3356933295726776,1.0986326932907104,0.0610351525247097,86.66667175292969,93405.0,1.0
316793.0,310382.40625,304482.53125,297265.6875,288832.84375,307057.0,210829.359375,305027.75,-0.03173828125,0.985595703125,-0.17236328125,-0.2136230319738388,1.0375975370407104,-0.0915527269244194,86.66667175292969,93406.0,1.0
316787.625,310360.78125,304477.625,297261.6875,288826.84375,307054.34375,210827.828125,305015.40625,-0.033203125,0.987548828125,-0.17041015625,-0.2136230319738388,0.9765624403953552,-0.2136230319738388,86.66667175292969,93407.0,1.0
316780.75,310336.28125,304472.53125,297262.21875,288825.9375,307056.03125,210832.125,305011.5625,-0.031982421875,0.98681640625,-0.171875,-0.2746581733226776,0.8239745497703552,-0.2746581733226776,86.66667175292969,93408.0,1.0
316772.78125,310346.3125,304465.28125,297266.5,288826.21875,307056.3125,210835.34375,305027.125,-0.02880859375,0.9873046875,-0.173583984375,-0.3967284858226776,0.8239745497703552,-0.3967284858226776,86.66667175292969,93409.0,1.0
316764.28125,310360.78125,304458.125,297268.90625,288824.96875,307053.96875,210835.171875,305041.25,-0.02587890625,0.98828125,-0.174072265625,-0.4882812201976776,0.8239745497703552,-0.4272460639476776,86.66667175292969,93410.0,1.0
316760.53125,310346.5625,304455.625,297269.0,288825.15625,307054.59375,210837.671875,305037.03125,-0.026123046875,0.9892578125,-0.17333984375,-0.6408690810203552,0.8544921278953552,-0.3051757514476776,86.66667175292969,93411.0,1.0
316757.21875,310323.6875,304453.125,297268.375,288826.40625,307055.6875,210840.703125,305027.84375,-0.0244140625,0.991455078125,-0.177490234375,-0.6408690810203552,0.8850097060203552,-0.2441406100988388,86.66667175292969,93412.0,1.0
316757.21875,310335.125,304453.5625,297269.625,288830.25,307059.15625,210845.265625,305037.40625,-0.02294921875,0.989990234375,-0.176025390625,-0.7324218153953552,0.8544921278953552,-0.1525878757238388,86.66667175292969,93413.0,1.0
316760.25,310364.71875,304457.875,297274.46875,288836.0625,307064.15625,210849.921875,305052.25,-0.024658203125,0.989990234375,-0.174072265625,-0.8544921278953552,0.9460448622703552,0.0,86.66667175292969,93414.0,1.0
316759.625,310360.875,304459.90625,297273.375,288837.65625,307064.15625,210850.28125,305046.15625,-0.0244140625,0.989013671875,-0.175537109375,-0.9155272841453552,0.9765624403953552,0.0,86.66667175292969,93415.0,1.0
316756.78125,310334.84375,304460.8125,297270.09375,288838.65625,307062.8125,210850.546875,305031.0625,-0.02685546875,0.989501953125,-0.177490234375,-0.9765624403953552,1.0070799589157104,0.1831054538488388,86.66667175292969,93416.0,1.0
316754.71875,310337.28125,304462.0625,297271.96875,288841.3125,307062.125,210852.78125,305034.375,-0.027587890625,0.98974609375,-0.175537109375,-0.9765624403953552,1.0681151151657104,0.2441406100988388,86.66667175292969,93417.0,1.0
316752.65625,310366.40625,304463.6875,297276.96875,288845.625,307063.4375,210854.5625,305048.5,-0.02783203125,0.98876953125,-0.174072265625,-1.0986326932907104,1.0681151151657104,0.3356933295726776,86.66667175292969,93418.0,1.0
316748.71875,310368.8125,304461.71875,297276.53125,288845.78125,307062.65625,210853.046875,305046.96875,-0.030029296875,0.989013671875,-0.17578125,-1.1901854276657104,1.0070799589157104,0.4577636420726776,86.66667175292969,93419.0,1.0
316749.0,310345.59375,304462.875,297275.4375,288847.84375,307064.0,210854.5625,305033.90625,-0.028076171875,0.988037109375,-0.174072265625,-1.1596678495407104,1.0375975370407104,0.4882812201976776,86.66667175292969,93420.0,1.0
316751.3125,310340.65625,304464.9375,297275.90625,288848.75,307063.09375,210853.671875,305033.8125,-0.028076171875,0.9873046875,-0.17529296875,-1.1596678495407104,1.0681151151657104,0.5187987685203552,86.66667175292969,93421.0,1.0
316755.875,310367.75,304467.96875,297280.28125,288850.96875,307061.65625,210852.0625,305048.03125,-0.02978515625,0.986083984375,-0.17529296875,-1.2817381620407104,1.0375975370407104,0.6408690810203552,86.66667175292969,93422.0,1.0
316762.6875,310378.125,304472.25,297284.03125,288853.3125,307062.375,210852.15625,305052.0625,-0.031005859375,0.9853515625,-0.173828125,-1.2512205839157104,1.0681151151657104,0.6408690810203552,86.66667175292969,93423.0,1.0
316766.875,310355.6875,304474.40625,297283.5,288851.0625,307059.78125,210847.765625,305036.3125,-0.0302734375,0.985595703125,-0.1748046875,-1.2207030057907104,1.0681151151657104,0.5798339247703552,86.66667175292969,93424.0,1.0
316775.28125,310348.0,304481.375,297286.8125,288852.84375,307059.875,210847.859375,305032.46875,-0.03076171875,0.986572265625,-0.175048828125,-1.0986326932907104,0.9765624403953552,0.4577636420726776,86.66667175292969,93425.0,1.0
316784.125,310372.40625,304486.75,297291.34375,288855.90625,307060.84375,210848.484375,305046.25,-0.02978515625,0.98486328125,-0.17724609375,-1.0986326932907104,0.8544921278953552,0.4577636420726776,86.66667175292969,93426.0,1.0
316787.90625,310385.09375,304485.21875,297290.65625,288853.3125,307058.28125,210845.625,305048.75,-0.0283203125,0.984619140625,-0.175537109375,-1.0986326932907104,0.8544921278953552,0.3051757514476776,86.66667175292969,93427.0,1.0
316789.15625,310361.0625,304481.5625,297282.5,288847.21875,307054.15625,210840.796875,305031.15625,-0.02685546875,0.982177734375,-0.1728515625,-1.1596678495407104,0.8239745497703552,0.2746581733226776,86.66667175292969,93428.0,1.0
316792.28125,310343.875,304479.84375,297275.90625,288842.75,307052.46875,210838.65625,305019.4375,-0.02734375,0.982666015625,-0.1767578125,-1.0986326932907104,0.8544921278953552,0.2441406100988388,86.66667175292969,93429.0,1.0
316796.125,310363.46875,304480.84375,297272.9375,288839.90625,307052.0,210835.796875,305026.125,-0.028564453125,0.98388671875,-0.176025390625,-1.0986326932907104,0.8239745497703552,0.2746581733226776,86.66667175292969,93430.0,1.0
316800.3125,310385.09375,304484.6875,297272.40625,288838.8125,307053.96875,210834.53125,305033.1875,-0.02587890625,0.985595703125,-0.17626953125,-1.0681151151657104,0.8544921278953552,0.2136230319738388,86.66667175292969,93431.0,1.0
316799.0625,310370.78125,304486.03125,297265.59375,288836.0625,307055.6875,210833.5625,305021.3125,-0.025390625,0.986572265625,-0.176513671875,-1.0681151151657104,0.8544921278953552,0.1220703050494194,86.66667175292969,93432.0,1.0
316796.75,310349.875,304486.46875,297263.8125,288834.34375,307057.46875,210835.4375,305011.28125,-0.027099609375,0.9853515625,-0.174560546875,-1.0681151151657104,0.9155272841453552,0.0915527269244194,86.66667175292969,93433.0,1.0
316792.0,310360.4375,304482.8125,297265.34375,288832.90625,307056.5625,210835.515625,305021.3125,-0.026611328125,0.985595703125,-0.176513671875,-0.9765624403953552,0.9155272841453552,0.0610351525247097,86.66667175292969,93434.0,1.0
316783.15625,310379.125,304476.1875,297265.59375,288831.5,307054.59375,210835.25,305034.09375,-0.027587890625,0.984375,-0.177001953125,-1.0070799589157104,0.9155272841453552,0.0610351525247097,86.66667175292969,93435.0,1.0
316774.75,310367.125,304470.75,297263.5625,288831.75,307057.46875,210838.03125,305029.875,-0.02734375,0.983642578125,-0.17529296875,-0.9155272841453552,0.8544921278953552,0.03051757626235485,86.66667175292969,93436.0,1.0
316773.9375,310348.0,304470.125,297267.21875,288836.5,307064.96875,210843.921875,305023.28125,-0.030029296875,0.984375,-0.17529296875,-0.9460448622703552,0.9155272841453552,0.03051757626235485,86.66667175292969,93437.0,1.0
316770.71875,310354.0625,304465.375,297269.1875,288837.65625,307066.125,210845.625,305031.6875,-0.02880859375,0.9833984375,-0.175537109375,-0.9155272841453552,0.8544921278953552,0.0,86.66667175292969,93438.0,1.0
316767.0625,310376.875,304463.40625,297273.84375,288840.4375,307068.46875,210848.21875,305049.28125,-0.030029296875,0.983154296875,-0.174560546875,-0.8239745497703552,0.8850097060203552,-0.1525878757238388,86.66667175292969,93439.0,1.0
316768.59375,310375.71875,304466.8125,297278.5625,288845.625,307073.03125,210853.21875,305050.46875,-0.03076171875,0.982666015625,-0.17333984375,-0.8850097060203552,0.7934569716453552,-0.1220703050494194,86.66667175292969,93440.0,1.0
316768.40625,310350.21875,304469.125,297279.65625,288848.21875,307073.5625,210855.90625,305039.375,-0.031494140625,0.983642578125,-0.173828125,-0.9460448622703552,0.8239745497703552,-0.1220703050494194,86.66667175292969,93441.0,1.0
316769.46875,310351.65625,304472.4375,297284.125,288852.78125,307073.90625,210858.40625,305045.53125,-0.03271484375,0.98388671875,-0.171630859375,-0.8850097060203552,0.7629393935203552,-0.0915527269244194,86.66667175292969,93442.0,1.0
316770.625,310380.71875,304476.71875,297289.65625,288858.125,307074.625,210861.453125,305061.90625,-0.03466796875,0.984375,-0.173583984375,-0.7934569716453552,0.6408690810203552,-0.1220703050494194,86.66667175292969,93443.0,1.0
316770.625,310383.75,304477.4375,297290.1875,288858.59375,307075.0,210863.6875,305061.1875,-0.03466796875,0.985595703125,-0.174560546875,-0.8239745497703552,0.6713866591453552,-0.2441406100988388,86.66667175292969,93444.0,1.0
316769.75,310357.65625,304474.21875,297284.84375,288855.28125,307074.1875,210863.859375,305045.28125,-0.0341796875,0.984375,-0.172607421875,-0.7629393935203552,0.7019042372703552,-0.0915527269244194,86.66667175292969,93445.0,1.0
316771.25,310350.9375,304472.875,297282.875,288854.90625,307073.71875,210863.59375,305043.75,-0.032470703125,0.982421875,-0.17431640625,-0.8544921278953552,0.5798339247703552,-0.1220703050494194,86.66667175292969,93446.0,1.0
316774.84375,310377.84375,304474.5,297285.8125,288857.96875,307075.625,210864.671875,305059.125,-0.034912109375,0.984375,-0.171142578125,-0.8544921278953552,0.5187987685203552,-0.0610351525247097,86.66667175292969,93447.0,1.0
316775.90625,310387.875,304476.09375,297285.28125,288858.59375,307075.15625,210863.953125,305060.1875,-0.034423828125,0.986572265625,-0.1728515625,-0.7019042372703552,0.4577636420726776,0.03051757626235485,86.66667175292969,93448.0,1.0
316780.375,310369.90625,304481.125,297286.1875,288859.65625,307075.96875,210863.328125,305046.25,-0.033203125,0.986572265625,-0.17578125,-0.7324218153953552,0.3967284858226776,0.0610351525247097,86.66667175292969,93449.0,1.0
316785.375,310360.6875,304486.03125,297288.125,288858.3125,307073.03125,210858.671875,305038.28125,-0.033203125,0.986083984375,-0.175048828125,-0.7934569716453552,0.3356933295726776,0.1220703050494194,86.66667175292969,93450.0,1.0
316788.78125,310382.5,304487.625,297290.5625,288856.96875,307068.09375,210853.140625,305046.59375,-0.0341796875,0.98828125,-0.17431640625,-0.8239745497703552,0.3356933295726776,0.2136230319738388,86.66667175292969,93451.0,1.0
316787.625,310392.0625,304485.21875,297289.65625,288852.78125,307062.8125,210849.109375,305050.28125,-0.03515625,0.988525390625,-0.173828125,-0.9155272841453552,0.2136230319738388,0.2441406100988388,86.66667175292969,93452.0,1.0
316785.3125,310365.25,304481.1875,297284.125,288847.21875,307057.1875,210844.734375,305036.15625,-0.033447265625,0.990234375,-0.174072265625,-1.0375975370407104,0.1831054538488388,0.2441406100988388,86.66667175292969,93453.0,1.0
316785.03125,310346.21875,304479.9375,297278.03125,288842.125,307054.6875,210839.359375,305024.25,-0.033447265625,0.99072265625,-0.17626953125,-1.0986326932907104,0.0915527269244194,0.2136230319738388,86.66667175292969,93454.0,1.0
316787.625,310363.46875,304478.6875,297275.8125,288837.40625,307052.53125,210835.078125,305032.75,-0.030517578125,0.990478515625,-0.177001953125,-1.1596678495407104,0.0,0.3051757514476776,86.66667175292969,93455.0,1.0
316791.1875,310381.15625,304477.71875,297272.9375,288833.28125,307051.75,210832.921875,305041.6875,-0.031982421875,0.989501953125,-0.1728515625,-1.2512205839157104,-0.03051757626235485,0.4272460639476776,86.66667175292969,93456.0,1.0
316792.375,310364.90625,304476.0,297266.0625,288828.71875,307050.75,210831.40625,305029.875,-0.0322265625,0.990234375,-0.17529296875,-1.2207030057907104,0.03051757626235485,0.4272460639476776,86.66667175292969,93457.0,1.0
316790.03125,310344.96875,304474.0625,297261.9375,288826.5625,307051.21875,210830.6875,305017.65625,-0.03271484375,0.989990234375,-0.17138671875,-1.3427733182907104,-0.0610351525247097,0.5798339247703552,86.66667175292969,93458.0,1.0
316788.25,310357.75,304473.59375,297264.71875,288829.15625,307053.875,210834.0,305027.75,-0.030029296875,0.989013671875,-0.17041015625,-1.4038084745407104,-0.0610351525247097,0.5493163466453552,86.66667175292969,93459.0,1.0
316784.59375,310377.78125,304471.53125,297266.0625,288830.34375,307055.5,210837.578125,305042.40625,-0.02978515625,0.98779296875,-0.171875,-1.5869139432907104,0.0610351525247097,0.6103515028953552,86.66667175292969,93460.0,1.0
316777.25,310361.84375,304465.09375,297260.25,288827.65625,307055.21875,210839.90625,305034.1875,-0.02978515625,0.987060546875,-0.172607421875,-1.5869139432907104,0.0,0.6103515028953552,86.66667175292969,93461.0,1.0
316773.84375,310334.84375,304462.15625,297255.59375,288827.75,307058.0,210843.65625,305020.9375,-0.02880859375,0.986328125,-0.17333984375,-1.6479490995407104,0.03051757626235485,0.6408690810203552,86.66667175292969,93462.0,1.0
316775.1875,310346.46875,304464.65625,297261.40625,288834.53125,307064.34375,210852.328125,305031.9375,-0.02783203125,0.9853515625,-0.170654296875,-1.7089842557907104,0.0610351525247097,0.7019042372703552,86.66667175292969,93463.0,1.0
316770.09375,310367.5,304460.8125,297263.46875,288835.15625,307062.75,210854.125,305046.96875,-0.0263671875,0.98583984375,-0.170166015625,-1.7089842557907104,0.3051757514476776,0.6713866591453552,86.66667175292969,93464.0,1.0
316766.625,310360.78125,304456.53125,297262.375,288834.625,307060.78125,210853.765625,305045.71875,-0.026123046875,0.987548828125,-0.171875,-1.7395018339157104,0.3967284858226776,0.6713866591453552,86.66667175292969,93465.0,1.0
316765.8125,310338.4375,304458.40625,297264.90625,288838.46875,307064.875,210858.40625,305037.40625,-0.02685546875,0.98779296875,-0.170166015625,-1.8615721464157104,0.3662109076976776,0.7324218153953552,86.66667175292969,93466.0,1.0
316768.125,310343.78125,304463.5,297270.96875,288845.0,307069.09375,210862.171875,305042.6875,-0.026611328125,0.98828125,-0.16943359375,-1.8615721464157104,0.5187987685203552,0.6408690810203552,86.66667175292969,93467.0,1.0
316771.25,310375.96875,304468.9375,297279.75,288852.15625,307071.78125,210865.296875,305059.21875,-0.024658203125,0.98681640625,-0.169677734375,-1.8005369901657104,0.5493163466453552,0.7019042372703552,86.66667175292969,93468.0,1.0
316770.90625,310381.0625,304470.5625,297282.0625,288854.28125,307071.59375,210864.765625,305059.125,-0.02734375,0.98486328125,-0.17236328125,-1.8615721464157104,0.6103515028953552,0.7629393935203552,86.66667175292969,93469.0,1.0
316770.8125,310356.84375,304471.53125,297279.375,288853.65625,307072.84375,210863.0625,305041.96875,-0.026123046875,0.985107421875,-0.17138671875,-1.8310545682907104,0.6408690810203552,0.7019042372703552,86.66667175292969,93470.0,1.0
316772.78125,310352.65625,304474.5,297280.71875,288855.53125,307073.90625,210863.5,305039.53125,-0.026123046875,0.985107421875,-0.17138671875,-1.7700194120407104,0.7019042372703552,0.6408690810203552,86.66667175292969,93471.0,1.0
316778.25,310378.9375,304477.90625,297284.75,288857.40625,307073.46875,210862.609375,305054.125,-0.026611328125,0.985595703125,-0.171142578125,-1.7395018339157104,0.7324218153953552,0.5798339247703552,86.66667175292969,93472.0,1.0
316779.40625,310384.03125,304475.46875,297281.625,288851.96875,307067.65625,210856.0,305052.5,-0.028076171875,0.985107421875,-0.172607421875,-1.7700194120407104,0.7934569716453552,0.6713866591453552,86.66667175292969,93473.0,1.0
316781.8125,310357.46875,304474.84375,297277.5,288845.625,307061.03125,210849.921875,305034.625,-0.02685546875,0.986328125,-0.172119140625,-1.7395018339157104,0.8239745497703552,0.6713866591453552,86.66667175292969,93474.0,1.0
316787.0,310345.5,304477.34375,297276.6875,288842.75,307056.84375,210845.453125,305025.5,-0.02734375,0.985107421875,-0.1728515625,-1.6174315214157104,0.8544921278953552,0.5493163466453552,86.66667175292969,93475.0,1.0
316791.03125,310365.96875,304480.75,297281.25,288841.9375,307051.75,210840.171875,305034.1875,-0.02734375,0.984130859375,-0.170654296875,-1.5869139432907104,0.9765624403953552,0.5798339247703552,86.66667175292969,93476.0,1.0
316798.25,310382.96875,304485.75,297287.15625,288842.03125,307049.0625,210837.484375,305039.09375,-0.028076171875,0.986083984375,-0.171875,-1.6784666776657104,0.9765624403953552,0.5493163466453552,86.66667175292969,93477.0,1.0
316800.59375,310359.25,304486.125,297283.5,288836.9375,307042.4375,210831.765625,305020.59375,-0.026611328125,0.986328125,-0.1728515625,-1.5869139432907104,1.0986326932907104,0.4882812201976776,86.66667175292969,93478.0,1.0
316800.3125,310334.6875,304484.25,297280.375,288832.28125,307038.875,210827.828125,305009.78125,-0.029296875,0.986572265625,-0.169921875,-1.5258787870407104,1.1291502714157104,0.4882812201976776,86.66667175292969,93479.0,1.0
316798.96875,310351.03125,304482.90625,297282.78125,288832.21875,307041.09375,210829.4375,305023.0,-0.028564453125,0.985107421875,-0.16650390625,-1.5563963651657104,1.1291502714157104,0.5187987685203552,86.66667175292969,93480.0,1.0
316793.0,310371.25,304478.25,297280.8125,288831.59375,307044.9375,210834.09375,305037.75,-0.028564453125,0.986572265625,-0.1669921875,-1.4953612089157104,1.0681151151657104,0.4882812201976776,86.66667175292969,93481.0,1.0
316787.34375,310357.46875,304472.0,297272.5,288828.90625,307049.15625,210837.484375,305031.5,-0.028564453125,0.986572265625,-0.170654296875,-1.4038084745407104,1.0070799589157104,0.4882812201976776,86.66667175292969,93482.0,1.0
316786.46875,310339.0625,304470.03125,297265.96875,288828.4375,307053.0,210840.078125,305022.125,-0.02978515625,0.987060546875,-0.169921875,-1.3732908964157104,1.0375975370407104,0.4577636420726776,86.66667175292969,93483.0,1.0
316787.71875,310352.03125,304471.0,297263.71875,288830.875,307055.40625,210843.125,305031.84375,-0.028564453125,0.985595703125,-0.169921875,-1.4038084745407104,1.1291502714157104,0.4882812201976776,86.66667175292969,93484.0,1.0
316789.9375,310377.3125,304474.59375,297264.71875,288836.5,307060.15625,210848.578125,305047.15625,-0.02880859375,0.98583984375,-0.170166015625,-1.4038084745407104,1.0986326932907104,0.5493163466453552,86.66667175292969,93485.0,1.0
316791.65625,310370.15625,304477.71875,297263.375,288840.53125,307065.5,210853.5,305043.21875,-0.028564453125,0.984619140625,-0.168701171875,-1.3427733182907104,1.0681151151657104,0.6408690810203552,86.66667175292969,93486.0,1.0
316788.0625,310345.40625,304478.0625,297264.0,288843.375,307067.65625,210856.796875,305033.1875,-0.029541015625,0.985595703125,-0.169921875,-1.2512205839157104,1.1291502714157104,0.6103515028953552,86.66667175292969,93487.0,1.0
316782.15625,310350.21875,304477.34375,297269.46875,288846.25,307069.1875,210859.75,305040.8125,-0.028564453125,0.987060546875,-0.172119140625,-1.1596678495407104,1.1901854276657104,0.6103515028953552,86.66667175292969,93488.0,1.0
316777.6875,310376.96875,304476.625,297276.34375,288849.8125,307071.0625,210862.796875,305057.78125,-0.030517578125,0.98876953125,-0.17236328125,-1.2817381620407104,1.1596678495407104,0.6103515028953552,86.66667175292969,93489.0,1.0
316772.6875,310376.6875,304474.84375,297277.40625,288851.53125,307073.375,210865.828125,305057.59375,-0.030029296875,0.988037109375,-0.168212890625,-1.3427733182907104,1.1291502714157104,0.7019042372703552,86.66667175292969,93490.0,1.0
316769.46875,310353.53125,304472.875,297276.25,288852.9375,307075.4375,210868.609375,305046.34375,-0.03076171875,0.98779296875,-0.169189453125,-1.2817381620407104,1.1596678495407104,0.6408690810203552,86.66667175292969,93491.0,1.0
316766.96875,310350.9375,304468.875,297276.0625,288851.78125,307073.5625,210866.28125,305045.1875,-0.029541015625,0.98486328125,-0.171875,-1.2817381620407104,1.1596678495407104,0.6408690810203552,86.66667175292969,93492.0,1.0
316767.96875,310377.40625,304468.5,297279.1875,288853.21875,307073.09375,210864.9375,305057.15625,-0.03076171875,0.986328125,-0.171630859375,-1.1901854276657104,1.1291502714157104,0.7019042372703552,86.66667175292969,93493.0,1.0
316771.09375,310386.09375,304471.46875,297281.78125,288856.625,307075.4375,210867.625,305059.21875,-0.0302734375,0.9873046875,-0.16845703125,-1.0681151151657104,1.0070799589157104,0.6713866591453552,86.66667175292969,93494.0,1.0
316769.375,310361.59375,304471.375,297280.53125,288856.25,307074.0,210867.53125,305046.78125,-0.030517578125,0.986328125,-0.168212890625,-1.0986326932907104,0.9460448622703552,0.5798339247703552,86.66667175292969,93495.0,1.0
316767.6875,310354.34375,304471.8125,297280.53125,288855.4375,307071.78125,210865.828125,305044.03125,-0.03076171875,0.98779296875,-0.168212890625,-1.1596678495407104,0.9460448622703552,0.5798339247703552,86.66667175292969,93496.0,1.0
316768.40625,310379.75,304473.34375,297284.125,288856.34375,307069.53125,210863.15625,305057.15625,-0.0302734375,0.985595703125,-0.166748046875,-1.0986326932907104,0.9155272841453552,0.6713866591453552,86.66667175292969,93497.0,1.0
316763.3125,310385.375,304467.53125,297281.0,288850.09375,307062.125,210857.25,305056.96875,-0.0283203125,0.984619140625,-0.166015625,-1.0375975370407104,0.8850097060203552,0.6713866591453552,86.66667175292969,93498.0,1.0
316759.09375,310358.53125,304461.53125,297275.25,288842.84375,307055.9375,210851.609375,305039.53125,-0.0283203125,0.98486328125,-0.164306640625,-1.0681151151657104,0.9460448622703552,0.6408690810203552,86.66667175292969,93499.0,1.0
316760.90625,310343.78125,304460.625,297271.59375,288837.65625,307052.09375,210846.96875,305030.0625,-0.030517578125,0.98486328125,-0.16796875,-1.0375975370407104,0.9155272841453552,0.5798339247703552,86.66667175292969,93500.0,1.0
316760.8125,310357.375,304457.5,297270.25,288831.59375,307044.84375,210839.71875,305038.125,-0.030517578125,0.983642578125,-0.170654296875,-1.0375975370407104,0.9155272841453552,0.5798339247703552,86.66667175292969,93501.0,1.0
316768.03125,310371.96875,304461.09375,297273.125,288831.21875,307042.875,210836.59375,305042.6875,-0.02783203125,0.986328125,-0.16796875,-1.0375975370407104,0.8544921278953552,0.6408690810203552,86.66667175292969,93502.0,1.0
316772.4375,310349.59375,304461.25,297268.65625,288825.78125,307038.25,210833.015625,305028.09375,-0.027587890625,0.98681640625,-0.166259765625,-1.0070799589157104,0.7629393935203552,0.6103515028953552,86.66667175292969,93503.0,1.0
316778.875,310329.84375,304463.5,297265.96875,288822.0,307036.1875,210829.796875,305015.75,-0.028076171875,0.986328125,-0.16943359375,-0.8850097060203552,0.7629393935203552,0.5798339247703552,86.66667175292969,93504.0,1.0
316788.78125,310349.34375,304468.15625,297271.15625,288823.1875,307037.53125,210829.625,305024.09375,-0.02734375,0.984619140625,-0.170166015625,-0.8239745497703552,0.7934569716453552,0.6103515028953552,86.66667175292969,93505.0,1.0
316789.0625,310368.65625,304466.34375,297271.15625,288820.6875,307036.53125,210828.640625,305032.5625,-0.02783203125,0.984130859375,-0.168212890625,-0.7629393935203552,0.6713866591453552,0.6103515028953552,86.66667175292969,93506.0,1.0
316786.28125,310354.25,304463.125,297268.1875,288818.71875,307038.6875,210830.25,305024.15625,-0.025634765625,0.984619140625,-0.16943359375,-0.6408690810203552,0.7019042372703552,0.6103515028953552,86.66667175292969,93507.0,1.0
316786.625,310335.46875,304464.65625,297268.8125,288822.46875,307046.65625,210836.59375,305018.625,-0.027587890625,0.985595703125,-0.16845703125,-0.6713866591453552,0.6408690810203552,0.5493163466453552,86.66667175292969,93508.0,1.0
316782.09375,310344.5,304463.3125,297267.84375,288825.78125,307049.875,210840.171875,305030.0625,-0.0283203125,0.986083984375,-0.170166015625,-0.6103515028953552,0.6408690810203552,0.5187987685203552,86.66667175292969,93509.0,1.0
316780.5625,310368.375,304463.9375,297267.84375,288828.625,307052.09375,210842.5,305044.71875,-0.029541015625,0.9853515625,-0.171875,-0.6103515028953552,0.5187987685203552,0.4882812201976776,86.66667175292969,93510.0,1.0
316779.84375,310362.3125,304464.03125,297264.90625,288830.34375,307054.40625,210845.796875,305041.4375,-0.03076171875,0.98388671875,-0.1708984375,-0.6103515028953552,0.5187987685203552,0.4882812201976776,86.66667175292969,93511.0,1.0
316779.40625,310335.5625,304465.375,297262.375,288832.375,307055.59375,210849.921875,305031.84375,-0.029296875,0.986083984375,-0.171630859375,-0.5493163466453552,0.4577636420726776,0.5187987685203552,86.66667175292969,93512.0,1.0
316782.71875,310342.0,304470.46875,297265.96875,288838.71875,307058.71875,210854.390625,305040.34375,-0.030029296875,0.985595703125,-0.171630859375,-0.5798339247703552,0.3662109076976776,0.6408690810203552,86.66667175292969,93513.0,1.0
316786.5625,310372.6875,304476.0,297272.6875,288846.40625,307064.71875,210861.0,305059.03125,-0.0283203125,0.987548828125,-0.171875,-0.5187987685203552,0.4272460639476776,0.6408690810203552,86.66667175292969,93514.0,1.0
316784.125,310370.875,304475.375,297270.71875,288846.5,307064.34375,210861.546875,305052.96875,-0.029052734375,0.9873046875,-0.172119140625,-0.4577636420726776,0.4272460639476776,0.6103515028953552,86.66667175292969,93515.0,1.0
316782.4375,310347.375,304476.46875,297269.1875,288846.96875,307064.4375,210862.96875,305037.3125,-0.027587890625,0.986328125,-0.16943359375,-0.4272460639476776,0.3967284858226776,0.5798339247703552,86.66667175292969,93516.0,1.0
316782.15625,310348.09375,304478.4375,297272.3125,288850.71875,307066.5,210865.296875,305040.875,-0.02880859375,0.986328125,-0.1708984375,-0.5187987685203552,0.3967284858226776,0.5187987685203552,86.66667175292969,93517.0,1.0
316783.6875,310377.78125,304478.96875,297278.3125,288855.90625,307069.53125,210867.796875,305056.53125,-0.028564453125,0.986572265625,-0.171142578125,-0.4882812201976776,0.4882812201976776,0.5187987685203552,86.66667175292969,93518.0,1.0
316784.21875,310384.375,304477.96875,297279.5625,288857.40625,307071.21875,210870.21875,305057.53125,-0.0283203125,0.986572265625,-0.16796875,-0.4882812201976776,0.3967284858226776,0.5493163466453552,86.66667175292969,93519.0,1.0
316783.5,310361.9375,304477.09375,297276.96875,288858.21875,307072.40625,210871.28125,305043.75,-0.02880859375,0.986328125,-0.175048828125,-0.6408690810203552,0.3967284858226776,0.5187987685203552,86.66667175292969,93520.0,1.0
316782.0,310355.59375,304477.53125,297276.96875,288860.625,307073.8125,210870.921875,305042.40625,-0.027587890625,0.985107421875,-0.173095703125,-0.5798339247703552,0.4272460639476776,0.5187987685203552,86.66667175292969,93521.0,1.0
316780.375,310379.65625,304476.90625,297280.1875,288861.25,307073.46875,210868.953125,305054.3125,-0.02685546875,0.98681640625,-0.1728515625,-0.5798339247703552,0.3356933295726776,0.4882812201976776,86.66667175292969,93522.0,1.0
316780.46875,310391.90625,304476.8125,297282.15625,288859.28125,307071.40625,210866.015625,305056.8125,-0.02685546875,0.986083984375,-0.17236328125,-0.5187987685203552,0.4272460639476776,0.5187987685203552,86.66667175292969,93523.0,1.0
316779.3125,310367.40625,304475.5625,297278.3125,288853.65625,307066.65625,210860.640625,305040.8125,-0.026123046875,0.986083984375,-0.172119140625,-0.5798339247703552,0.4272460639476776,0.4577636420726776,86.66667175292969,93524.0,1.0
316778.9375,310352.09375,304475.84375,297277.40625,288849.09375,307063.375,210856.171875,305032.3125,-0.02880859375,0.986083984375,-0.17236328125,-0.6713866591453552,0.3967284858226776,0.4882812201976776,86.66667175292969,93525.0,1.0
316781.53125,310372.5,304476.09375,297279.65625,288846.96875,307060.59375,210852.6875,305043.5625,-0.026123046875,0.987060546875,-0.1708984375,-0.6103515028953552,0.4882812201976776,0.4577636420726776,86.66667175292969,93526.0,1.0
316781.90625,310384.21875,304475.03125,297278.40625,288842.84375,307055.84375,210849.734375,305047.9375,-0.02685546875,0.988037109375,-0.172607421875,-0.6103515028953552,0.4882812201976776,0.4882812201976776,86.66667175292969,93527.0,1.0
316782.15625,310359.4375,304472.71875,297273.5625,288837.125,307050.5625,210844.8125,305032.65625,-0.025390625,0.98779296875,-0.16943359375,-0.5798339247703552,0.5187987685203552,0.4272460639476776,86.66667175292969,93528.0,1.0
316783.25,310338.875,304472.25,297271.34375,288834.875,307048.34375,210842.578125,305021.75,-0.02490234375,0.985595703125,-0.1708984375,-0.7019042372703552,0.5187987685203552,0.4272460639476776,86.66667175292969,93529.0,1.0
316783.25,310352.8125,304469.9375,297271.6875,288833.71875,307047.71875,210843.03125,305030.4375,-0.0263671875,0.986572265625,-0.173583984375,-0.7934569716453552,0.5187987685203552,0.4272460639476776,86.66667175292969,93530.0,1.0
316783.78125,310373.375,304468.25,297274.09375,288832.75,307048.25,210843.84375,305040.0,-0.02490234375,0.986572265625,-0.173828125,-0.7629393935203552,0.5798339247703552,0.5187987685203552,86.66667175292969,93531.0,1.0
316784.21875,310361.9375,304468.78125,297275.1875,288833.09375,307050.65625,210845.265625,305030.34375,-0.02587890625,0.98876953125,-0.17529296875,-0.7934569716453552,0.5493163466453552,0.4272460639476776,86.66667175292969,93532.0,1.0
316787.34375,310345.125,304471.71875,297276.15625,288836.0625,307054.78125,210846.609375,305019.15625,-0.026123046875,0.98779296875,-0.174560546875,-0.7934569716453552,0.6103515028953552,0.4272460639476776,86.66667175292969,93533.0,1.0
316788.59375,310355.6875,304473.34375,297277.6875,288838.46875,307057.1875,210848.125,305026.9375,-0.026611328125,0.988037109375,-0.17578125,-0.8239745497703552,0.6103515028953552,0.4272460639476776,86.66667175292969,93534.0,1.0
316788.4375,310379.28125,304474.9375,297278.9375,288842.125,307060.0625,210851.078125,305041.875,-0.026123046875,0.988037109375,-0.1728515625,-0.7934569716453552,0.6103515028953552,0.4882812201976776,86.66667175292969,93535.0,1.0
316786.8125,310370.4375,304475.3125,297276.6875,288843.1875,307061.03125,210853.40625,305038.5625,-0.025146484375,0.9873046875,-0.172119140625,-0.8544921278953552,0.7019042372703552,0.5187987685203552,86.66667175292969,93536.0,1.0
316784.5,310343.625,304472.875,297272.125,288841.15625,307059.59375,210853.5,305025.78125,-0.024658203125,0.986083984375,-0.169921875,-0.8544921278953552,0.6713866591453552,0.4882812201976776,86.66667175292969,93537.0,1.0
316781.375,310346.21875,304471.28125,297270.78125,288843.1875,307061.125,210856.984375,305033.375,-0.025390625,0.985107421875,-0.170166015625,-1.0070799589157104,0.6103515028953552,0.4272460639476776,86.66667175292969,93538.0,1.0
316777.34375,310373.125,304469.65625,297270.4375,288845.4375,307063.90625,210861.359375,305051.875,-0.027099609375,0.98583984375,-0.170166015625,-0.9155272841453552,0.6408690810203552,0.5493163466453552,86.66667175292969,93539.0,1.0
316770.09375,310370.96875,304463.3125,297265.34375,288842.75,307062.8125,210863.328125,305053.03125,-0.028076171875,0.98583984375,-0.168701171875,-0.9765624403953552,0.5798339247703552,0.4882812201976776,86.66667175292969,93540.0,1.0
316759.0,310337.96875,304451.59375,297256.9375,288836.9375,307059.0625,210862.875,305038.90625,-0.026611328125,0.9873046875,-0.171630859375,-1.0070799589157104,0.6103515028953552,0.5493163466453552,86.66667175292969,93541.0,1.0
316755.875,310333.25,304448.84375,297258.90625,288836.6875,307060.0625,210864.9375,305039.28125,-0.026611328125,0.98681640625,-0.17138671875,-1.0681151151657104,0.7324218153953552,0.5493163466453552,86.66667175292969,93542.0,1.0
316756.5,310360.0625,304449.625,297262.75,288838.46875,307060.15625,210865.296875,305054.46875,-0.02880859375,0.9873046875,-0.1689453125,-1.2207030057907104,0.7324218153953552,0.5187987685203552,86.66667175292969,93543.0,1.0
316759.5625,310370.15625,304453.75,297266.40625,288841.6875,307061.5625,210865.390625,305054.65625,-0.02783203125,0.989013671875,-0.1708984375,-1.1901854276657104,0.6713866591453552,0.6408690810203552,86.66667175292969,93544.0,1.0
316765.4375,310352.5625,304460.375,297268.125,288844.53125,307064.0,210866.375,305038.75,-0.027587890625,0.987548828125,-0.170654296875,-1.2207030057907104,0.6103515028953552,0.5798339247703552,86.66667175292969,93545.0,1.0
316770.90625,310348.25,304465.09375,297270.0,288846.15625,307063.28125,210863.5,305031.5,-0.026611328125,0.98779296875,-0.169677734375,-1.2817381620407104,0.6408690810203552,0.5798339247703552,86.66667175292969,93546.0,1.0
316777.625,310375.96875,304471.71875,297276.15625,288851.15625,307063.71875,210862.609375,305041.96875,-0.02880859375,0.98779296875,-0.17138671875,-1.2207030057907104,0.5798339247703552,0.5493163466453552,86.66667175292969,93547.0,1.0
316779.3125,310389.21875,304474.84375,297278.03125,288852.9375,307063.8125,210862.609375,305045.8125,-0.02978515625,0.988037109375,-0.171875,-1.2512205839157104,0.6103515028953552,0.5798339247703552,86.66667175292969,93548.0,1.0
316779.03125,310368.125,304474.0625,297274.5625,288851.25,307063.0,210860.734375,305031.21875,-0.029296875,0.987548828125,-0.169921875,-1.3427733182907104,0.6713866591453552,0.6103515028953552,86.66667175292969,93549.0,1.0
316778.25,310351.46875,304471.71875,297272.59375,288849.1875,307062.375,210858.859375,305023.71875,-0.029052734375,0.9892578125,-0.168701171875,-1.3122557401657104,0.5493163466453552,0.6713866591453552,86.66667175292969,93550.0,1.0
316779.03125,310368.125,304469.5625,297273.5625,288848.21875,307062.03125,210859.9375,305037.9375,-0.029296875,0.987060546875,-0.167724609375,-1.4038084745407104,0.6713866591453552,0.6408690810203552,86.66667175292969,93551.0,1.0
316782.875,310384.46875,304470.65625,297275.625,288847.59375,307062.375,210861.71875,305048.65625,-0.02880859375,0.98583984375,-0.169921875,-1.3732908964157104,0.5493163466453552,0.7324218153953552,86.66667175292969,93552.0,1.0
316785.5625,310365.25,304472.4375,297275.4375,288846.40625,307061.40625,210862.25,305038.75,-0.02880859375,0.986083984375,-0.168701171875,-1.2817381620407104,0.4882812201976776,0.7324218153953552,86.66667175292969,93553.0,1.0
316786.71875,310341.28125,304472.53125,297274.90625,288843.1875,307057.71875,210859.578125,305026.9375,-0.030029296875,0.988037109375,-0.16943359375,-1.3427733182907104,0.4272460639476776,0.7934569716453552,86.66667175292969,93554.0,1.0
316796.28125,310360.0625,304479.3125,297282.15625,288846.59375,307060.84375,210860.375,305037.75,-0.02880859375,0.989501953125,-0.170654296875,-1.4343260526657104,0.4577636420726776,0.8239745497703552,86.66667175292969,93555.0,1.0
316802.375,310384.75,304482.90625,297287.875,288847.75,307061.21875,210859.65625,305050.0,-0.0263671875,0.98974609375,-0.169921875,-1.4343260526657104,0.4272460639476776,0.8850097060203552,86.66667175292969,93556.0,1.0
316801.5625,310373.3125,304480.75,297285.46875,288843.90625,307058.71875,210856.625,305041.0625,-0.026611328125,0.990234375,-0.169677734375,-1.4953612089157104,0.4882812201976776,0.8850097060203552,86.66667175292969,93557.0,1.0
316797.71875,310348.1875,304477.09375,297281.625,288839.28125,307055.40625,210853.140625,305026.9375,-0.02587890625,0.9873046875,-0.170166015625,-1.4953612089157104,0.4272460639476776,0.9765624403953552,86.66667175292969,93558.0,1.0
316791.65625,310353.1875,304474.0625,297283.3125,288839.53125,307054.34375,210853.578125,305035.6875,-0.025146484375,0.987060546875,-0.1708984375,-1.4648436307907104,0.3356933295726776,1.0070799589157104,86.66667175292969,93559.0,1.0
316792.90625,310380.28125,304475.03125,297289.21875,288846.34375,307059.875,210860.640625,305057.6875,-0.026611328125,0.9873046875,-0.169189453125,-1.4343260526657104,0.3051757514476776,1.0070799589157104,86.66667175292969,93560.0,1.0
316786.1875,310369.53125,304468.6875,297280.71875,288842.40625,307057.1875,210859.75,305051.15625,-0.027099609375,0.986572265625,-0.170654296875,-1.4648436307907104,0.4577636420726776,1.0375975370407104,86.66667175292969,93561.0,1.0
316785.125,310342.4375,304469.03125,297275.71875,288842.5625,307059.4375,210862.25,305037.3125,-0.0263671875,0.985595703125,-0.169921875,-1.3427733182907104,0.3967284858226776,1.0375975370407104,86.66667175292969,93562.0,1.0
316786.46875,310343.78125,304470.1875,297277.15625,288845.4375,307061.65625,210866.28125,305042.40625,-0.025634765625,0.98583984375,-0.17041015625,-1.3732908964157104,0.4577636420726776,0.9460448622703552,86.66667175292969,93563.0,1.0
316781.8125,310363.71875,304464.65625,297274.5625,288843.1875,307057.5625,210864.671875,305052.5,-0.02490234375,0.984619140625,-0.1708984375,-1.3122557401657104,0.3967284858226776,0.9155272841453552,86.66667175292969,93564.0,1.0
316778.3125,310358.71875,304461.09375,297270.96875,288841.0625,307055.6875,210864.046875,305050.53125,-0.02587890625,0.98291015625,-0.169189453125,-1.3427733182907104,0.3967284858226776,0.9460448622703552,86.66667175292969,93565.0,1.0
316782.625,310336.1875,304466.09375,297271.59375,288844.28125,307059.78125,210867.703125,305036.3125,-0.02685546875,0.982421875,-0.17041015625,-1.2207030057907104,0.4272460639476776,1.0375975370407104,86.66667175292969,93566.0,1.0
316785.375,310336.5625,304470.84375,297275.96875,288848.9375,307063.09375,210871.1875,305037.5,-0.02685546875,0.98486328125,-0.171142578125,-1.2207030057907104,0.5187987685203552,1.0070799589157104,86.66667175292969,93567.0,1.0
316784.75,310363.1875,304472.15625,297278.3125,288851.6875,307065.40625,210872.796875,305052.5,-0.025146484375,0.985107421875,-0.169189453125,-1.1596678495407104,0.5187987685203552,0.8544921278953552,86.66667175292969,93568.0,1.0
316784.125,310373.46875,304472.25,297277.59375,288853.65625,307067.125,210873.96875,305055.28125,-0.025390625,0.98388671875,-0.170654296875,-1.0681151151657104,0.5493163466453552,0.8850097060203552,86.66667175292969,93569.0,1.0
316785.3125,310355.59375,304474.59375,297275.4375,288855.1875,307069.71875,210874.953125,305040.34375,-0.025634765625,0.982666015625,-0.16796875,-1.0375975370407104,0.5493163466453552,0.8544921278953552,86.66667175292969,93570.0,1.0
316789.59375,310349.4375,304477.8125,297276.875,288856.4375,307070.59375,210872.71875,305035.625,-0.0244140625,0.983642578125,-0.16796875,-0.9765624403953552,0.5798339247703552,0.9460448622703552,86.66667175292969,93571.0,1.0
316793.15625,310375.96875,304479.3125,297281.53125,288857.6875,307070.4375,210870.65625,305048.75,-0.02490234375,0.98486328125,-0.166259765625,-1.0375975370407104,0.5798339247703552,0.9155272841453552,86.66667175292969,93572.0,1.0
316790.75,310387.96875,304477.8125,297281.34375,288855.1875,307069.0,210867.4375,305050.90625,-0.025390625,0.98486328125,-0.16748046875,-0.9460448622703552,0.6408690810203552,0.8239745497703552,86.66667175292969,93573.0,1.0
316788.59375,310366.5,304476.625,297278.65625,288852.3125,307069.71875,210865.46875,305035.4375,-0.026611328125,0.985595703125,-0.16943359375,-0.9765624403953552,0.6408690810203552,0.7629393935203552,86.66667175292969,93574.0,1.0
316790.03125,310349.875,304476.46875,297279.28125,288850.09375,307069.96875,210865.109375,305025.78125,-0.0263671875,0.985107421875,-0.170654296875,-0.8850097060203552,0.6713866591453552,0.7019042372703552,86.66667175292969,93575.0,1.0
316789.78125,310366.3125,304475.5625,297281.0,288848.21875,307068.09375,210862.96875,305035.6875,-0.02880859375,0.986083984375,-0.169921875,-0.8544921278953552,0.7629393935203552,0.6408690810203552,86.66667175292969,93576.0,1.0
316787.96875,310382.96875,304473.34375,297281.875,288847.21875,307067.21875,210863.6875,305046.875,-0.026611328125,0.988525390625,-0.16748046875,-0.8239745497703552,0.7019042372703552,0.7324218153953552,86.66667175292969,93577.0,1.0
316785.84375,310363.46875,304470.5625,297279.03125,288844.375,307064.78125,210863.328125,305038.46875,-0.0244140625,0.98583984375,-0.17041015625,-0.7629393935203552,0.6713866591453552,0.6408690810203552,86.66667175292969,93578.0,1.0
316783.6875,310337.71875,304466.28125,297274.09375,288838.46875,307058.34375,210859.9375,305026.65625,-0.023681640625,0.98486328125,-0.16650390625,-0.8544921278953552,0.7019042372703552,0.4882812201976776,86.66667175292969,93579.0,1.0
316788.15625,310349.875,304468.40625,297278.75,288839.4375,307056.9375,210860.375,305037.65625,-0.021240234375,0.982421875,-0.168701171875,-0.7934569716453552,0.7324218153953552,0.5798339247703552,86.66667175292969,93580.0,1.0
316792.1875,310372.5,304467.625,297280.0,288837.75,307054.96875,210859.578125,305049.8125,-0.021728515625,0.982666015625,-0.16943359375,-0.7629393935203552,0.8239745497703552,0.6103515028953552,86.66667175292969,93581.0,1.0
316791.5625,310359.1875,304464.5625,297275.1875,288832.125,307053.15625,210857.609375,305040.09375,-0.02294921875,0.984375,-0.170166015625,-0.7019042372703552,0.8544921278953552,0.5187987685203552,86.66667175292969,93582.0,1.0
316792.1875,310337.8125,304465.28125,297271.875,288832.5625,307054.78125,210859.390625,305028.8125,-0.023193359375,0.983154296875,-0.169921875,-0.6713866591453552,0.8544921278953552,0.5798339247703552,86.66667175292969,93583.0,1.0
316792.0,310347.71875,304467.53125,297273.65625,288837.5625,307057.0,210861.984375,305038.125,-0.0244140625,0.984375,-0.1689453125,-0.5493163466453552,0.9155272841453552,0.7324218153953552,86.66667175292969,93584.0,1.0
316789.84375,310376.15625,304471.0,297276.96875,288845.34375,307063.4375,210867.34375,305055.09375,-0.023193359375,0.98486328125,-0.1689453125,-0.4272460639476776,0.9460448622703552,0.7019042372703552,86.66667175292969,93585.0,1.0
316784.0625,310371.78125,304470.65625,297274.09375,288848.65625,307065.78125,210869.9375,305052.59375,-0.021240234375,0.986572265625,-0.168212890625,-0.3356933295726776,0.9460448622703552,0.7324218153953552,86.66667175292969,93586.0,1.0
316777.0625,310342.1875,304467.53125,297270.25,288847.21875,307063.625,210869.765625,305038.28125,-0.02197265625,0.987060546875,-0.16943359375,-0.3051757514476776,1.0681151151657104,0.7934569716453552,86.66667175292969,93587.0,1.0
316772.96875,310339.78125,304464.84375,297272.125,288847.21875,307062.28125,210869.3125,305042.0625,-0.021728515625,0.987548828125,-0.171142578125,-0.3967284858226776,1.1291502714157104,0.7629393935203552,86.66667175292969,93588.0,1.0
316771.71875,310362.84375,304462.5,297278.46875,288848.21875,307061.84375,210870.21875,305058.9375,-0.022705078125,0.987548828125,-0.171875,-0.3967284858226776,1.0986326932907104,0.7934569716453552,86.66667175292969,93589.0,1.0
316771.53125,310360.0625,304460.28125,297279.375,288844.53125,307059.4375,210869.765625,305058.9375,-0.0234375,0.987548828125,-0.171875,-0.3356933295726776,1.1291502714157104,0.7629393935203552,86.66667175292969,93590.0,1.0
316773.84375,310332.15625,304459.28125,297277.5,288840.53125,307056.03125,210867.53125,305042.125,-0.02490234375,0.987548828125,-0.17041015625,-0.3967284858226776,1.0986326932907104,0.7934569716453552,86.66667175292969,93591.0,1.0
316780.375,310331.46875,304465.09375,297280.28125,288843.46875,307058.34375,210867.53125,305038.65625,-0.029296875,0.989501953125,-0.169677734375,-0.4577636420726776,1.0986326932907104,0.7324218153953552,86.66667175292969,93592.0,1.0
316780.1875,310355.96875,304465.46875,297280.09375,288842.5625,307056.75,210865.734375,305048.65625,-0.03173828125,0.99072265625,-0.16845703125,-0.4272460639476776,1.0681151151657104,0.4577636420726776,86.66667175292969,93593.0,1.0
316778.40625,310365.96875,304466.53125,297278.3125,288841.9375,307055.6875,210862.875,305045.96875,-0.031982421875,0.99169921875,-0.16943359375,-0.5798339247703552,0.9155272841453552,0.3967284858226776,86.66667175292969,93594.0,1.0
316781.53125,310350.0625,304471.90625,297279.1875,288845.625,307059.4375,210864.9375,305031.5,-0.03271484375,0.994140625,-0.17138671875,-0.7019042372703552,0.7324218153953552,0.1831054538488388,86.66667175292969,93595.0,1.0
316780.375,310340.5,304471.71875,297280.0,288846.0625,307058.8125,210863.78125,305024.53125,-0.03271484375,0.995361328125,-0.169921875,-0.7934569716453552,0.6408690810203552,0.0,86.66667175292969,93596.0,1.0
316777.53125,310363.03125,304469.75,297282.875,288846.6875,307059.59375,210863.59375,305035.6875,-0.03076171875,0.997314453125,-0.167724609375,-1.0375975370407104,0.5798339247703552,0.1220703050494194,86.66667175292969,93597.0,1.0
316773.6875,310373.5625,304465.09375,297281.625,288843.03125,307057.375,210860.828125,305038.125,-0.030517578125,0.99658203125,-0.17041015625,-1.0375975370407104,0.4882812201976776,0.0610351525247097,86.66667175292969,93598.0,1.0
316770.1875,310349.875,304460.8125,297275.0,288837.84375,307055.59375,210857.96875,305020.9375,-0.029052734375,0.99609375,-0.170166015625,-1.2512205839157104,0.3662109076976776,0.0,86.66667175292969,93599.0,1.0
316769.28125,310334.125,304459.21875,297269.375,288835.875,307057.375,210859.84375,305012.8125,-0.02783203125,0.9951171875,-0.16943359375,-1.4648436307907104,0.2441406100988388,-0.1220703050494194,86.66667175292969,93600.0,1.0
316772.34375,310355.78125,304460.375,297270.625,288838.5625,307061.65625,210863.234375,305025.59375,-0.025634765625,0.9951171875,-0.17138671875,-1.5258787870407104,0.0915527269244194,-0.0610351525247097,86.66667175292969,93601.0,1.0
316774.75,310373.84375,304461.09375,297271.15625,288838.71875,307061.03125,210863.59375,305036.3125,-0.026123046875,0.994873046875,-0.17041015625,-1.6784666776657104,0.03051757626235485,0.03051757626235485,86.66667175292969,93602.0,1.0
316773.9375,310353.625,304457.40625,297264.90625,288833.625,307055.9375,210860.90625,305024.96875,-0.025634765625,0.99365234375,-0.16943359375,-1.8310545682907104,0.0610351525247097,0.1220703050494194,86.66667175292969,93603.0,1.0
316775.90625,310330.5625,304456.625,297263.5625,288830.875,307052.8125,210858.671875,305015.5,-0.0234375,0.9912109375,-0.17041015625,-1.8920897245407104,0.1831054538488388,0.3051757514476776,86.66667175292969,93604.0,1.0
316778.6875,310344.0625,304457.96875,297268.75,288831.59375,307051.5625,210858.671875,305027.9375,-0.024658203125,0.990234375,-0.17041015625,-1.8615721464157104,0.1525878757238388,0.3662109076976776,86.66667175292969,93605.0,1.0
316779.84375,310369.09375,304459.84375,297271.96875,288832.46875,307051.75,210858.40625,305039.90625,-0.02587890625,0.987060546875,-0.170654296875,-1.9836424589157104,0.1831054538488388,0.6408690810203552,86.66667175292969,93606.0,1.0
316781.09375,310359.25,304461.09375,297269.53125,288829.96875,307050.21875,210854.46875,305028.09375,-0.025146484375,0.986572265625,-0.167724609375,-1.9226073026657104,0.1220703050494194,0.7324218153953552,86.66667175292969,93607.0,1.0
316782.15625,310338.25,304463.84375,297266.3125,288830.25,307051.65625,210854.46875,305014.875,-0.027099609375,0.98486328125,-0.16943359375,-1.8005369901657104,0.0610351525247097,0.7934569716453552,86.66667175292969,93608.0,1.0
316784.9375,310348.4375,304467.875,297269.1875,288833.8125,307055.125,210858.140625,305024.53125,-0.028564453125,0.98388671875,-0.169921875,-1.7395018339157104,-0.0610351525247097,0.9155272841453552,86.66667175292969,93609.0,1.0
316784.0625,310371.96875,304467.0625,297270.0,288836.21875,307055.75,210861.09375,305041.0625,-0.029541015625,0.98291015625,-0.1689453125,-1.7395018339157104,-0.03051757626235485,0.8544921278953552,86.66667175292969,93610.0,1.0
316780.03125,310363.03125,304461.25,297264.96875,288833.90625,307055.59375,210863.5,305038.90625,-0.02880859375,0.982666015625,-0.165771484375,-1.6784666776657104,-0.03051757626235485,0.9460448622703552,86.66667175292969,93611.0,1.0
316781.8125,310341.28125,304462.25,297263.03125,288836.125,307060.9375,210868.953125,305028.375,-0.0283203125,0.982666015625,-0.16455078125,-1.6174315214157104,-0.0915527269244194,0.8850097060203552,86.66667175292969,93612.0,1.0
316777.78125,310337.09375,304460.0,297259.8125,288833.90625,307058.8125,210868.875,305029.1875,-0.026611328125,0.980224609375,-0.16650390625,-1.5563963651657104,-0.0915527269244194,0.9155272841453552,86.66667175292969,93613.0,1.0
316776.625,310358.90625,304459.65625,297259.71875,288834.4375,307057.625,210867.53125,305042.21875,-0.027587890625,0.976806640625,-0.16748046875,-1.4953612089157104,-0.0610351525247097,0.7934569716453552,86.66667175292969,93614.0,1.0
316778.25,310361.75,304461.875,297259.8125,288835.4375,307058.4375,210868.421875,305041.0625,-0.02587890625,0.9775390625,-0.166259765625,-1.4038084745407104,-0.1220703050494194,0.7019042372703552,86.66667175292969,93615.0,1.0
316776.625,310338.15625,304461.96875,297257.125,288835.15625,307057.71875,210868.421875,305024.4375,-0.024658203125,0.97705078125,-0.166015625,-1.2512205839157104,-0.1220703050494194,0.7629393935203552,86.66667175292969,93616.0,1.0
316779.03125,310334.5,304464.75,297260.6875,288838.1875,307058.34375,210868.15625,305023.0,-0.022216796875,0.974365234375,-0.167236328125,-1.1291502714157104,-0.03051757626235485,0.6713866591453552,86.66667175292969,93617.0,1.0
316786.46875,310364.09375,304471.71875,297270.4375,288845.34375,307063.1875,210872.890625,305039.375,-0.022216796875,0.974365234375,-0.165283203125,-1.0375975370407104,-0.0915527269244194,0.6408690810203552,86.66667175292969,93618.0,1.0
316786.625,310371.25,304470.5625,297273.84375,288847.21875,307062.5625,210872.359375,305041.59375,-0.0234375,0.974365234375,-0.166748046875,-0.9155272841453552,0.03051757626235485,0.5798339247703552,86.66667175292969,93619.0,1.0
316787.09375,310351.40625,304472.0,297275.4375,288849.90625,307065.5,210875.84375,305031.0625,-0.02294921875,0.97998046875,-0.167724609375,-0.7629393935203552,0.0610351525247097,0.5187987685203552,86.66667175292969,93620.0,1.0
316786.09375,310341.1875,304471.375,297274.8125,288850.53125,307067.375,210876.921875,305027.75,-0.019287109375,0.982177734375,-0.16943359375,-0.7324218153953552,0.1831054538488388,0.4882812201976776,86.66667175292969,93621.0,1.0
316785.5625,310362.40625,304470.46875,297276.0625,288850.28125,307066.40625,210875.484375,305041.0625,-0.017822265625,0.981201171875,-0.16845703125,-0.6408690810203552,0.3051757514476776,0.5493163466453552,86.66667175292969,93622.0,1.0
316785.3125,310376.6875,304470.28125,297277.6875,288849.625,307064.53125,210873.078125,305047.78125,-0.017333984375,0.98388671875,-0.168701171875,-0.5798339247703552,0.4272460639476776,0.5187987685203552,86.66667175292969,93623.0,1.0
316783.40625,310356.5,304468.5,297274.71875,288847.0625,307064.15625,210872.71875,305036.3125,-0.018798828125,0.98583984375,-0.168701171875,-0.5493163466453552,0.5187987685203552,0.5187987685203552,86.66667175292969,93624.0,1.0
316783.78125,310340.40625,304469.03125,297273.65625,288846.96875,307065.40625,210871.828125,305028.09375,-0.02099609375,0.98486328125,-0.16943359375,-0.6713866591453552,0.6713866591453552,0.5493163466453552,86.66667175292969,93625.0,1.0
316780.46875,310354.25,304466.1875,297273.65625,288842.9375,307063.28125,210869.765625,305037.03125,-0.020751953125,0.98681640625,-0.1708984375,-0.6408690810203552,0.7324218153953552,0.5493163466453552,86.66667175292969,93626.0,1.0
316776.4375,310366.875,304461.25,297270.875,288837.46875,307060.15625,210867.625,305042.59375,-0.0205078125,0.987548828125,-0.16845703125,-0.6713866591453552,0.7934569716453552,0.6103515028953552,86.66667175292969,93627.0,1.0
316776.28125,310351.46875,304460.1875,297268.90625,288836.3125,307061.75,210871.015625,305036.3125,-0.02099609375,0.98876953125,-0.1650390625,-0.8239745497703552,0.8850097060203552,0.6713866591453552,86.66667175292969,93628.0,1.0
316768.75,310323.5,304452.3125,297263.71875,288830.15625,307058.1875,210870.84375,305026.3125,-0.020751953125,0.9892578125,-0.16650390625,-0.7629393935203552,0.8544921278953552,0.7019042372703552,86.66667175292969,93629.0,1.0
316764.65625,310335.3125,304448.03125,297264.1875,288829.875,307059.15625,210872.0,305036.15625,-0.022705078125,0.989501953125,-0.165283203125,-0.7629393935203552,0.9460448622703552,0.5798339247703552,86.66667175292969,93630.0,1.0
316761.25,310357.03125,304443.1875,297261.75,288827.03125,307057.625,210870.921875,305047.5,-0.02392578125,0.98828125,-0.1650390625,-0.9155272841453552,1.0375975370407104,0.5798339247703552,86.66667175292969,93631.0,1.0
316764.46875,310354.34375,304447.40625,297261.59375,288830.25,307062.46875,210875.125,305043.65625,-0.02294921875,0.989501953125,-0.165771484375,-0.8850097060203552,1.1291502714157104,0.4882812201976776,86.66667175292969,93632.0,1.0
316769.5625,310339.0625,304454.46875,297264.28125,288836.40625,307070.25,210882.28125,305035.4375,-0.026123046875,0.98876953125,-0.16552734375,-0.9460448622703552,1.1596678495407104,0.4272460639476776,86.66667175292969,93633.0,1.0
316770.375,310348.53125,304458.84375,297265.96875,288840.78125,307073.28125,210884.515625,305040.875,-0.026611328125,0.98828125,-0.167236328125,-0.9765624403953552,1.1596678495407104,0.4882812201976776,86.66667175292969,93634.0,1.0
316772.59375,310376.53125,304463.21875,297268.8125,288845.0,307073.65625,210884.875,305055.375,-0.02490234375,0.988525390625,-0.168212890625,-1.0986326932907104,1.1901854276657104,0.4882812201976776,86.66667175292969,93635.0,1.0
316773.0625,310373.21875,304466.4375,297268.03125,288845.625,307073.5625,210885.046875,305053.5,-0.02490234375,0.989990234375,-0.16845703125,-1.0986326932907104,1.3427733182907104,0.4272460639476776,86.66667175292969,93636.0,1.0
316773.3125,310346.03125,304468.15625,297265.78125,288844.53125,307070.6875,210880.578125,305036.5,-0.025146484375,0.990234375,-0.1650390625,-1.0681151151657104,1.2512205839157104,0.6103515028953552,86.66667175292969,93637.0,1.0
316773.0625,310342.71875,304467.78125,297267.21875,288844.09375,307064.96875,210877.09375,305036.3125,-0.026611328125,0.989990234375,-0.16650390625,-1.0986326932907104,1.3427733182907104,0.5493163466453552,86.66667175292969,93638.0,1.0
316779.125,310367.5,304470.46875,297275.53125,288847.9375,307064.53125,210877.8125,305053.40625,-0.027587890625,0.99169921875,-0.169189453125,-1.2512205839157104,1.4038084745407104,0.4577636420726776,86.66667175292969,93639.0,1.0
316776.71875,310363.03125,304464.84375,297273.65625,288843.375,307058.96875,210874.140625,305050.09375,-0.02783203125,0.990234375,-0.167236328125,-1.2207030057907104,1.2817381620407104,0.5493163466453552,86.66667175292969,93640.0,1.0
316774.46875,310334.9375,304461.09375,297269.53125,288838.65625,307054.96875,210870.125,305032.46875,-0.02783203125,0.989013671875,-0.1708984375,-1.2512205839157104,1.1291502714157104,0.5798339247703552,86.66667175292969,93641.0,1.0
316778.15625,310331.71875,304465.03125,297271.59375,288841.59375,307057.1875,210869.859375,305029.53125,-0.028076171875,0.98974609375,-0.16650390625,-1.2817381620407104,1.1291502714157104,0.6713866591453552,86.66667175292969,93642.0,1.0
316775.90625,310356.03125,304465.375,297273.84375,288843.5625,307055.84375,210869.578125,305044.71875,-0.028564453125,0.989501953125,-0.1669921875,-1.2512205839157104,1.0375975370407104,0.6408690810203552,86.66667175292969,93643.0,1.0
316777.15625,310372.59375,304469.84375,297276.4375,288847.125,307060.0625,210872.53125,305052.34375,-0.028564453125,0.98779296875,-0.170654296875,-1.2512205839157104,1.0070799589157104,0.5798339247703552,86.66667175292969,93644.0,1.0
316775.5625,310350.78125,304469.21875,297271.6875,288844.28125,307058.09375,210868.328125,305037.03125,-0.02734375,0.986083984375,-0.16748046875,-1.3122557401657104,0.9155272841453552,0.4882812201976776,86.66667175292969,93645.0,1.0
316782.875,310344.96875,304474.3125,297275.90625,288848.3125,307062.375,210870.484375,305030.875,-0.027587890625,0.9873046875,-0.165771484375,-1.3427733182907104,0.8850097060203552,0.5187987685203552,86.66667175292969,93646.0,1.0
316785.03125,310366.59375,304474.75,297277.59375,288848.3125,307061.03125,210869.765625,305040.71875,-0.0283203125,0.98681640625,-0.1640625,-1.2207030057907104,0.8239745497703552,0.5798339247703552,86.66667175292969,93647.0,1.0
316786.90625,310381.53125,304474.21875,297276.6875,288845.78125,307060.3125,210867.34375,305044.1875,-0.025634765625,0.986328125,-0.164794921875,-1.3122557401657104,0.8544921278953552,0.5493163466453552,86.66667175292969,93648.0,1.0
316783.78125,310357.375,304469.3125,297269.1875,288839.1875,307057.375,210863.5,305027.75,-0.02685546875,0.987548828125,-0.165771484375,-1.1596678495407104,0.7019042372703552,0.6103515028953552,86.66667175292969,93649.0,1.0
316783.34375,310337.34375,304466.53125,297264.71875,288834.96875,307057.375,210862.171875,305017.71875,-0.028076171875,0.98681640625,-0.164794921875,-1.0986326932907104,0.6103515028953552,0.6713866591453552,86.66667175292969,93650.0,1.0
316781.53125,310351.40625,304461.53125,297264.28125,288831.59375,307056.75,210860.640625,305026.9375,-0.028076171875,0.984619140625,-0.167236328125,-1.0681151151657104,0.5187987685203552,0.6408690810203552,86.66667175292969,93651.0,1.0
316774.75,310364.96875,304452.15625,297260.15625,288824.25,307052.8125,210856.796875,305032.84375,-0.028076171875,0.986083984375,-0.166015625,-1.0070799589157104,0.4882812201976776,0.7324218153953552,86.66667175292969,93652.0,1.0
316768.84375,310345.5,304445.0,297254.875,288817.90625,307049.15625,210855.90625,305022.1875,-0.0283203125,0.987548828125,-0.167236328125,-0.9765624403953552,0.4882812201976776,0.7324218153953552,86.66667175292969,93653.0,1.0
316772.0625,310325.65625,304447.21875,297255.78125,288819.5,307052.625,210860.28125,305015.125,-0.027587890625,0.988525390625,-0.16650390625,-1.0681151151657104,0.4577636420726776,0.7324218153953552,86.66667175292969,93654.0,1.0
316772.15625,310339.3125,304447.75,297257.90625,288820.125,307054.5,210862.4375,305026.3125,-0.028076171875,0.989990234375,-0.166015625,-1.0070799589157104,0.3662109076976776,0.7934569716453552,86.66667175292969,93655.0,1.0
316770.09375,310363.1875,304446.34375,297256.75,288820.40625,307054.6875,210862.4375,305038.75,-0.0263671875,0.98779296875,-0.165283203125,-1.0070799589157104,0.3967284858226776,0.7629393935203552,86.66667175292969,93656.0,1.0
316769.125,310354.25,304445.78125,297253.0,288820.9375,307056.9375,210864.765625,305032.3125,-0.026611328125,0.983642578125,-0.1669921875,-1.0070799589157104,0.3356933295726776,0.8239745497703552,86.66667175292969,93657.0,1.0
316772.34375,310332.15625,304450.71875,297251.46875,288823.8125,307059.78125,210867.34375,305019.4375,-0.026611328125,0.980712890625,-0.169189453125,-0.9155272841453552,0.3356933295726776,0.8239745497703552,86.66667175292969,93658.0,1.0
316776.09375,310341.03125,304455.53125,297253.28125,288828.375,307061.5,210869.578125,305026.5,-0.026611328125,0.9814453125,-0.1689453125,-0.7934569716453552,0.3662109076976776,0.8850097060203552,86.66667175292969,93659.0,1.0
316777.25,310366.15625,304457.0625,297257.03125,288832.5625,307062.03125,210871.734375,305041.96875,-0.024658203125,0.983154296875,-0.168701171875,-0.6103515028953552,0.3356933295726776,0.7934569716453552,86.66667175292969,93660.0,1.0
316773.21875,310359.25,304453.65625,297256.59375,288831.84375,307060.78125,210873.15625,305040.8125,-0.020751953125,0.98388671875,-0.168212890625,-0.5187987685203552,0.3356933295726776,0.8850097060203552,86.66667175292969,93661.0,1.0
316768.21875,310331.71875,304449.8125,297256.21875,288830.40625,307058.96875,210874.59375,305029.0,-0.019775390625,0.984130859375,-0.16650390625,-0.3051757514476776,0.4577636420726776,0.9155272841453552,86.66667175292969,93662.0,1.0
316762.3125,310325.1875,304444.90625,297257.84375,288827.75,307053.53125,210871.828125,305029.625,-0.01953125,0.98095703125,-0.16796875,-0.3356933295726776,0.4577636420726776,0.9765624403953552,86.66667175292969,93663.0,1.0
316762.84375,310347.625,304445.625,297264.96875,288830.40625,307052.09375,210871.375,305045.96875,-0.018798828125,0.981201171875,-0.166015625,-0.3356933295726776,0.4577636420726776,0.9765624403953552,86.66667175292969,93664.0,1.0
316762.0625,310348.53125,304444.53125,297264.1875,288827.125,307046.46875,210866.28125,305043.46875,-0.01708984375,0.98095703125,-0.16845703125,-0.1525878757238388,0.5187987685203552,1.0070799589157104,86.66667175292969,93665.0,1.0
316764.03125,310322.15625,304445.34375,297260.4375,288824.15625,307040.5625,210860.640625,305025.40625,-0.0185546875,0.98095703125,-0.168212890625,0.0,0.6713866591453552,0.9765624403953552,86.66667175292969,93666.0,1.0
316775.46875,310323.40625,304456.0625,297270.09375,288832.03125,307046.5625,210864.484375,305026.75,-0.021240234375,0.982177734375,-0.170654296875,-0.03051757626235485,0.7629393935203552,0.9460448622703552,86.66667175292969,93667.0,1.0
316780.65625,310352.90625,304461.0,297275.0,288835.34375,307047.4375,210861.984375,305040.0,-0.024169921875,0.9833984375,-0.171142578125,-0.0915527269244194,0.7934569716453552,0.7324218153953552,86.66667175292969,93668.0,1.0
316782.09375,310366.59375,304465.09375,297278.3125,288838.90625,307048.15625,210860.5625,305042.40625,-0.025634765625,0.983154296875,-0.172607421875,-0.03051757626235485,0.7629393935203552,0.6408690810203552,86.66667175292969,93669.0,1.0
316783.78125,310348.4375,304469.3125,297279.375,288842.5625,307052.625,210863.859375,305029.96875,-0.0263671875,0.985107421875,-0.169677734375,-0.0915527269244194,0.7629393935203552,0.5493163466453552,86.66667175292969,93670.0,1.0
316783.34375,310333.5,304469.3125,297278.03125,288842.125,307052.0,210862.609375,305023.09375,-0.025390625,0.98583984375,-0.167236328125,-0.0610351525247097,0.6408690810203552,0.3662109076976776,86.66667175292969,93671.0,1.0
316784.75,310354.875,304469.9375,297280.90625,288842.65625,307053.96875,210863.953125,305036.78125,-0.024169921875,0.98828125,-0.17041015625,-0.1831054538488388,0.6408690810203552,0.1220703050494194,86.66667175292969,93672.0,1.0
316783.0625,310370.34375,304466.53125,297278.125,288839.90625,307054.15625,210864.046875,305044.46875,-0.0224609375,0.989501953125,-0.169189453125,-0.0915527269244194,0.6713866591453552,0.03051757626235485,86.66667175292969,93673.0,1.0
316780.90625,310347.5625,304461.53125,297270.625,288834.53125,307052.53125,210862.4375,305030.0625,-0.022705078125,0.98974609375,-0.16943359375,-0.2441406100988388,0.6713866591453552,0.0,86.66667175292969,93674.0,1.0
316783.6875,310325.8125,304460.1875,297267.03125,288831.40625,307052.1875,210863.78125,305021.65625,-0.0205078125,0.99072265625,-0.169189453125,-0.3356933295726776,0.7324218153953552,-0.03051757626235485,86.66667175292969,93675.0,1.0
316786.0,310343.15625,304461.25,297268.03125,288830.96875,307053.78125,210866.09375,305033.46875,-0.01953125,0.990234375,-0.169677734375,-0.3967284858226776,0.7629393935203552,-0.0610351525247097,86.66667175292969,93676.0,1.0
316786.28125,310365.875,304463.125,297270.25,288831.125,307053.96875,210866.640625,305043.125,-0.018798828125,0.990966796875,-0.16845703125,-0.4272460639476776,0.8544921278953552,-0.0610351525247097,86.66667175292969,93677.0,1.0
316785.75,310349.53125,304463.6875,297267.9375,288828.71875,307050.84375,210862.34375,305028.625,-0.02099609375,0.98876953125,-0.168212890625,-0.5187987685203552,0.9155272841453552,-0.03051757626235485,86.66667175292969,93678.0,1.0
316788.875,310331.28125,304466.34375,297268.46875,288830.5,307054.25,210865.03125,305018.71875,-0.021484375,0.990966796875,-0.16748046875,-0.6103515028953552,0.9460448622703552,0.0610351525247097,86.66667175292969,93679.0,1.0
316792.09375,310347.5625,304470.03125,297273.5625,288835.6875,307058.96875,210870.21875,305031.6875,-0.022216796875,0.99072265625,-0.169677734375,-0.6408690810203552,0.9765624403953552,0.0610351525247097,86.66667175292969,93680.0,1.0
316790.5,310374.28125,304469.5625,297275.34375,288838.375,307061.9375,210872.984375,305047.59375,-0.020751953125,0.991455078125,-0.169189453125,-0.7019042372703552,1.0070799589157104,0.2441406100988388,86.66667175292969,93681.0,1.0
316788.53125,310368.375,304470.46875,297272.5,288841.5,307065.5,210876.015625,305044.1875,-0.02294921875,0.98779296875,-0.167724609375,-0.7019042372703552,0.9765624403953552,0.3662109076976776,86.66667175292969,93682.0,1.0
316787.1875,310343.625,304469.9375,297266.6875,288841.78125,307065.6875,210874.6875,305028.0,-0.02294921875,0.988525390625,-0.1708984375,-0.7934569716453552,1.0375975370407104,0.3662109076976776,86.66667175292969,93683.0,1.0
316784.3125,310345.65625,304468.40625,297267.5625,288843.75,307066.59375,210877.71875,305034.53125,-0.02197265625,0.98681640625,-0.168212890625,-0.8239745497703552,1.1291502714157104,0.5187987685203552,86.66667175292969,93684.0,1.0
316779.75,310368.375,304466.625,297268.65625,288844.1875,307065.96875,210879.421875,305050.71875,-0.024658203125,0.9853515625,-0.169677734375,-0.8544921278953552,1.0375975370407104,0.4882812201976776,86.66667175292969,93685.0,1.0
316773.0625,310360.78125,304461.96875,297263.46875,288839.71875,307061.3125,210876.203125,305046.34375,-0.027587890625,0.984619140625,-0.169677734375,-0.9460448622703552,1.0681151151657104,0.4882812201976776,86.66667175292969,93686.0,1.0
316770.1875,310335.125,304460.71875,297259.625,288837.21875,307059.34375,210874.765625,305030.0625,-0.02783203125,0.985107421875,-0.167724609375,-0.9460448622703552,0.9765624403953552,0.5187987685203552,86.66667175292969,93687.0,1.0
316765.1875,310327.96875,304456.875,297259.09375,288833.625,307053.25,210870.390625,305029.96875,-0.028076171875,0.9853515625,-0.1689453125,-0.9460448622703552,0.8850097060203552,0.4882812201976776,86.66667175292969,93688.0,1.0
316765.53125,310352.09375,304456.53125,297264.90625,288833.90625,307050.03125,210868.953125,305044.5625,-0.025634765625,0.986328125,-0.167724609375,-0.9765624403953552,0.7629393935203552,0.5798339247703552,86.66667175292969,93689.0,1.0
316764.03125,310356.5,304454.8125,297266.25,288831.03125,307047.1875,210866.015625,305042.84375,-0.02685546875,0.98681640625,-0.165283203125,-1.0986326932907104,0.6713866591453552,0.6103515028953552,86.66667175292969,93690.0,1.0
316763.46875,310334.6875,304453.9375,297264.28125,288829.78125,307047.34375,210866.1875,305029.1875,-0.025634765625,0.98681640625,-0.165771484375,-1.1291502714157104,0.6408690810203552,0.4272460639476776,86.66667175292969,93691.0,1.0
316763.46875,310327.15625,304453.03125,297264.53125,288829.15625,307047.4375,210864.9375,305025.25,-0.0263671875,0.98681640625,-0.164306640625,-1.2512205839157104,0.6408690810203552,0.5187987685203552,86.66667175292969,93692.0,1.0
316765.0,310350.5,304454.375,297267.9375,288830.40625,307047.0,210864.484375,305037.5,-0.027587890625,0.987548828125,-0.166748046875,-1.1901854276657104,0.5798339247703552,0.5798339247703552,86.66667175292969,93693.0,1.0
316770.8125,310364.96875,304459.21875,297271.96875,288833.5625,307048.625,210865.109375,305042.75,-0.026611328125,0.98828125,-0.168212890625,-1.2207030057907104,0.5798339247703552,0.5798339247703552,86.66667175292969,93694.0,1.0
316777.78125,310347.09375,304466.1875,297276.34375,288839.0,307054.34375,210871.1875,305034.53125,-0.025146484375,0.988037109375,-0.1640625,-1.3427733182907104,0.4577636420726776,0.5798339247703552,86.66667175292969,93695.0,1.0
316775.8125,310329.75,304463.6875,297273.65625,288835.6875,307051.28125,210866.453125,305025.25,-0.026123046875,0.990478515625,-0.166748046875,-1.4038084745407104,0.4577636420726776,0.5187987685203552,86.66667175292969,93696.0,1.0
316776.0,310347.90625,304462.34375,297274.28125,288834.875,307049.78125,210862.96875,305034.8125,-0.026611328125,0.99072265625,-0.165771484375,-1.4343260526657104,0.3967284858226776,0.4272460639476776,86.66667175292969,93697.0,1.0
316776.0,310361.9375,304460.625,297273.03125,288832.28125,307049.0625,210861.8125,305040.53125,-0.027099609375,0.990478515625,-0.16552734375,-1.6174315214157104,0.3662109076976776,0.4577636420726776,86.66667175292969,93698.0,1.0
316776.8125,310341.125,304458.65625,297267.84375,288828.625,307047.34375,210861.1875,305028.8125,-0.024658203125,0.989501953125,-0.166015625,-1.5869139432907104,0.3356933295726776,0.4577636420726776,86.66667175292969,93699.0,1.0
316777.875,310320.5625,304456.0625,297263.46875,288824.15625,307045.3125,210858.59375,305016.125,-0.02294921875,0.98974609375,-0.167724609375,-1.6174315214157104,0.3662109076976776,0.3967284858226776,86.66667175292969,93700.0,1.0
316778.0625,310334.84375,304453.5625,297262.9375,288821.9375,307044.3125,210856.890625,305024.34375,-0.023681640625,0.988037109375,-0.16943359375,-1.5869139432907104,0.2746581733226776,0.3967284858226776,86.66667175292969,93701.0,1.0
316779.65625,310355.3125,304453.21875,297264.1875,288822.0,307045.3125,210859.484375,305035.25,-0.0244140625,0.98876953125,-0.1689453125,-1.6174315214157104,0.2746581733226776,0.3662109076976776,86.66667175292969,93702.0,1.0
316782.0,310342.90625,304454.375,297264.71875,288822.625,307048.25,210862.515625,305027.21875,-0.023193359375,0.988037109375,-0.166015625,-1.4648436307907104,0.3662109076976776,0.3967284858226776,86.66667175292969,93703.0,1.0
316781.1875,310319.84375,304452.5,297261.9375,288820.21875,307048.0,210861.984375,305015.40625,-0.024169921875,0.986572265625,-0.168212890625,-1.3732908964157104,0.3051757514476776,0.3051757514476776,86.66667175292969,93704.0,1.0
316780.03125,310330.90625,304453.5625,297264.625,288823.71875,307049.78125,210864.9375,305025.15625,-0.023193359375,0.982177734375,-0.16845703125,-1.3122557401657104,0.2746581733226776,0.3051757514476776,86.66667175292969,93705.0,1.0
316779.5,310355.5,304454.8125,297267.3125,288827.8125,307052.46875,210868.78125,305040.4375,-0.024169921875,0.98193359375,-0.171142578125,-1.3427733182907104,0.1831054538488388,0.3051757514476776,86.66667175292969,93706.0,1.0
316778.59375,310349.875,304455.71875,297265.15625,288829.625,307054.0625,210871.546875,305038.21875,-0.0224609375,0.98193359375,-0.172119140625,-1.1596678495407104,0.0915527269244194,0.3051757514476776,86.66667175292969,93707.0,1.0
316779.3125,310326.8125,304458.40625,297262.75,288832.28125,307056.125,210875.046875,305026.59375,-0.022705078125,0.982666015625,-0.169677734375,-1.0986326932907104,0.0915527269244194,0.2441406100988388,86.66667175292969,93708.0,1.0
316779.84375,310331.46875,304461.71875,297265.34375,288835.78125,307057.90625,210876.734375,305031.6875,-0.025146484375,0.982666015625,-0.167236328125,-0.9155272841453552,0.1220703050494194,0.2746581733226776,86.66667175292969,93709.0,1.0
316778.15625,310355.96875,304461.875,297268.75,288838.375,307058.09375,210876.921875,305046.4375,-0.026123046875,0.98388671875,-0.167724609375,-0.8239745497703552,0.1220703050494194,0.2136230319738388,86.66667175292969,93710.0,1.0
316776.1875,310354.34375,304461.1875,297268.1875,288838.03125,307057.28125,210875.125,305043.46875,-0.0263671875,0.982177734375,-0.166015625,-0.7934569716453552,0.1220703050494194,0.1220703050494194,86.66667175292969,93711.0,1.0
316775.46875,310331.28125,304462.15625,297266.40625,288837.46875,307056.5625,210875.21875,305030.34375,-0.026611328125,0.9833984375,-0.16845703125,-0.7629393935203552,0.0610351525247097,0.0915527269244194,86.66667175292969,93712.0,1.0
316773.3125,310329.9375,304462.34375,297266.78125,288838.5625,307055.75,210874.859375,305032.125,-0.02685546875,0.986083984375,-0.168701171875,-0.7934569716453552,0.03051757626235485,0.03051757626235485,86.66667175292969,93713.0,1.0
316774.3125,310359.0,304463.75,297273.46875,288843.1875,307057.375,210876.46875,305050.28125,-0.027099609375,0.987548828125,-0.168212890625,-0.7019042372703552,-0.03051757626235485,0.0915527269244194,86.66667175292969,93714.0,1.0
316772.15625,310363.1875,304461.4375,297274.09375,288841.78125,307053.875,210874.765625,305051.53125,-0.02783203125,0.9873046875,-0.171142578125,-0.5493163466453552,-0.1525878757238388,0.1525878757238388,86.66667175292969,93715.0,1.0
316772.96875,310338.875,304461.25,297273.46875,288838.28125,307049.59375,210871.640625,305036.40625,-0.028564453125,0.9873046875,-0.16845703125,-0.4882812201976776,-0.0915527269244194,0.1831054538488388,86.66667175292969,93716.0,1.0
316776.0,310330.21875,304464.21875,297275.09375,288837.3125,307046.71875,210868.25,305032.46875,-0.0263671875,0.986328125,-0.1689453125,-0.5187987685203552,-0.0610351525247097,0.0915527269244194,86.66667175292969,93717.0,1.0
316778.15625,310351.84375,304466.34375,297279.28125,288837.75,307044.125,210865.828125,305044.375,-0.02685546875,0.98828125,-0.165771484375,-0.5493163466453552,-0.1220703050494194,0.03051757626235485,86.66667175292969,93718.0,1.0
316781.28125,310365.6875,304469.5625,297280.4375,288839.625,307045.5625,210866.28125,305049.1875,-0.02734375,0.990966796875,-0.169189453125,-0.5798339247703552,-0.0915527269244194,0.1220703050494194,86.66667175292969,93719.0,1.0
316782.53125,310345.40625,304469.65625,297275.90625,288837.65625,307046.46875,210864.046875,305032.125,-0.026611328125,0.99072265625,-0.167724609375,-0.5493163466453552,-0.1831054538488388,0.0610351525247097,86.66667175292969,93720.0,1.0
316785.21875,310333.96875,304470.90625,297276.25,288838.28125,307049.15625,210864.84375,305023.625,-0.025390625,0.989013671875,-0.17041015625,-0.5798339247703552,-0.1831054538488388,0.0915527269244194,86.66667175292969,93721.0,1.0
316790.5,310357.46875,304475.3125,297282.5,288842.75,307053.78125,210868.421875,305038.21875,-0.0244140625,0.9912109375,-0.165771484375,-0.6408690810203552,-0.1525878757238388,0.03051757626235485,86.66667175292969,93722.0,1.0
316791.125,310372.84375,304475.75,297283.75,288842.75,307054.40625,210868.875,305046.59375,-0.02490234375,0.989013671875,-0.167724609375,-0.6713866591453552,-0.1525878757238388,0.03051757626235485,86.66667175292969,93723.0,1.0
316790.75,310352.65625,304473.59375,297280.625,288840.0,307053.34375,210868.515625,305034.53125,-0.02392578125,0.989013671875,-0.16650390625,-0.7019042372703552,-0.1220703050494194,0.0915527269244194,86.66667175292969,93724.0,1.0
316795.40625,310336.03125,304476.8125,297280.625,288840.96875,307057.28125,210871.640625,305025.0625,-0.023681640625,0.986572265625,-0.165771484375,-0.6408690810203552,-0.0610351525247097,0.1831054538488388,86.66667175292969,93725.0,1.0
316797.625,310349.59375,304477.90625,297283.65625,288840.6875,307056.5625,210871.1875,305036.40625,-0.025634765625,0.984375,-0.16796875,-0.7629393935203552,0.0610351525247097,0.2136230319738388,86.66667175292969,93726.0,1.0
316793.0,310364.625,304472.875,297280.53125,288834.71875,307050.5,210867.265625,305045.34375,-0.023193359375,0.982177734375,-0.1689453125,-0.7019042372703552,0.1220703050494194,0.1831054538488388,86.66667175292969,93727.0,1.0
316787.96875,310346.46875,304467.875,297275.34375,288828.53125,307045.125,210864.125,305035.0,-0.023193359375,0.983154296875,-0.169921875,-0.6713866591453552,0.0915527269244194,0.2746581733226776,86.66667175292969,93728.0,1.0
316783.40625,310319.9375,304463.40625,297269.625,288823.53125,307041.8125,210862.34375,305020.3125,-0.0234375,0.984375,-0.170166015625,-0.6713866591453552,0.03051757626235485,0.2746581733226776,86.66667175292969,93729.0,1.0
316782.0,310328.6875,304461.71875,297269.625,288824.78125,307042.875,210863.0625,305025.34375,-0.024658203125,0.984619140625,-0.170654296875,-0.5798339247703552,0.0915527269244194,0.2746581733226776,86.66667175292969,93730.0,1.0
316782.78125,310353.0,304462.78125,297273.3125,288828.4375,307045.75,210865.734375,305042.84375,-0.024658203125,0.98291015625,-0.16796875,-0.3662109076976776,0.2136230319738388,0.3662109076976776,86.66667175292969,93731.0,1.0
316777.0625,310342.4375,304458.84375,297268.5625,288827.1875,307044.40625,210866.453125,305037.65625,-0.024169921875,0.9814453125,-0.167724609375,-0.5187987685203552,0.2136230319738388,0.3356933295726776,86.66667175292969,93732.0,1.0
316772.34375,310317.25,304456.0625,297262.5625,288826.46875,307045.3125,210868.25,305023.375,-0.023681640625,0.98193359375,-0.167236328125,-0.4577636420726776,0.2746581733226776,0.2746581733226776,86.66667175292969,93733.0,1.0
316773.21875,310324.3125,304458.75,297263.1875,288830.0625,307049.59375,210870.65625,305026.125,-0.025146484375,0.982666015625,-0.166015625,-0.3356933295726776,0.4272460639476776,0.2441406100988388,86.66667175292969,93734.0,1.0
316772.875,310353.09375,304459.5625,297264.0,288834.53125,307052.53125,210874.953125,305043.03125,-0.02392578125,0.982666015625,-0.169677734375,-0.2441406100988388,0.4577636420726776,0.3051757514476776,86.66667175292969,93735.0,1.0
316773.9375,310354.96875,304460.1875,297262.3125,288837.65625,307054.25,210875.671875,305040.96875,-0.023681640625,0.98388671875,-0.16943359375,-0.1831054538488388,0.4577636420726776,0.3051757514476776,86.66667175292969,93736.0,1.0
316776.90625,310335.125,304463.9375,297261.40625,288840.78125,307056.9375,210875.3125,305025.6875,-0.024169921875,0.985107421875,-0.1689453125,-0.1220703050494194,0.5187987685203552,0.3051757514476776,86.66667175292969,93737.0,1.0
316775.65625,310332.09375,304463.40625,297262.375,288841.15625,307054.78125,210873.15625,305024.53125,-0.024658203125,0.98681640625,-0.167724609375,-0.1220703050494194,0.5798339247703552,0.3662109076976776,86.66667175292969,93738.0,1.0
316774.40625,310354.4375,304459.46875,297263.65625,288838.28125,307049.9375,210868.875,305036.3125,-0.024658203125,0.98681640625,-0.169189453125,-0.0610351525247097,0.5798339247703552,0.3051757514476776,86.66667175292969,93739.0,1.0
316774.125,310361.21875,304458.125,297264.8125,288837.21875,307047.4375,210867.171875,305040.1875,-0.0244140625,0.9873046875,-0.17236328125,-0.03051757626235485,0.7019042372703552,0.3356933295726776,86.66667175292969,93740.0,1.0
316777.78125,310342.90625,304462.34375,297267.40625,288840.34375,307051.375,210871.109375,305030.15625,-0.023681640625,0.98681640625,-0.17041015625,-0.0915527269244194,0.7019042372703552,0.3051757514476776,86.66667175292969,93741.0,1.0
316777.0625,310334.59375,304463.75,297268.375,288840.34375,307051.03125,210870.390625,305025.875,-0.0224609375,0.987060546875,-0.171142578125,-0.03051757626235485,0.6103515028953552,0.3356933295726776,86.66667175292969,93742.0,1.0
316778.875,310358.0,304465.71875,297272.5,288839.1875,307048.875,210867.34375,305037.75,-0.0244140625,0.9873046875,-0.170166015625,-0.1525878757238388,0.7324218153953552,0.2441406100988388,86.66667175292969,93743.0,1.0
316784.75,310373.03125,304470.1875,297276.34375,288840.96875,307050.5625,210868.421875,305045.625,-0.024169921875,0.98681640625,-0.169677734375,-0.2136230319738388,0.7324218153953552,0.3051757514476776,86.66667175292969,93744.0,1.0
316782.25,310350.15625,304468.875,297273.375,288836.84375,307048.875,210868.953125,305036.59375,-0.025390625,0.986572265625,-0.17041015625,-0.2746581733226776,0.8239745497703552,0.3356933295726776,86.66667175292969,93745.0,1.0
316782.0,310333.34375,304468.5,297271.875,288836.5,307050.03125,210871.1875,305029.96875,-0.026123046875,0.985595703125,-0.171142578125,-0.2441406100988388,0.7934569716453552,0.3662109076976776,86.66667175292969,93746.0,1.0
316780.28125,310350.21875,304466.625,297272.125,288836.6875,307052.0,210872.171875,305039.28125,-0.02490234375,0.988037109375,-0.169677734375,-0.3356933295726776,0.8544921278953552,0.3967284858226776,86.66667175292969,93747.0,1.0
316777.6875,310362.03125,304461.625,297270.34375,288833.375,307050.65625,210871.640625,305044.90625,-0.025390625,0.98828125,-0.170166015625,-0.3051757514476776,0.9155272841453552,0.4577636420726776,86.66667175292969,93748.0,1.0
316784.59375,310349.4375,304466.53125,297272.5,288837.5625,307055.21875,210876.296875,305035.0625,-0.025390625,0.990478515625,-0.17041015625,-0.2746581733226776,0.9765624403953552,0.3967284858226776,86.66667175292969,93749.0,1.0
316789.21875,310330.75,304469.65625,297274.71875,288838.5625,307056.03125,210876.734375,305023.90625,-0.02392578125,0.98876953125,-0.1708984375,-0.3967284858226776,0.9155272841453552,0.4272460639476776,86.66667175292969,93750.0,1.0
