364145.15625,356131.53125,361009.21875,311998.4375,323105.75,345174.875,314916.59375,342299.375,-0.031494140625,0.951171875,-0.286865234375,-0.4577636420726776,0.0915527269244194,0.3051757514476776,93.33334350585938,61501.0,1.0
364146.9375,356124.0,360929.375,312005.5,323022.0625,345162.90625,314874.9375,342298.375,-0.032470703125,0.951171875,-0.286376953125,-0.6713866591453552,0.1220703050494194,0.1831054538488388,93.33334350585938,61502.0,1.0
364173.6875,356156.8125,361110.25,312010.78125,323151.0625,345200.1875,314934.125,342356.15625,-0.029296875,0.951416015625,-0.292236328125,-0.6713866591453552,0.2441406100988388,0.1831054538488388,93.33334350585938,61503.0,1.0
364170.46875,356164.6875,361211.375,311999.875,323249.875,345214.3125,314984.28125,342361.40625,-0.0302734375,0.95068359375,-0.289794921875,-0.7019042372703552,0.1831054538488388,0.1831054538488388,93.33334350585938,61504.0,1.0
364139.15625,356131.15625,361044.875,311996.75,323134.09375,345179.4375,314937.0625,342309.90625,-0.032958984375,0.94921875,-0.28955078125,-0.8544921278953552,0.2441406100988388,0.2136230319738388,93.33334350585938,61505.0,1.0
364135.78125,356118.65625,360923.5625,312010.78125,323023.65625,345162.8125,314887.53125,342303.65625,-0.032470703125,0.949951171875,-0.289794921875,-0.8239745497703552,0.3356933295726776,0.1831054538488388,93.33334350585938,61506.0,1.0
364158.46875,356144.3125,361072.15625,312010.6875,323121.65625,345193.84375,314925.90625,342351.5,-0.03369140625,0.949462890625,-0.29052734375,-0.9460448622703552,0.3356933295726776,0.03051757626235485,93.33334350585938,61507.0,1.0
364167.96875,356163.625,361213.6875,311999.25,323248.1875,345217.625,314984.46875,342363.125,-0.0322265625,0.951171875,-0.288818359375,-0.9155272841453552,0.4272460639476776,0.0610351525247097,93.33334350585938,61508.0,1.0
364140.59375,356131.25,361078.3125,311990.21875,323159.125,345181.5,314943.96875,342313.9375,-0.030517578125,0.951904296875,-0.286865234375,-0.9460448622703552,0.4882812201976776,0.0,93.33334350585938,61509.0,1.0
364127.28125,356103.625,360915.4375,311998.90625,323018.3125,345151.09375,314875.65625,342287.65625,-0.031982421875,0.950927734375,-0.287353515625,-1.0375975370407104,0.5798339247703552,-0.03051757626235485,93.33334350585938,61510.0,1.0
364151.96875,356129.375,361028.15625,312007.21875,323085.90625,345178.8125,314905.0625,342336.21875,-0.03271484375,0.951171875,-0.2880859375,-1.0375975370407104,0.5798339247703552,-0.0610351525247097,93.33334350585938,61511.0,1.0
364170.09375,356154.40625,361201.71875,312000.6875,323233.15625,345209.3125,314970.15625,342371.78125,-0.033935546875,0.951416015625,-0.2919921875,-1.1291502714157104,0.5798339247703552,-0.0610351525247097,93.33334350585938,61512.0,1.0
364153.65625,356136.34375,361119.28125,311998.4375,323189.875,345189.625,314955.40625,342335.40625,-0.03564453125,0.95068359375,-0.2880859375,-1.1291502714157104,0.6103515028953552,-0.0610351525247097,93.33334350585938,61513.0,1.0
364133.28125,356107.75,360931.875,312003.53125,323036.0,345154.84375,314887.0,342299.375,-0.037841796875,0.950439453125,-0.286865234375,-1.2512205839157104,0.6713866591453552,-0.03051757626235485,93.33334350585938,61514.0,1.0
364146.21875,356129.1875,360993.28125,312010.96875,323062.84375,345173.90625,314893.8125,342338.625,-0.03759765625,0.9482421875,-0.29052734375,-1.2512205839157104,0.5798339247703552,-0.0610351525247097,93.33334350585938,61515.0,1.0
364165.71875,356165.3125,361191.15625,312005.875,323222.6875,345212.78125,314965.0625,342377.875,-0.03662109375,0.947998046875,-0.28857421875,-1.1596678495407104,0.6103515028953552,-0.03051757626235485,93.33334350585938,61516.0,1.0
364153.21875,356155.65625,361156.46875,311999.4375,323217.0625,345202.0625,314970.15625,342348.46875,-0.035888671875,0.947509765625,-0.28759765625,-1.2512205839157104,0.6713866591453552,-0.0915527269244194,93.33334350585938,61517.0,1.0
364129.6875,356122.40625,360957.90625,312001.59375,323060.15625,345164.875,314900.0625,342301.4375,-0.036376953125,0.947265625,-0.290283203125,-1.2207030057907104,0.6408690810203552,-0.0915527269244194,93.33334350585938,61518.0,1.0
364141.59375,356131.4375,360974.0625,312011.875,323049.78125,345174.25,314889.96875,342325.5625,-0.037109375,0.947509765625,-0.2890625,-1.1291502714157104,0.5493163466453552,-0.03051757626235485,93.33334350585938,61519.0,1.0
364169.3125,356170.875,361177.28125,312012.9375,323208.65625,345216.28125,314961.5625,342375.53125,-0.0380859375,0.948486328125,-0.286865234375,-1.2512205839157104,0.5798339247703552,0.0,93.33334350585938,61520.0,1.0
364160.09375,356167.28125,361186.78125,312006.40625,323239.84375,345213.84375,314980.96875,342359.4375,-0.03759765625,0.94970703125,-0.286376953125,-1.1901854276657104,0.4272460639476776,-0.03051757626235485,93.33334350585938,61521.0,1.0
364134.15625,356133.9375,360991.40625,312006.6875,323089.84375,345177.90625,314916.25,342306.875,-0.03857421875,0.949951171875,-0.286376953125,-1.2207030057907104,0.4882812201976776,-0.03051757626235485,93.33334350585938,61522.0,1.0
364141.125,356133.59375,360949.5625,312012.21875,323033.9375,345171.75,314885.03125,342308.5,-0.037353515625,0.948486328125,-0.28369140625,-1.1291502714157104,0.3967284858226776,0.0,93.33334350585938,61523.0,1.0
364166.15625,356165.0625,361140.28125,312012.75,323178.6875,345207.6875,314947.1875,342362.65625,-0.03564453125,0.947021484375,-0.282958984375,-1.0681151151657104,0.3662109076976776,0.0610351525247097,93.33334350585938,61524.0,1.0
364167.5,356169.4375,361207.6875,312006.84375,323251.65625,345216.53125,314986.78125,342363.375,-0.037353515625,0.9482421875,-0.2841796875,-1.1901854276657104,0.3662109076976776,0.1220703050494194,93.33334350585938,61525.0,1.0
364141.5,356134.90625,361022.625,312003.0,323116.03125,345180.78125,314927.40625,342309.03125,-0.034912109375,0.94921875,-0.287353515625,-1.0681151151657104,0.3662109076976776,0.1831054538488388,93.33334350585938,61526.0,1.0
364137.125,356123.375,360930.8125,312007.03125,323023.3125,345165.3125,314879.6875,342302.0625,-0.03564453125,0.949951171875,-0.286376953125,-1.0681151151657104,0.3356933295726776,0.1525878757238388,93.33334350585938,61527.0,1.0
364161.875,356155.65625,361104.25,312006.59375,323144.90625,345198.65625,314931.28125,342352.375,-0.0361328125,0.9521484375,-0.2861328125,-1.0375975370407104,0.3662109076976776,0.2441406100988388,93.33334350585938,61528.0,1.0
364165.0,356168.625,361210.03125,311998.625,323247.0,345215.375,314981.78125,342363.28125,-0.0361328125,0.951171875,-0.284912109375,-1.0375975370407104,0.3662109076976776,0.3051757514476776,93.33334350585938,61529.0,1.0
364141.5,356138.40625,361048.28125,311996.65625,323135.0625,345183.46875,314935.125,342313.3125,-0.0361328125,0.950439453125,-0.28662109375,-1.1596678495407104,0.3051757514476776,0.3662109076976776,93.33334350585938,61530.0,1.0
364136.75,356123.75,360920.875,312006.6875,323018.40625,345162.0,314878.96875,342299.90625,-0.03564453125,0.952880859375,-0.2880859375,-1.1901854276657104,0.3356933295726776,0.3967284858226776,93.33334350585938,61531.0,1.0
364168.0625,356156.75,361069.1875,312015.875,323117.5625,345192.84375,314919.28125,342351.3125,-0.03466796875,0.95263671875,-0.286376953125,-1.1291502714157104,0.2746581733226776,0.4272460639476776,93.33334350585938,61532.0,1.0
364183.25,356178.09375,361219.9375,312010.4375,323248.4375,345218.78125,314981.59375,342374.28125,-0.03271484375,0.9521484375,-0.28857421875,-1.1291502714157104,0.3051757514476776,0.4882812201976776,93.33334350585938,61533.0,1.0
364160.28125,356152.28125,361096.5625,312003.0,323172.96875,345193.28125,314953.0,342326.625,-0.032470703125,0.953369140625,-0.289794921875,-1.0681151151657104,0.3051757514476776,0.4882812201976776,93.33334350585938,61534.0,1.0
364145.53125,356126.4375,360930.875,312006.0625,323031.53125,345161.28125,314886.75,342290.4375,-0.033447265625,0.953369140625,-0.28515625,-1.1291502714157104,0.3356933295726776,0.5493163466453552,93.33334350585938,61535.0,1.0
364167.25,356149.3125,361033.71875,312011.40625,323090.28125,345184.53125,314911.15625,342337.1875,-0.036865234375,0.955078125,-0.283203125,-1.1291502714157104,0.3967284858226776,0.5187987685203552,93.33334350585938,61536.0,1.0
364181.1875,356174.25,361209.9375,312003.375,323236.71875,345216.28125,314979.53125,342372.78125,-0.033447265625,0.95263671875,-0.28466796875,-1.1291502714157104,0.4272460639476776,0.4577636420726776,93.33334350585938,61537.0,1.0
364158.65625,356151.90625,361125.4375,311993.875,323191.75,345194.375,314961.84375,342332.0,-0.0341796875,0.95263671875,-0.285400390625,-1.2512205839157104,0.3662109076976776,0.4577636420726776,93.33334350585938,61538.0,1.0
364147.84375,356130.53125,360941.8125,312005.15625,323043.25,345166.28125,314894.96875,342297.75,-0.0322265625,0.95263671875,-0.2880859375,-1.2207030057907104,0.4577636420726776,0.3662109076976776,93.33334350585938,61539.0,1.0
364168.3125,356151.375,361001.53125,312016.34375,323068.1875,345183.46875,314901.125,342335.59375,-0.03271484375,0.952880859375,-0.28759765625,-1.2207030057907104,0.4577636420726776,0.3967284858226776,93.33334350585938,61540.0,1.0
364195.40625,356188.3125,361201.78125,312021.25,323230.46875,345223.0625,314976.3125,342384.84375,-0.03564453125,0.951416015625,-0.2880859375,-1.2512205839157104,0.5187987685203552,0.3967284858226776,93.33334350585938,61541.0,1.0
364178.40625,356172.21875,361170.9375,312012.40625,323228.15625,345211.96875,314981.0625,342354.90625,-0.033447265625,0.95166015625,-0.2880859375,-1.2817381620407104,0.5187987685203552,0.3051757514476776,93.33334350585938,61542.0,1.0
364149.375,356132.5,360967.09375,312006.5,323066.5,345168.96875,314904.71875,342298.84375,-0.032470703125,0.94970703125,-0.287109375,-1.2512205839157104,0.5493163466453552,0.2441406100988388,93.33334350585938,61543.0,1.0
364163.59375,356143.875,360972.5625,312016.875,323047.375,345175.59375,314893.28125,342321.1875,-0.033203125,0.9501953125,-0.2841796875,-1.2817381620407104,0.5493163466453552,0.1831054538488388,93.33334350585938,61544.0,1.0
364188.875,356179.90625,361174.34375,312015.15625,323203.28125,345215.8125,314964.78125,342374.03125,-0.033935546875,0.9501953125,-0.284912109375,-1.2817381620407104,0.5798339247703552,0.2136230319738388,93.33334350585938,61545.0,1.0
364176.46875,356170.0625,361187.5,312002.46875,323235.5625,345208.75,314978.46875,342350.59375,-0.033447265625,0.950927734375,-0.285888671875,-1.2207030057907104,0.5187987685203552,0.1525878757238388,93.33334350585938,61546.0,1.0
364157.40625,356141.34375,360996.5,312008.71875,323091.875,345175.59375,314916.25,342300.875,-0.033203125,0.950439453125,-0.285888671875,-1.1596678495407104,0.5798339247703552,0.1831054538488388,93.33334350585938,61547.0,1.0
364164.5625,356141.0,360952.78125,312020.1875,323035.28125,345172.1875,314888.4375,342313.6875,-0.0341796875,0.949462890625,-0.2841796875,-1.1901854276657104,0.5798339247703552,0.2136230319738388,93.33334350585938,61548.0,1.0
364185.84375,356174.53125,361141.8125,312016.6875,323174.78125,345207.5,314947.625,342368.46875,-0.034423828125,0.951416015625,-0.284423828125,-1.0681151151657104,0.4577636420726776,0.1525878757238388,93.33334350585938,61549.0,1.0
364185.5625,356183.5625,361214.65625,312010.34375,323253.90625,345220.375,314990.8125,342369.65625,-0.0341796875,0.95068359375,-0.283447265625,-1.0681151151657104,0.5187987685203552,0.03051757626235485,93.33334350585938,61550.0,1.0
364156.25,356146.375,361029.5,312001.65625,323118.96875,345182.375,314930.8125,342311.53125,-0.032958984375,0.951171875,-0.28466796875,-1.0070799589157104,0.5493163466453552,0.0915527269244194,93.33334350585938,61551.0,1.0
364153.5625,356134.21875,360936.625,312010.875,323027.6875,345167.1875,314883.875,342306.78125,-0.03466796875,0.94970703125,-0.283203125,-0.9460448622703552,0.5493163466453552,0.0915527269244194,93.33334350585938,61552.0,1.0
364177.09375,356165.6875,361103.71875,312009.1875,323144.71875,345199.03125,314931.09375,342349.96875,-0.0341796875,0.949951171875,-0.281982421875,-0.8544921278953552,0.5798339247703552,0.0610351525247097,93.33334350585938,61553.0,1.0
364180.65625,356181.40625,361218.15625,312000.40625,323253.71875,345219.5,314984.46875,342364.28125,-0.0361328125,0.94921875,-0.28173828125,-0.8544921278953552,0.5187987685203552,0.0915527269244194,93.33334350585938,61554.0,1.0
364150.875,356145.46875,361060.34375,311993.34375,323144.09375,345183.1875,314940.75,342310.8125,-0.037109375,0.949462890625,-0.285400390625,-0.8239745497703552,0.4577636420726776,0.0915527269244194,93.33334350585938,61555.0,1.0
364141.6875,356127.9375,360925.34375,312002.5625,323021.09375,345162.4375,314882.8125,342293.5625,-0.03759765625,0.949951171875,-0.285400390625,-0.7324218153953552,0.3356933295726776,0.0915527269244194,93.33334350585938,61556.0,1.0
364168.6875,356159.96875,361065.8125,312008.8125,323115.40625,345194.375,314918.84375,342344.0625,-0.0361328125,0.948974609375,-0.2841796875,-0.6713866591453552,0.3967284858226776,0.1831054538488388,93.33334350585938,61557.0,1.0
364184.84375,356186.5,361220.125,312009.1875,323252.375,345227.4375,314985.09375,342376.09375,-0.037841796875,0.94921875,-0.284423828125,-0.5798339247703552,0.3356933295726776,0.2136230319738388,93.33334350585938,61558.0,1.0
364163.59375,356167.1875,361107.8125,312010.34375,323182.8125,345205.8125,314958.8125,342334.3125,-0.036376953125,0.94775390625,-0.284912109375,-0.5493163466453552,0.2746581733226776,0.0915527269244194,93.33334350585938,61559.0,1.0
364146.5,356141.53125,360939.46875,312010.78125,323038.96875,345171.21875,314887.625,342296.5,-0.035888671875,0.94970703125,-0.282958984375,-0.5187987685203552,0.3051757514476776,0.03051757626235485,93.33334350585938,61560.0,1.0
364171.4375,356167.5625,361035.6875,312017.03125,323093.3125,345194.46875,314908.1875,342344.78125,-0.0322265625,0.950927734375,-0.283447265625,-0.5493163466453552,0.3356933295726776,0.0915527269244194,93.33334350585938,61561.0,1.0
364188.875,356199.03125,361218.15625,312012.75,323247.09375,345229.9375,314982.75,342388.34375,-0.0361328125,0.95068359375,-0.281982421875,-0.4577636420726776,0.3967284858226776,0.0610351525247097,93.33334350585938,61562.0,1.0
364167.5,356179.625,361143.6875,312006.0625,323211.15625,345210.28125,314971.40625,342350.78125,-0.036865234375,0.95068359375,-0.28173828125,-0.5493163466453552,0.3662109076976776,0.0915527269244194,93.33334350585938,61563.0,1.0
364142.65625,356142.34375,360947.53125,312003.0,323048.78125,345168.53125,314893.09375,342294.53125,-0.036376953125,0.951416015625,-0.28369140625,-0.4577636420726776,0.3051757514476776,0.1525878757238388,93.33334350585938,61564.0,1.0
364160.0,356156.5625,360995.96875,312009.4375,323063.8125,345184.09375,314895.5,342323.875,-0.036376953125,0.9521484375,-0.2822265625,-0.2746581733226776,0.3051757514476776,0.0915527269244194,93.33334350585938,61565.0,1.0
364184.15625,356191.78125,361200.8125,312012.03125,323228.6875,345228.96875,314974.53125,342380.71875,-0.036865234375,0.949462890625,-0.284912109375,-0.3662109076976776,0.2746581733226776,0.0610351525247097,93.33334350585938,61566.0,1.0
364168.59375,356178.90625,361176.125,312007.21875,323232.71875,345220.28125,314984.1875,342357.9375,-0.035400390625,0.9521484375,-0.284912109375,-0.3356933295726776,0.2136230319738388,0.1525878757238388,93.33334350585938,61567.0,1.0
364140.25,356143.25,360975.25,312007.65625,323073.375,345181.65625,314913.84375,342304.375,-0.033447265625,0.951416015625,-0.28466796875,-0.3051757514476776,0.3051757514476776,0.2136230319738388,93.33334350585938,61568.0,1.0
364147.75,356146.375,360966.84375,312010.78125,323042.8125,345181.84375,314889.96875,342317.875,-0.033447265625,0.951171875,-0.282958984375,-0.3051757514476776,0.2441406100988388,0.1831054538488388,93.33334350585938,61569.0,1.0
364176.375,356184.625,361168.8125,312007.84375,323198.5625,345223.96875,314959.4375,342372.3125,-0.03515625,0.952880859375,-0.284912109375,-0.3662109076976776,0.2746581733226776,0.1220703050494194,93.33334350585938,61570.0,1.0
364166.25,356178.46875,361190.25,311996.03125,323236.71875,345218.78125,314979.09375,342355.34375,-0.033935546875,0.953125,-0.284423828125,-0.4577636420726776,0.3051757514476776,0.2136230319738388,93.33334350585938,61571.0,1.0
364139.96875,356141.90625,360994.71875,311997.375,323090.71875,345180.0625,314913.84375,342303.40625,-0.033447265625,0.95263671875,-0.2841796875,-0.3051757514476776,0.3051757514476776,0.1220703050494194,93.33334350585938,61572.0,1.0
364148.1875,356140.46875,360943.9375,312009.28125,323031.53125,345174.25,314881.375,342313.75,-0.03173828125,0.95068359375,-0.28515625,-0.3967284858226776,0.3356933295726776,0.2746581733226776,93.33334350585938,61573.0,1.0
364179.21875,356180.53125,361137.78125,312013.90625,323174.78125,345213.3125,314943.34375,342369.09375,-0.033447265625,0.953125,-0.285888671875,-0.3967284858226776,0.3051757514476776,0.3051757514476776,93.33334350585938,61574.0,1.0
364177.34375,356189.28125,361216.1875,312003.1875,323256.03125,345223.875,314985.34375,342368.3125,-0.033935546875,0.953125,-0.28515625,-0.4272460639476776,0.2746581733226776,0.2441406100988388,93.33334350585938,61575.0,1.0
364154.71875,356156.8125,361040.59375,312004.25,323130.875,345186.84375,314933.6875,342316.8125,-0.03466796875,0.95263671875,-0.285888671875,-0.4272460639476776,0.3356933295726776,0.2746581733226776,93.33334350585938,61576.0,1.0
364151.15625,356143.6875,360940.90625,312014.53125,323033.0625,345171.03125,314888.1875,342313.9375,-0.033203125,0.95263671875,-0.284423828125,-0.3967284858226776,0.4272460639476776,0.3051757514476776,93.33334350585938,61577.0,1.0
364171.71875,356170.25,361104.25,312015.53125,323145.09375,345201.25,314933.59375,342363.28125,-0.03369140625,0.951904296875,-0.283935546875,-0.3051757514476776,0.4882812201976776,0.3967284858226776,93.33334350585938,61578.0,1.0
364170.8125,356181.875,361219.0625,312001.5,323250.59375,345217.78125,314980.625,342368.75,-0.03271484375,0.952880859375,-0.283203125,-0.2746581733226776,0.5798339247703552,0.3356933295726776,93.33334350585938,61579.0,1.0
364143.375,356151.28125,361062.84375,311988.0,323145.09375,345188.09375,314933.84375,342307.59375,-0.034423828125,0.949951171875,-0.2861328125,-0.2746581733226776,0.5187987685203552,0.3967284858226776,93.33334350585938,61580.0,1.0
364138.625,356137.78125,360923.125,311998.0,323020.4375,345170.6875,314876.0,342287.3125,-0.033935546875,0.949951171875,-0.282470703125,-0.2441406100988388,0.4882812201976776,0.3967284858226776,93.33334350585938,61581.0,1.0
364163.40625,356169.0,361059.90625,312005.4375,323110.125,345200.90625,314912.59375,342340.3125,-0.03515625,0.94775390625,-0.282470703125,-0.2746581733226776,0.5798339247703552,0.3662109076976776,93.33334350585938,61582.0,1.0
364180.46875,356194.5625,361220.03125,312006.5,323249.59375,345232.46875,314978.75,342375.53125,-0.03515625,0.947265625,-0.28271484375,-0.2441406100988388,0.5493163466453552,0.2441406100988388,93.33334350585938,61583.0,1.0
364157.6875,356169.34375,361106.5,311999.15625,323179.59375,345205.625,314950.75,342328.4375,-0.03515625,0.946044921875,-0.28466796875,-0.2441406100988388,0.5187987685203552,0.1831054538488388,93.33334350585938,61584.0,1.0
364138.46875,356139.3125,360931.875,312001.5,323031.90625,345169.34375,314881.46875,342296.15625,-0.03466796875,0.9462890625,-0.286376953125,-0.2136230319738388,0.5493163466453552,0.1525878757238388,93.33334350585938,61585.0,1.0
364158.21875,356161.03125,361023.6875,312010.34375,323083.5625,345191.0625,314897.5625,342339.0625,-0.03369140625,0.948486328125,-0.288330078125,-0.1831054538488388,0.4882812201976776,0.0915527269244194,93.33334350585938,61586.0,1.0
364171.4375,356185.71875,361204.03125,312004.53125,323230.90625,345221.09375,314964.53125,342376.53125,-0.033203125,0.950439453125,-0.285888671875,-0.0610351525247097,0.5798339247703552,0.1831054538488388,93.33334350585938,61587.0,1.0
364151.78125,356167.8125,361135.90625,311998.1875,323197.65625,345200.625,314951.84375,342336.75,-0.034912109375,0.948486328125,-0.2880859375,-0.1220703050494194,0.6103515028953552,0.0915527269244194,93.33334350585938,61588.0,1.0
364138.90625,356145.84375,360950.84375,312007.84375,323051.46875,345173.1875,314889.6875,342304.375,-0.032470703125,0.9462890625,-0.287841796875,-0.1525878757238388,0.6103515028953552,0.0610351525247097,93.33334350585938,61589.0,1.0
364155.53125,356158.78125,360993.5625,312012.65625,323061.84375,345183.90625,314890.59375,342337.375,-0.03076171875,0.9453125,-0.28857421875,-0.1220703050494194,0.7019042372703552,0.0,93.33334350585938,61590.0,1.0
364183.15625,356195.90625,361196.4375,312012.5,323222.15625,345225.3125,314965.96875,342384.125,-0.029052734375,0.944091796875,-0.28759765625,-0.0610351525247097,0.6713866591453552,-0.03051757626235485,93.33334350585938,61591.0,1.0
364169.9375,356185.15625,361176.59375,312003.90625,323228.9375,345217.875,314974.09375,342354.625,-0.028564453125,0.943359375,-0.289794921875,0.0915527269244194,0.8544921278953552,0.0915527269244194,93.33334350585938,61592.0,1.0
364147.65625,356150.21875,360975.5,312004.25,323072.84375,345180.0625,314903.8125,342300.875,-0.028076171875,0.945556640625,-0.2890625,0.2441406100988388,0.9155272841453552,0.2136230319738388,93.33334350585938,61593.0,1.0
364158.125,356152.71875,360963.96875,312010.6875,323040.46875,345178.8125,314883.53125,342316.34375,-0.03125,0.950439453125,-0.291015625,0.3051757514476776,0.8850097060203552,0.3051757514476776,93.33334350585938,61594.0,1.0
364186.75,356192.0625,361165.75,312012.5625,323197.375,345223.0625,314951.375,342369.65625,-0.03369140625,0.95361328125,-0.290771484375,0.3051757514476776,0.9460448622703552,0.2746581733226776,93.33334350585938,61595.0,1.0
364180.21875,356196.15625,361204.9375,312006.125,323251.65625,345230.21875,314983.3125,342357.21875,-0.032958984375,0.952392578125,-0.291748046875,0.2136230319738388,1.0070799589157104,0.3356933295726776,93.33334350585938,61596.0,1.0
364151.34375,356161.75,361009.9375,312004.53125,323102.96875,345192.9375,314922.5,342303.9375,-0.035400390625,0.950439453125,-0.291259765625,0.2136230319738388,0.9155272841453552,0.3051757514476776,93.33334350585938,61597.0,1.0
364152.9375,356158.4375,360952.15625,312014.09375,323035.46875,345188.1875,314891.84375,342312.34375,-0.03564453125,0.94921875,-0.290283203125,0.2746581733226776,0.8850097060203552,0.2136230319738388,93.33334350585938,61598.0,1.0
364178.96875,356192.6875,361140.0,312013.5625,323174.84375,345227.0,314952.90625,342366.0625,-0.036376953125,0.947998046875,-0.288330078125,0.3356933295726776,0.7934569716453552,0.0915527269244194,93.33334350585938,61599.0,1.0
364173.5,356197.40625,361219.84375,311996.75,323257.1875,345237.375,314992.78125,342361.59375,-0.03759765625,0.9482421875,-0.2890625,0.2746581733226776,0.7324218153953552,0.0915527269244194,93.33334350585938,61600.0,1.0
364147.40625,356162.90625,361042.65625,311994.5,323128.71875,345201.15625,314939.40625,342309.5625,-0.0390625,0.948974609375,-0.28515625,0.2441406100988388,0.6103515028953552,-0.03051757626235485,93.33334350585938,61601.0,1.0
364146.5,356147.09375,360935.28125,312003.46875,323025.46875,345182.125,314886.75,342299.90625,-0.039794921875,0.951904296875,-0.28662109375,0.2746581733226776,0.4882812201976776,-0.2746581733226776,93.33334350585938,61602.0,1.0
364176.375,356182.75,361102.46875,312010.78125,323143.84375,345219.125,314938.0625,342358.75,-0.04248046875,0.954345703125,-0.2841796875,0.0610351525247097,0.3662109076976776,-0.3662109076976776,93.33334350585938,61603.0,1.0
364182.0,356197.40625,361223.15625,312001.40625,323255.59375,345238.0,314992.25,342376.625,-0.041259765625,0.9560546875,-0.286865234375,-0.0915527269244194,0.2441406100988388,-0.5798339247703552,93.33334350585938,61604.0,1.0
364157.84375,356170.59375,361078.21875,311994.4375,323158.0625,345206.78125,314952.71875,342326.625,-0.041015625,0.958251953125,-0.29150390625,-0.1220703050494194,0.1525878757238388,-0.6408690810203552,93.33334350585938,61605.0,1.0
364146.9375,356152.09375,360933.65625,312003.90625,323030.65625,345182.84375,314895.3125,342308.9375,-0.03857421875,0.96337890625,-0.29150390625,-0.3662109076976776,0.03051757626235485,-0.7019042372703552,93.33334350585938,61606.0,1.0
364173.3125,356183.65625,361067.15625,312014.375,323117.90625,345214.75,314933.84375,342365.34375,-0.035888671875,0.96240234375,-0.2880859375,-0.4577636420726776,0.0,-0.7324218153953552,93.33334350585938,61607.0,1.0
364188.6875,356212.875,361233.1875,312013.03125,323261.75,345246.3125,315002.34375,342394.0625,-0.035400390625,0.961181640625,-0.2890625,-0.5187987685203552,-0.1220703050494194,-0.6713866591453552,93.33334350585938,61608.0,1.0
364163.21875,356189.625,361124.46875,312003.71875,323195.96875,345216.71875,314975.0,342348.53125,-0.03369140625,0.9609375,-0.288818359375,-0.6103515028953552,-0.0915527269244194,-0.5798339247703552,93.33334350585938,61609.0,1.0
364155.625,356171.3125,360956.0,312014.09375,323055.40625,345189.625,314912.84375,342323.96875,-0.033203125,0.9580078125,-0.2880859375,-0.7934569716453552,-0.03051757626235485,-0.4272460639476776,93.33334350585938,61610.0,1.0
364184.6875,356198.65625,361047.21875,312027.15625,323105.03125,345212.78125,314929.65625,342363.5625,-0.0341796875,0.95556640625,-0.286865234375,-0.8544921278953552,0.0,-0.3967284858226776,93.33334350585938,61611.0,1.0
364211.21875,356233.28125,361237.1875,312027.40625,323262.9375,345248.375,314997.6875,342397.8125,-0.03466796875,0.952392578125,-0.292236328125,-0.8850097060203552,0.03051757626235485,-0.2136230319738388,93.33334350585938,61612.0,1.0
364198.1875,356219.15625,361181.78125,312022.21875,323243.15625,345235.6875,314994.03125,342365.625,-0.03564453125,0.950927734375,-0.2900390625,-0.9765624403953552,0.1525878757238388,-0.03051757626235485,93.33334350585938,61613.0,1.0
364169.75,356179.34375,360984.09375,312017.65625,323080.4375,345193.46875,314917.6875,342314.03125,-0.034912109375,0.9482421875,-0.288818359375,-0.9155272841453552,0.2136230319738388,-0.0610351525247097,93.33334350585938,61614.0,1.0
364184.84375,356194.375,361019.84375,312027.15625,323086.25,345207.0625,314917.59375,342343.1875,-0.03564453125,0.94970703125,-0.28515625,-0.9765624403953552,0.1831054538488388,0.0610351525247097,93.33334350585938,61615.0,1.0
364205.96875,356226.375,361219.75,312026.625,323242.53125,345247.03125,314991.34375,342391.1875,-0.03515625,0.9482421875,-0.287353515625,-0.8850097060203552,0.1220703050494194,0.1831054538488388,93.33334350585938,61616.0,1.0
364187.625,356210.125,361204.84375,312013.46875,323253.34375,345236.125,314999.21875,342360.625,-0.035400390625,0.9482421875,-0.284912109375,-0.8544921278953552,0.1831054538488388,0.1831054538488388,93.33334350585938,61617.0,1.0
364161.6875,356172.65625,361003.65625,312015.53125,323098.78125,345198.21875,314931.96875,342310.375,-0.0361328125,0.94775390625,-0.286376953125,-0.7934569716453552,0.1220703050494194,0.1831054538488388,93.33334350585938,61618.0,1.0
364169.46875,356172.65625,360981.84375,312020.25,323058.0,345198.21875,314910.4375,342326.90625,-0.036376953125,0.9462890625,-0.28857421875,-0.7629393935203552,0.1831054538488388,0.2441406100988388,93.33334350585938,61619.0,1.0
364196.46875,356206.53125,361180.25,312016.40625,323207.21875,345238.09375,314977.84375,342383.40625,-0.039306640625,0.94580078125,-0.286865234375,-0.6713866591453552,0.0915527269244194,0.3356933295726776,93.33334350585938,61620.0,1.0
364193.1875,356207.875,361220.375,312009.96875,323262.75,345242.90625,315009.5,342376.71875,-0.03857421875,0.946533203125,-0.2890625,-0.7019042372703552,0.1220703050494194,0.3051757514476776,93.33334350585938,61621.0,1.0
364166.15625,356171.75,361027.09375,312007.375,323118.0,345202.40625,314945.125,342318.40625,-0.036865234375,0.94482421875,-0.287353515625,-0.6713866591453552,0.03051757626235485,0.3051757514476776,93.33334350585938,61622.0,1.0
364164.5625,356163.8125,360956.375,312010.59375,323040.5625,345189.625,314900.59375,342312.5,-0.036865234375,0.946044921875,-0.283447265625,-0.6408690810203552,0.03051757626235485,0.1831054538488388,93.33334350585938,61623.0,1.0
364191.90625,356201.34375,361143.40625,312012.40625,323175.65625,345229.0625,314961.9375,342369.5625,-0.03564453125,0.945068359375,-0.284912109375,-0.5798339247703552,0.03051757626235485,0.1831054538488388,93.33334350585938,61624.0,1.0
364195.75,356212.53125,361234.4375,312008.28125,323267.75,345245.25,315012.34375,342381.28125,-0.034423828125,0.946044921875,-0.285400390625,-0.5798339247703552,0.03051757626235485,0.2136230319738388,93.33334350585938,61625.0,1.0
364173.9375,356181.78125,361062.78125,312009.09375,323145.875,345211.1875,314963.4375,342329.5,-0.034423828125,0.947265625,-0.2861328125,-0.6408690810203552,0.0,0.1525878757238388,93.33334350585938,61626.0,1.0
364166.8125,356162.71875,360946.1875,312012.84375,323034.65625,345187.75,314906.21875,342311.34375,-0.03515625,0.94677734375,-0.285888671875,-0.5798339247703552,0.0,0.0915527269244194,93.33334350585938,61627.0,1.0
364196.46875,356198.40625,361107.125,312023.75,323147.6875,345223.78125,314953.34375,342370.4375,-0.034423828125,0.946044921875,-0.289306640625,-0.6103515028953552,0.0610351525247097,0.1525878757238388,93.33334350585938,61628.0,1.0
364209.71875,356222.53125,361244.09375,312022.40625,323272.9375,345251.15625,315011.90625,342397.375,-0.03173828125,0.947265625,-0.288330078125,-0.5187987685203552,0.0915527269244194,-0.03051757626235485,93.33334350585938,61629.0,1.0
364184.40625,356195.53125,361107.75,312018.75,323184.59375,345221.71875,314975.6875,342351.9375,-0.0322265625,0.9462890625,-0.288330078125,-0.5798339247703552,0.2746581733226776,0.03051757626235485,93.33334350585938,61630.0,1.0
364172.15625,356175.4375,360960.75,312029.5625,323055.0625,345197.3125,314915.1875,342331.28125,-0.03125,0.9453125,-0.28515625,-0.5798339247703552,0.3051757514476776,-0.03051757626235485,93.33334350585938,61631.0,1.0
364200.78125,356208.3125,361090.40625,312041.90625,323139.375,345230.03125,314951.90625,342385.65625,-0.0322265625,0.947509765625,-0.28466796875,-0.5798339247703552,0.3967284858226776,0.0610351525247097,93.33334350585938,61632.0,1.0
364219.46875,356234.875,361260.4375,312036.09375,323283.9375,345259.28125,315017.0,342413.4375,-0.034423828125,0.946044921875,-0.28564453125,-0.6408690810203552,0.3967284858226776,0.0610351525247097,93.33334350585938,61633.0,1.0
364197.46875,356206.71875,361153.25,312024.28125,323219.5625,345229.5,314986.59375,342357.3125,-0.033203125,0.947265625,-0.28515625,-0.6713866591453552,0.4272460639476776,0.0,93.33334350585938,61634.0,1.0
364182.625,356178.5625,360974.625,312032.96875,323070.875,345199.71875,314919.90625,342325.9375,-0.03466796875,0.948486328125,-0.28466796875,-0.6103515028953552,0.4882812201976776,0.0,93.33334350585938,61635.0,1.0
364207.21875,356200.71875,361055.34375,312041.28125,323112.28125,345222.0,314933.0625,342363.5625,-0.03564453125,0.947509765625,-0.28662109375,-0.6103515028953552,0.6103515028953552,0.0,93.33334350585938,61636.0,1.0
364233.84375,356232.65625,361249.8125,312043.0625,323271.15625,345260.625,315004.84375,342406.3125,-0.0361328125,0.94873046875,-0.29052734375,-0.4882812201976776,0.6713866591453552,0.0610351525247097,93.33334350585938,61637.0,1.0
364219.375,356216.0,361196.78125,312034.46875,323253.53125,345249.0,315004.40625,342373.21875,-0.036865234375,0.9501953125,-0.2900390625,-0.5187987685203552,0.7629393935203552,0.0915527269244194,93.33334350585938,61638.0,1.0
364190.84375,356177.65625,361000.4375,312029.125,323094.75,345211.1875,314933.3125,342323.34375,-0.0361328125,0.950439453125,-0.292236328125,-0.5493163466453552,0.7019042372703552,0.0610351525247097,93.33334350585938,61639.0,1.0
364198.34375,356185.71875,361019.3125,312033.3125,323084.65625,345216.28125,314922.5,342345.3125,-0.037841796875,0.95166015625,-0.291259765625,-0.5493163466453552,0.7019042372703552,0.1525878757238388,93.33334350585938,61640.0,1.0
364222.84375,356219.40625,361217.09375,312030.90625,323241.46875,345253.1875,314991.25,342395.03125,-0.0380859375,0.95361328125,-0.290771484375,-0.6408690810203552,0.6713866591453552,0.0610351525247097,93.33334350585938,61641.0,1.0
364207.3125,356205.375,361211.09375,312018.46875,323258.28125,345244.53125,315003.5,342374.375,-0.039306640625,0.953125,-0.2900390625,-0.6408690810203552,0.6408690810203552,-0.0610351525247097,93.33334350585938,61642.0,1.0
364182.4375,356169.625,361012.78125,312018.9375,323103.5,345205.28125,314937.53125,342321.4375,-0.041259765625,0.953125,-0.2890625,-0.5493163466453552,0.6103515028953552,0.0,93.33334350585938,61643.0,1.0
364187.8125,356171.65625,360986.5,312026.625,323060.3125,345202.25,314909.4375,342334.78125,-0.04150390625,0.953369140625,-0.291015625,-0.6103515028953552,0.6103515028953552,-0.0610351525247097,93.33334350585938,61644.0,1.0
364213.5625,356208.875,361181.59375,312027.3125,323209.625,345240.40625,314974.625,342390.125,-0.0419921875,0.954833984375,-0.2880859375,-0.7324218153953552,0.6103515028953552,-0.1831054538488388,93.33334350585938,61645.0,1.0
364211.59375,356213.15625,361231.375,312023.125,323269.90625,345246.21875,315008.25,342385.375,-0.0419921875,0.953369140625,-0.290283203125,-0.7324218153953552,0.4577636420726776,-0.0915527269244194,93.33334350585938,61646.0,1.0
364190.21875,356183.5625,361049.09375,312029.03125,323136.78125,345214.46875,314955.6875,342338.09375,-0.040771484375,0.9521484375,-0.290283203125,-0.7629393935203552,0.3051757514476776,-0.0610351525247097,93.33334350585938,61647.0,1.0
364188.625,356177.125,360974.96875,312033.75,323057.1875,345204.03125,314917.84375,342340.75,-0.04052734375,0.951904296875,-0.29345703125,-0.8544921278953552,0.3662109076976776,0.0610351525247097,93.33334350585938,61648.0,1.0
364215.78125,356210.65625,361157.1875,312034.75,323188.90625,345240.15625,314973.90625,342394.59375,-0.037841796875,0.95166015625,-0.2919921875,-0.8239745497703552,0.3967284858226776,0.0915527269244194,93.33334350585938,61649.0,1.0
364219.8125,356220.5625,361251.5,312026.96875,323283.40625,345253.1875,315021.21875,342402.8125,-0.03759765625,0.951416015625,-0.293701171875,-0.7629393935203552,0.3356933295726776,0.2136230319738388,93.33334350585938,61650.0,1.0
364195.6875,356188.03125,361082.96875,312025.09375,323162.78125,345220.75,314972.125,342349.96875,-0.036865234375,0.954833984375,-0.291748046875,-0.7019042372703552,0.3662109076976776,0.3356933295726776,93.33334350585938,61651.0,1.0
364192.46875,356176.0625,360967.1875,312034.21875,323054.59375,345202.40625,314921.25,342335.59375,-0.036865234375,0.956298828125,-0.289794921875,-0.7324218153953552,0.4882812201976776,0.4577636420726776,93.33334350585938,61652.0,1.0
364221.0625,356209.5,361124.1875,312040.125,323162.875,345236.03125,314964.96875,342386.1875,-0.037353515625,0.954833984375,-0.292724609375,-0.8850097060203552,0.5187987685203552,0.4882812201976776,93.33334350585938,61653.0,1.0
364235.375,356226.84375,361261.53125,312034.75,323285.53125,345257.3125,315020.6875,342398.0,-0.03564453125,0.950439453125,-0.28955078125,-0.9155272841453552,0.5187987685203552,0.6408690810203552,93.33334350585938,61654.0,1.0
364215.0625,356196.4375,361122.9375,312031.09375,323193.53125,345223.59375,314982.125,342345.9375,-0.035400390625,0.947509765625,-0.2880859375,-0.9155272841453552,0.6103515028953552,0.5798339247703552,93.33334350585938,61655.0,1.0
364206.75,356172.46875,360967.90625,312038.59375,323060.3125,345193.75,314918.9375,342317.78125,-0.036865234375,0.9453125,-0.288818359375,-0.8239745497703552,0.6103515028953552,0.7324218153953552,93.33334350585938,61656.0,1.0
364238.78125,356203.59375,361091.1875,312053.53125,323138.375,345227.0,314952.71875,342371.78125,-0.037841796875,0.947265625,-0.28955078125,-0.7324218153953552,0.6103515028953552,0.8850097060203552,93.33334350585938,61657.0,1.0
364255.59375,356227.46875,361260.4375,312044.3125,323279.09375,345257.3125,315017.375,342395.75,-0.037841796875,0.948486328125,-0.28759765625,-0.6713866591453552,0.6713866591453552,0.9155272841453552,93.33334350585938,61658.0,1.0
364235.1875,356201.25,361156.46875,312031.1875,323218.84375,345231.90625,314991.78125,342347.8125,-0.038818359375,0.950439453125,-0.28857421875,-0.7934569716453552,0.7019042372703552,0.8850097060203552,93.33334350585938,61659.0,1.0
364218.21875,356176.125,360972.8125,312038.25,323067.21875,345198.21875,314921.0,342314.5625,-0.040283203125,0.94970703125,-0.28955078125,-0.8850097060203552,0.6713866591453552,0.7629393935203552,93.33334350585938,61660.0,1.0
364236.09375,356195.4375,361048.0,312046.8125,323102.4375,345213.84375,314932.53125,342356.21875,-0.040771484375,0.95068359375,-0.29248046875,-0.8850097060203552,0.5798339247703552,0.6408690810203552,93.33334350585938,61661.0,1.0
364262.46875,356233.96875,361247.03125,312050.3125,323266.59375,345255.78125,315011.03125,342406.9375,-0.039794921875,0.94873046875,-0.29150390625,-0.8850097060203552,0.5493163466453552,0.5493163466453552,93.33334350585938,61662.0,1.0
364251.46875,356224.78125,361202.34375,312046.375,323254.4375,345247.125,315010.65625,342378.6875,-0.03564453125,0.946533203125,-0.290771484375,-0.7934569716453552,0.5187987685203552,0.5187987685203552,93.33334350585938,61663.0,1.0
364225.4375,356190.1875,361002.6875,312042.78125,323093.3125,345205.53125,314933.59375,342330.125,-0.03466796875,0.94580078125,-0.292724609375,-0.7324218153953552,0.5187987685203552,0.3967284858226776,93.33334350585938,61664.0,1.0
364235.8125,356195.28125,361018.34375,312047.0,323082.5,345209.375,314919.71875,342351.21875,-0.037109375,0.94677734375,-0.29052734375,-0.6408690810203552,0.5493163466453552,0.3662109076976776,93.33334350585938,61665.0,1.0
364265.25,356235.5,361227.71875,312053.78125,323247.28125,345255.0625,314998.15625,342408.09375,-0.03564453125,0.947021484375,-0.293212890625,-0.6103515028953552,0.6408690810203552,0.3967284858226776,93.33334350585938,61666.0,1.0
364253.6875,356228.8125,361232.90625,312046.375,323273.75,345253.8125,315017.0,342390.21875,-0.034423828125,0.94580078125,-0.2900390625,-0.7324218153953552,0.6713866591453552,0.3051757514476776,93.33334350585938,61667.0,1.0
364223.40625,356186.96875,361028.25,312042.53125,323116.9375,345212.0625,314942.96875,342334.0625,-0.034423828125,0.94677734375,-0.2900390625,-0.7324218153953552,0.7324218153953552,0.3356933295726776,93.33334350585938,61668.0,1.0
364230.625,356184.71875,360995.09375,312049.6875,323068.46875,345207.15625,314912.3125,342345.6875,-0.035400390625,0.9482421875,-0.2900390625,-0.7629393935203552,0.7629393935203552,0.3356933295726776,93.33334350585938,61669.0,1.0
364263.53125,356226.28125,361198.03125,312053.875,323221.96875,345249.875,314982.59375,342404.15625,-0.034423828125,0.948486328125,-0.290771484375,-0.6713866591453552,0.8544921278953552,0.2136230319738388,93.33334350585938,61670.0,1.0
364261.03125,356229.25,361251.5,312047.71875,323285.625,345255.4375,315013.53125,342393.96875,-0.0341796875,0.94921875,-0.290283203125,-0.6103515028953552,0.9460448622703552,0.2441406100988388,93.33334350585938,61671.0,1.0
364235.0,356192.59375,361065.0,312045.375,323148.21875,345214.3125,314950.9375,342334.5,-0.03466796875,0.94921875,-0.291015625,-0.7019042372703552,1.0070799589157104,0.2746581733226776,93.33334350585938,61672.0,1.0
364240.90625,356188.3125,360984.8125,312055.9375,323065.96875,345200.8125,314910.53125,342335.125,-0.03515625,0.948486328125,-0.2919921875,-0.7629393935203552,0.9460448622703552,0.3356933295726776,93.33334350585938,61673.0,1.0
364271.125,356223.4375,361165.21875,312059.25,323193.8125,345237.0,314965.40625,342390.5625,-0.035888671875,0.951904296875,-0.294921875,-0.7324218153953552,1.0375975370407104,0.4882812201976776,93.33334350585938,61674.0,1.0
364272.3125,356232.28125,361265.53125,312047.90625,323291.53125,345249.8125,315012.71875,342394.84375,-0.0361328125,0.95263671875,-0.290283203125,-0.7324218153953552,1.0375975370407104,0.4882812201976776,93.33334350585938,61675.0,1.0
364248.34375,356203.0625,361103.4375,312047.0,323179.0625,345219.03125,314965.96875,342341.3125,-0.036376953125,0.953369140625,-0.28857421875,-0.8544921278953552,1.0681151151657104,0.5187987685203552,93.33334350585938,61676.0,1.0
364243.5,356190.8125,360982.21875,312060.9375,323066.84375,345204.65625,314914.28125,342327.34375,-0.0361328125,0.953125,-0.28759765625,-0.9765624403953552,1.0070799589157104,0.5493163466453552,93.33334350585938,61677.0,1.0
364271.21875,356223.15625,361137.0625,312064.34375,323172.4375,345241.5625,314962.75,342387.15625,-0.03857421875,0.951171875,-0.2880859375,-1.0375975370407104,1.0375975370407104,0.6103515028953552,93.33334350585938,61678.0,1.0
364278.90625,356240.25,361278.3125,312052.1875,323298.5,345263.9375,315021.125,342407.09375,-0.0400390625,0.952392578125,-0.288330078125,-1.0681151151657104,0.8850097060203552,0.6713866591453552,93.33334350585938,61679.0,1.0
364251.1875,356206.4375,361143.84375,312046.0,323211.59375,345231.65625,314983.21875,342354.4375,-0.03955078125,0.9521484375,-0.290283203125,-1.1291502714157104,0.8239745497703552,0.7324218153953552,93.33334350585938,61680.0,1.0
364232.96875,356178.46875,360977.84375,312049.5,323066.84375,345198.21875,314911.25,342323.59375,-0.037841796875,0.951171875,-0.292236328125,-1.2512205839157104,0.9460448622703552,0.7324218153953552,93.33334350585938,61681.0,1.0
364255.9375,356206.1875,361089.78125,312057.625,323135.4375,345224.78125,314935.46875,342364.375,-0.03857421875,0.951171875,-0.292236328125,-1.2817381620407104,0.8850097060203552,0.6103515028953552,93.33334350585938,61682.0,1.0
364267.125,356231.21875,361260.8125,312049.0625,323279.8125,345251.9375,315001.71875,342395.9375,-0.038818359375,0.951171875,-0.2919921875,-1.3122557401657104,0.8850097060203552,0.6713866591453552,93.33334350585938,61683.0,1.0
364241.1875,356207.78125,361169.25,312039.03125,323227.4375,345229.9375,314985.28125,342355.875,-0.0400390625,0.949951171875,-0.291259765625,-1.3427733182907104,0.9155272841453552,0.6103515028953552,93.33334350585938,61684.0,1.0
364217.125,356177.5625,360985.0625,312039.9375,323074.8125,345199.8125,314920.1875,342319.84375,-0.03759765625,0.949951171875,-0.291259765625,-1.4953612089157104,0.9155272841453552,0.6408690810203552,93.33334350585938,61685.0,1.0
364234.125,356197.40625,361051.84375,312051.90625,323106.65625,345220.03125,314931.09375,342360.0,-0.03564453125,0.9521484375,-0.28759765625,-1.4038084745407104,0.8239745497703552,0.6103515028953552,93.33334350585938,61686.0,1.0
364258.09375,356230.59375,361246.5,312053.4375,323265.6875,345256.3125,315003.40625,342405.84375,-0.034423828125,0.950927734375,-0.288330078125,-1.4953612089157104,0.7324218153953552,0.6713866591453552,93.33334350585938,61687.0,1.0
364249.21875,356218.96875,361209.3125,312047.625,323257.90625,345244.96875,315004.59375,342379.375,-0.034423828125,0.950439453125,-0.290283203125,-1.5869139432907104,0.7019042372703552,0.6103515028953552,93.33334350585938,61688.0,1.0
364224.1875,356182.5625,361010.65625,312045.375,323098.3125,345203.9375,314931.625,342327.625,-0.031982421875,0.949462890625,-0.292236328125,-1.4953612089157104,0.7934569716453552,0.6103515028953552,93.33334350585938,61689.0,1.0
364239.3125,356192.78125,361024.15625,312057.625,323086.6875,345210.71875,314920.1875,342350.40625,-0.031982421875,0.949951171875,-0.2919921875,-1.5258787870407104,0.8544921278953552,0.5798339247703552,93.33334350585938,61690.0,1.0
364269.78125,356233.96875,361229.6875,312062.375,323248.09375,345252.03125,314991.0,342400.84375,-0.033203125,0.951904296875,-0.291748046875,-1.5563963651657104,0.8239745497703552,0.6408690810203552,93.33334350585938,61691.0,1.0
364260.6875,356230.59375,361240.96875,312051.75,323281.0,345249.4375,315009.84375,342378.5,-0.03369140625,0.951171875,-0.2880859375,-1.5869139432907104,0.7934569716453552,0.6103515028953552,93.33334350585938,61692.0,1.0
364234.125,356195.625,361040.78125,312048.4375,323125.59375,345210.0,314939.75,342319.75,-0.034423828125,0.951171875,-0.287353515625,-1.6174315214157104,0.8239745497703552,0.6713866591453552,93.33334350585938,61693.0,1.0
364236.28125,356189.625,360998.03125,312051.375,323066.84375,345200.4375,314905.34375,342322.25,-0.033935546875,0.951904296875,-0.2880859375,-1.6784666776657104,0.8239745497703552,0.6103515028953552,93.33334350585938,61694.0,1.0
364261.46875,356220.5625,361189.0,312050.5625,323209.46875,345233.09375,314962.375,342373.75,-0.033447265625,0.951416015625,-0.287109375,-1.6174315214157104,0.8239745497703552,0.6408690810203552,93.33334350585938,61695.0,1.0
364259.15625,356225.40625,361247.46875,312042.71875,323276.59375,345241.40625,314997.15625,342368.9375,-0.034423828125,0.951904296875,-0.28857421875,-1.7089842557907104,0.7934569716453552,0.5798339247703552,93.33334350585938,61696.0,1.0
364220.875,356184.90625,361051.59375,312032.875,323130.5,345197.75,314932.4375,342311.25,-0.033935546875,0.95166015625,-0.28662109375,-1.6784666776657104,0.8850097060203552,0.5493163466453552,93.33334350585938,61697.0,1.0
364216.5,356174.4375,360966.65625,312038.0625,323045.3125,345187.9375,314890.40625,342312.78125,-0.03564453125,0.950439453125,-0.28564453125,-1.6479490995407104,0.8544921278953552,0.5187987685203552,93.33334350585938,61698.0,1.0
364241.09375,356205.8125,361142.53125,312040.1875,323170.46875,345224.84375,314943.4375,342370.4375,-0.034912109375,0.9501953125,-0.28857421875,-1.7089842557907104,0.8544921278953552,0.4882812201976776,93.33334350585938,61699.0,1.0
364242.71875,356215.5625,361248.71875,312033.84375,323272.3125,345241.21875,314993.9375,342383.6875,-0.0361328125,0.95068359375,-0.284423828125,-1.6479490995407104,0.7629393935203552,0.5187987685203552,93.33334350585938,61700.0,1.0
364220.25,356186.5,361092.4375,312036.53125,323166.375,345213.15625,314954.5,342341.84375,-0.033447265625,0.949462890625,-0.289794921875,-1.5563963651657104,0.7629393935203552,0.4882812201976776,93.33334350585938,61701.0,1.0
364212.5625,356169.34375,360963.34375,312046.09375,323047.71875,345192.84375,314899.09375,342326.28125,-0.0361328125,0.94775390625,-0.28857421875,-1.6479490995407104,0.8239745497703552,0.6103515028953552,93.33334350585938,61702.0,1.0
364242.71875,356203.21875,361113.28125,312053.53125,323149.5625,345227.1875,314941.46875,342376.09375,-0.03369140625,0.94873046875,-0.28466796875,-1.5258787870407104,0.7934569716453552,0.4882812201976776,93.33334350585938,61703.0,1.0
364261.3125,356231.21875,361269.125,312053.875,323286.09375,345256.15625,315007.34375,342404.5,-0.03466796875,0.949462890625,-0.285888671875,-1.5563963651657104,0.7629393935203552,0.3967284858226776,93.33334350585938,61704.0,1.0
364240.8125,356208.3125,361148.6875,312048.96875,323211.96875,345231.90625,314981.59375,342360.875,-0.031982421875,0.94873046875,-0.287109375,-1.5258787870407104,0.7629393935203552,0.4577636420726776,93.33334350585938,61705.0,1.0
364223.125,356183.1875,360986.3125,312054.15625,323074.71875,345202.40625,314919.65625,342333.625,-0.033203125,0.950439453125,-0.286865234375,-1.5563963651657104,0.8239745497703552,0.4577636420726776,93.33334350585938,61706.0,1.0
364240.5625,356204.84375,361089.0625,312061.21875,323135.0625,345224.125,314943.59375,342378.0625,-0.03369140625,0.9501953125,-0.28466796875,-1.4343260526657104,0.7324218153953552,0.5187987685203552,93.33334350585938,61707.0,1.0
364254.0625,356229.15625,361264.65625,312055.03125,323281.15625,345252.46875,315010.40625,342409.875,-0.0341796875,0.9501953125,-0.2861328125,-1.4343260526657104,0.6713866591453552,0.4882812201976776,93.33334350585938,61708.0,1.0
364233.59375,356204.84375,361178.90625,312045.03125,323233.875,345229.0625,314993.9375,342366.0625,-0.033935546875,0.951416015625,-0.28759765625,-1.4648436307907104,0.6713866591453552,0.4882812201976776,93.33334350585938,61709.0,1.0
364211.15625,356172.21875,360985.875,312042.09375,323073.84375,345187.3125,314916.25,342317.34375,-0.036865234375,0.950439453125,-0.287109375,-1.4648436307907104,0.6713866591453552,0.4882812201976776,93.33334350585938,61710.0,1.0
364225.8125,356187.5,361040.25,312045.5625,323093.3125,345199.90625,314914.46875,342345.6875,-0.035888671875,0.94970703125,-0.289306640625,-1.4343260526657104,0.7629393935203552,0.5493163466453552,93.33334350585938,61711.0,1.0
364250.40625,356224.5,361238.1875,312046.8125,323251.21875,345240.6875,314986.25,342389.9375,-0.035400390625,0.94970703125,-0.286376953125,-1.3732908964157104,0.6713866591453552,0.5798339247703552,93.33334350585938,61712.0,1.0
364234.65625,356209.5625,361204.75,312036.90625,323247.0,345228.34375,314988.21875,342351.75,-0.0341796875,0.949462890625,-0.284912109375,-1.4343260526657104,0.7324218153953552,0.5493163466453552,93.33334350585938,61713.0,1.0
364206.0625,356171.40625,361000.09375,312035.09375,323084.28125,345187.75,314909.625,342296.0625,-0.034423828125,0.95068359375,-0.2880859375,-1.4343260526657104,0.7629393935203552,0.6408690810203552,93.33334350585938,61714.0,1.0
364214.90625,356178.46875,361003.84375,312040.125,323065.0625,345191.96875,314891.125,342312.4375,-0.035888671875,0.9521484375,-0.287841796875,-1.4648436307907104,0.6713866591453552,0.4882812201976776,93.33334350585938,61715.0,1.0
364239.3125,356214.3125,361202.78125,312038.6875,323220.1875,345233.96875,314960.3125,342362.65625,-0.033935546875,0.95361328125,-0.286376953125,-1.4343260526657104,0.7934569716453552,0.5493163466453552,93.33334350585938,61716.0,1.0
364227.875,356210.03125,361219.21875,312030.46875,323255.25,345232.90625,314983.3125,342348.90625,-0.033447265625,0.95263671875,-0.287353515625,-1.4648436307907104,0.7019042372703552,0.5798339247703552,93.33334350585938,61717.0,1.0
364200.3125,356170.6875,361019.125,312030.375,323101.53125,345192.5,314916.15625,342297.75,-0.033447265625,0.952880859375,-0.285888671875,-1.4343260526657104,0.7629393935203552,0.5798339247703552,93.33334350585938,61718.0,1.0
364200.15625,356163.53125,360970.9375,312033.75,323040.9375,345185.96875,314884.96875,342309.375,-0.03466796875,0.951171875,-0.288818359375,-1.4343260526657104,0.7019042372703552,0.6713866591453552,93.33334350585938,61719.0,1.0
364222.0625,356194.65625,361161.84375,312029.28125,323183.8125,345223.6875,314948.4375,342368.9375,-0.033447265625,0.950927734375,-0.286376953125,-1.4648436307907104,0.6408690810203552,0.6103515028953552,93.33334350585938,61720.0,1.0
364222.9375,356203.5,361233.53125,312024.28125,323261.6875,345237.8125,314992.0625,342375.8125,-0.03564453125,0.950927734375,-0.283447265625,-1.4343260526657104,0.6408690810203552,0.7019042372703552,93.33334350585938,61721.0,1.0
364195.0625,356169.15625,361051.40625,312021.78125,323129.71875,345199.03125,314936.375,342323.34375,-0.036376953125,0.950927734375,-0.28515625,-1.4953612089157104,0.6713866591453552,0.5798339247703552,93.33334350585938,61722.0,1.0
364198.71875,356164.5,360964.15625,312036.28125,323042.90625,345187.75,314899.78125,342326.0,-0.034912109375,0.951416015625,-0.283935546875,-1.5563963651657104,0.6103515028953552,0.6103515028953552,93.33334350585938,61723.0,1.0
364233.84375,356208.0625,361148.25,312051.125,323175.84375,345232.0,314963.0,342396.8125,-0.03466796875,0.951904296875,-0.28466796875,-1.4648436307907104,0.6103515028953552,0.5493163466453552,93.33334350585938,61724.0,1.0
364242.53125,356227.1875,361268.3125,312048.875,323290.90625,345254.53125,315018.71875,342410.15625,-0.034423828125,0.951904296875,-0.28662109375,-1.4953612089157104,0.6713866591453552,0.5493163466453552,93.33334350585938,61725.0,1.0
364218.90625,356201.25,361116.3125,312049.9375,323188.0,345225.21875,314976.96875,342361.5,-0.03564453125,0.950927734375,-0.283447265625,-1.4953612089157104,0.6103515028953552,0.5493163466453552,93.33334350585938,61726.0,1.0
364209.8125,356184.53125,360984.53125,312056.5625,323066.59375,345200.1875,314919.65625,342341.75,-0.036376953125,0.949462890625,-0.281982421875,-1.4648436307907104,0.5798339247703552,0.6103515028953552,93.33334350585938,61727.0,1.0
364232.96875,356213.40625,361120.78125,312060.3125,323155.8125,345227.28125,314952.28125,342384.21875,-0.034423828125,0.94970703125,-0.28271484375,-1.4953612089157104,0.5798339247703552,0.6103515028953552,93.33334350585938,61728.0,1.0
364245.28125,356237.84375,361273.84375,312056.21875,323291.53125,345256.0625,315016.90625,342409.59375,-0.03515625,0.950439453125,-0.283935546875,-1.4343260526657104,0.5187987685203552,0.5798339247703552,93.33334350585938,61729.0,1.0
364220.4375,356212.09375,361152.96875,312047.90625,323217.0625,345232.46875,314987.59375,342362.40625,-0.03369140625,0.950927734375,-0.282958984375,-1.3122557401657104,0.5187987685203552,0.4882812201976776,93.33334350585938,61730.0,1.0
364204.53125,356185.71875,360985.53125,312051.65625,323074.0,345205.0,314921.0625,342332.09375,-0.033935546875,0.94970703125,-0.283935546875,-1.2817381620407104,0.4882812201976776,0.4272460639476776,93.33334350585938,61731.0,1.0
364219.09375,356202.875,361079.84375,312050.84375,323124.0,345220.90625,314932.96875,342368.46875,-0.033203125,0.950927734375,-0.283447265625,-1.2817381620407104,0.5187987685203552,0.4577636420726776,93.33334350585938,61732.0,1.0
364239.3125,356232.65625,361261.15625,312046.375,323275.625,345252.75,314997.4375,342399.78125,-0.033203125,0.949462890625,-0.28076171875,-1.2512205839157104,0.5187987685203552,0.4882812201976776,93.33334350585938,61733.0,1.0
364220.0,356210.90625,361183.71875,312036.90625,323237.1875,345233.875,314982.6875,342362.03125,-0.034423828125,0.9482421875,-0.283447265625,-1.3427733182907104,0.4577636420726776,0.4272460639476776,93.33334350585938,61734.0,1.0
364195.21875,356173.625,360988.75,312038.6875,323076.15625,345196.25,314906.78125,342319.75,-0.033935546875,0.949462890625,-0.282470703125,-1.3122557401657104,0.5798339247703552,0.4577636420726776,93.33334350585938,61735.0,1.0
364210.25,356187.9375,361038.625,312044.59375,323091.875,345207.25,314908.375,342349.09375,-0.03466796875,0.950927734375,-0.28125,-1.1901854276657104,0.5187987685203552,0.3967284858226776,93.33334350585938,61736.0,1.0
364225.625,356215.5625,361229.0625,312036.1875,323242.8125,345237.625,314977.75,342384.65625,-0.03466796875,0.951171875,-0.2802734375,-1.1291502714157104,0.6408690810203552,0.4272460639476776,93.33334350585938,61737.0,1.0
364208.09375,356199.125,361196.59375,312023.21875,323238.15625,345223.6875,314980.625,342350.5,-0.035888671875,0.951904296875,-0.282470703125,-1.2512205839157104,0.5187987685203552,0.4577636420726776,93.33334350585938,61738.0,1.0
364184.9375,356163.875,360994.8125,312021.78125,323078.84375,345181.40625,314907.65625,342297.65625,-0.035888671875,0.95166015625,-0.2822265625,-1.0681151151657104,0.5493163466453552,0.4577636420726776,93.33334350585938,61739.0,1.0
364193.875,356170.40625,360990.4375,312028.75,323053.71875,345184.53125,314889.78125,342311.625,-0.03662109375,0.95166015625,-0.2822265625,-1.0375975370407104,0.5493163466453552,0.4577636420726776,93.33334350585938,61740.0,1.0
364225.28125,356217.53125,361199.5625,312036.90625,323217.3125,345236.84375,314971.78125,342377.15625,-0.036865234375,0.95166015625,-0.27978515625,-1.0681151151657104,0.5798339247703552,0.3356933295726776,93.33334350585938,61741.0,1.0
364216.40625,356219.15625,361228.625,312028.5,323264.09375,345245.78125,315005.03125,342371.96875,-0.03564453125,0.95263671875,-0.28125,-1.0986326932907104,0.4577636420726776,0.3662109076976776,93.33334350585938,61742.0,1.0
364186.46875,356184.28125,361036.21875,312028.03125,323118.09375,345209.65625,314946.28125,342326.0,-0.03515625,0.951904296875,-0.2822265625,-1.0375975370407104,0.4272460639476776,0.4577636420726776,93.33334350585938,61743.0,1.0
364193.4375,356183.46875,360987.5,312039.125,323057.90625,345206.53125,314918.75,342341.21875,-0.035888671875,0.95361328125,-0.284423828125,-0.9765624403953552,0.4272460639476776,0.4577636420726776,93.33334350585938,61744.0,1.0
364223.40625,356216.5625,361176.125,312039.9375,323198.5625,345248.09375,314983.3125,342400.03125,-0.03515625,0.951904296875,-0.283203125,-0.9460448622703552,0.4882812201976776,0.4882812201976776,93.33334350585938,61745.0,1.0
364228.40625,356227.625,361252.40625,312034.40625,323279.90625,345259.09375,315025.84375,342403.625,-0.033935546875,0.95263671875,-0.284912109375,-0.8544921278953552,0.5798339247703552,0.6103515028953552,93.33334350585938,61746.0,1.0
364204.09375,356192.84375,361071.53125,312031.96875,323149.1875,345220.125,314966.125,342345.78125,-0.033203125,0.95361328125,-0.282470703125,-0.9765624403953552,0.5798339247703552,0.5493163466453552,93.33334350585938,61747.0,1.0
364205.78125,356183.65625,360976.65625,312043.34375,323055.21875,345204.03125,314916.25,342338.625,-0.0341796875,0.95361328125,-0.283203125,-0.9765624403953552,0.4882812201976776,0.7019042372703552,93.33334350585938,61748.0,1.0
364235.09375,356221.8125,361151.28125,312052.09375,323179.34375,345242.28125,314967.21875,342395.21875,-0.032958984375,0.9541015625,-0.28076171875,-1.0070799589157104,0.4577636420726776,0.6713866591453552,93.33334350585938,61749.0,1.0
364242.0625,356241.6875,361276.90625,312051.5625,323294.75,345264.0,315022.28125,342410.15625,-0.0341796875,0.95361328125,-0.283935546875,-1.0681151151657104,0.5187987685203552,0.7324218153953552,93.33334350585938,61750.0,1.0
364210.78125,356208.40625,361121.15625,312044.75,323190.25,345225.46875,314973.1875,342352.125,-0.033447265625,0.953857421875,-0.28369140625,-1.0681151151657104,0.4882812201976776,0.7019042372703552,93.33334350585938,61751.0,1.0
364193.8125,356184.28125,360977.75,312047.625,323061.125,345195.71875,314910.53125,342332.0,-0.0322265625,0.95361328125,-0.2802734375,-0.9765624403953552,0.5187987685203552,0.7629393935203552,93.33334350585938,61752.0,1.0
364218.03125,356212.96875,361112.9375,312055.9375,323150.0,345221.71875,314946.09375,342384.75,-0.03173828125,0.95166015625,-0.28515625,-0.9155272841453552,0.5798339247703552,0.8544921278953552,93.33334350585938,61753.0,1.0
364232.5,356239.0,361274.46875,312052.625,323287.875,345250.4375,315012.53125,342415.875,-0.03369140625,0.9521484375,-0.28271484375,-0.7629393935203552,0.5798339247703552,0.9155272841453552,93.33334350585938,61754.0,1.0
364210.78125,356212.53125,361158.0625,312045.84375,323215.71875,345225.5625,314985.625,342368.46875,-0.032470703125,0.95166015625,-0.28515625,-0.8239745497703552,0.7324218153953552,0.9155272841453552,93.33334350585938,61755.0,1.0
364192.28125,356180.34375,360979.15625,312044.75,323066.3125,345193.03125,314916.25,342330.9375,-0.03271484375,0.949462890625,-0.281982421875,-0.7629393935203552,0.6713866591453552,0.9155272841453552,93.33334350585938,61756.0,1.0
364211.9375,356202.78125,361071.71875,312046.71875,323116.9375,345215.90625,314935.90625,342368.03125,-0.034423828125,0.950439453125,-0.280517578125,-0.7019042372703552,0.7324218153953552,0.7934569716453552,93.33334350585938,61757.0,1.0
364233.84375,356236.9375,361257.5,312043.40625,323272.03125,345254.28125,315007.625,342402.28125,-0.034912109375,0.9501953125,-0.28271484375,-0.7019042372703552,0.7324218153953552,0.7934569716453552,93.33334350585938,61758.0,1.0
364212.65625,356217.34375,361188.65625,312032.6875,323238.875,345237.46875,315001.0,342366.5,-0.03515625,0.94873046875,-0.28076171875,-0.6408690810203552,0.8544921278953552,0.7629393935203552,93.33334350585938,61759.0,1.0
364185.84375,356180.59375,360991.25,312031.34375,323076.25,345202.0625,314931.90625,342323.25,-0.034912109375,0.948974609375,-0.28173828125,-0.5187987685203552,0.7934569716453552,0.6408690810203552,93.33334350585938,61760.0,1.0
364199.4375,356195.28125,361034.6875,312042.78125,323087.96875,345219.9375,314936.71875,342359.90625,-0.0341796875,0.950927734375,-0.283203125,-0.4882812201976776,0.7934569716453552,0.5187987685203552,93.33334350585938,61761.0,1.0
364221.34375,356228.53125,361236.3125,312043.96875,323250.6875,345265.4375,315014.40625,342414.625,-0.033203125,0.95166015625,-0.27978515625,-0.4272460639476776,0.7629393935203552,0.5493163466453552,93.33334350585938,61762.0,1.0
364207.9375,356217.0,361217.875,312031.53125,323258.46875,345256.5,315024.0625,342391.90625,-0.03271484375,0.952392578125,-0.28369140625,-0.4882812201976776,0.7324218153953552,0.5187987685203552,93.33334350585938,61763.0,1.0
364181.28125,356179.34375,361013.15625,312030.625,323098.59375,345215.125,314953.0,342341.21875,-0.032958984375,0.9521484375,-0.284423828125,-0.5493163466453552,0.7629393935203552,0.5798339247703552,93.33334350585938,61764.0,1.0
364192.8125,356187.03125,361005.71875,312041.1875,323070.6875,345219.75,314939.65625,342363.5625,-0.031494140625,0.950927734375,-0.287109375,-0.4272460639476776,0.8544921278953552,0.6103515028953552,93.33334350585938,61765.0,1.0
364218.125,356221.28125,361206.71875,312040.75,323224.375,345259.71875,315007.875,342416.125,-0.029296875,0.94921875,-0.286376953125,-0.5187987685203552,0.8850097060203552,0.5187987685203552,93.33334350585938,61766.0,1.0
364211.6875,356219.15625,361239.15625,312031.625,323271.0625,345261.4375,315035.59375,342401.46875,-0.0302734375,0.948974609375,-0.28662109375,-0.4577636420726776,0.9460448622703552,0.6103515028953552,93.33334350585938,61767.0,1.0
364187.09375,356183.46875,361041.21875,312030.8125,323123.4375,345219.40625,314966.125,342344.96875,-0.028564453125,0.94970703125,-0.28955078125,-0.3662109076976776,1.0986326932907104,0.6713866591453552,93.33334350585938,61768.0,1.0
364194.5,356180.4375,360983.46875,312041.375,323055.6875,345211.0,314927.59375,342351.5,-0.029052734375,0.950927734375,-0.290283203125,-0.2746581733226776,1.1291502714157104,0.7324218153953552,93.33334350585938,61769.0,1.0
364219.375,356213.78125,361170.15625,312039.21875,323190.6875,345244.53125,314982.59375,342398.15625,-0.030517578125,0.950927734375,-0.286865234375,-0.1831054538488388,1.1901854276657104,0.7934569716453552,93.33334350585938,61770.0,1.0
364230.28125,356232.46875,361258.65625,312043.25,323283.40625,345264.1875,315030.6875,342406.9375,-0.03125,0.949951171875,-0.283935546875,-0.1220703050494194,1.2817381620407104,0.8544921278953552,93.33334350585938,61771.0,1.0
364204.09375,356198.59375,361083.0625,312041.46875,323156.71875,345226.8125,314972.21875,342353.8125,-0.034423828125,0.950439453125,-0.2861328125,-0.2441406100988388,1.1901854276657104,0.8544921278953552,93.33334350585938,61772.0,1.0
364198.28125,356185.625,360976.125,312045.125,323053.625,345207.78125,314916.78125,342342.71875,-0.033935546875,0.947509765625,-0.2861328125,-0.2136230319738388,1.2817381620407104,0.7324218153953552,93.33334350585938,61773.0,1.0
364222.84375,356218.34375,361137.78125,312045.84375,323165.03125,345239.15625,314960.15625,342390.125,-0.03564453125,0.946533203125,-0.283447265625,0.0,1.2207030057907104,0.7019042372703552,93.33334350585938,61774.0,1.0
364229.03125,356234.625,361258.65625,312038.78125,323278.65625,345257.65625,315013.6875,342399.40625,-0.03662109375,0.9482421875,-0.2841796875,0.03051757626235485,1.2207030057907104,0.6713866591453552,93.33334350585938,61775.0,1.0
364206.3125,356202.875,361113.5625,312033.40625,323179.0625,345225.3125,314974.625,342348.46875,-0.04052734375,0.948486328125,-0.285888671875,0.0610351525247097,1.0986326932907104,0.5493163466453552,93.33334350585938,61776.0,1.0
364193.0,356175.96875,360965.9375,312035.1875,323045.65625,345193.75,314914.09375,342324.40625,-0.0400390625,0.9521484375,-0.286376953125,0.0915527269244194,1.0681151151657104,0.3662109076976776,93.33334350585938,61777.0,1.0
364216.6875,356201.4375,361091.09375,312040.90625,323126.9375,345219.65625,314945.3125,342372.78125,-0.04150390625,0.95458984375,-0.287353515625,-0.03051757626235485,0.8544921278953552,0.2136230319738388,93.33334350585938,61778.0,1.0
364230.0,356227.0,361253.75,312035.71875,323265.0625,345249.625,315011.46875,342399.15625,-0.041015625,0.95703125,-0.285888671875,0.03051757626235485,0.7629393935203552,0.0610351525247097,93.33334350585938,61779.0,1.0
364201.75,356202.5,361142.4375,312026.875,323198.46875,345225.65625,314987.3125,342355.96875,-0.039794921875,0.956787109375,-0.286376953125,-0.1831054538488388,0.5798339247703552,-0.1525878757238388,93.33334350585938,61780.0,1.0
364181.0,356174.34375,360963.625,312032.96875,323050.75,345196.34375,314921.15625,342328.25,-0.03955078125,0.958740234375,-0.283203125,-0.3051757514476776,0.3967284858226776,-0.2136230319738388,93.33334350585938,61781.0,1.0
364208.09375,356203.21875,361059.71875,312047.71875,323104.59375,345226.90625,314946.90625,342380.5625,-0.036865234375,0.958984375,-0.287353515625,-0.4577636420726776,0.3051757514476776,-0.3967284858226776,93.33334350585938,61782.0,1.0
364231.34375,356236.3125,361252.125,312042.0,323262.84375,345264.09375,315020.9375,342423.75,-0.035400390625,0.9619140625,-0.291259765625,-0.5187987685203552,0.1525878757238388,-0.5187987685203552,93.33334350585938,61783.0,1.0
364215.96875,356217.625,361191.78125,312029.84375,323237.53125,345245.0625,315011.5625,342376.25,-0.03369140625,0.960205078125,-0.287353515625,-0.7019042372703552,0.2441406100988388,-0.3662109076976776,93.33334350585938,61784.0,1.0
364195.59375,356186.78125,360998.03125,312036.0,323081.96875,345211.625,314942.1875,342333.875,-0.032470703125,0.960205078125,-0.28759765625,-0.8239745497703552,0.3051757514476776,-0.3356933295726776,93.33334350585938,61785.0,1.0
364212.21875,356199.21875,361032.625,312049.59375,323087.875,345223.96875,314938.875,342365.8125,-0.0302734375,0.955322265625,-0.287353515625,-0.8850097060203552,0.2746581733226776,-0.1831054538488388,93.33334350585938,61786.0,1.0
364238.15625,356233.96875,361236.46875,312047.8125,323249.4375,345262.9375,315011.09375,342416.5,-0.031494140625,0.95166015625,-0.28759765625,-1.0070799589157104,0.3051757514476776,-0.1525878757238388,93.33334350585938,61787.0,1.0
364224.65625,356223.875,361223.96875,312037.34375,323260.6875,345254.375,315020.5,342392.0,-0.0322265625,0.951416015625,-0.286865234375,-0.9765624403953552,0.4272460639476776,0.03051757626235485,93.33334350585938,61788.0,1.0
364196.3125,356188.03125,361025.5625,312036.53125,323105.84375,345211.09375,314947.28125,342335.84375,-0.03369140625,0.951416015625,-0.288818359375,-0.9765624403953552,0.3356933295726776,0.2746581733226776,93.33334350585938,61789.0,1.0
364206.40625,356195.4375,361012.25,312048.53125,323075.34375,345212.34375,314926.53125,342358.46875,-0.034912109375,0.947998046875,-0.28515625,-0.9765624403953552,0.5493163466453552,0.2746581733226776,93.33334350585938,61790.0,1.0
364234.21875,356231.75,361214.3125,312052.0,323229.65625,345252.65625,314995.1875,342413.625,-0.0341796875,0.947509765625,-0.287353515625,-0.8544921278953552,0.6408690810203552,0.3356933295726776,93.33334350585938,61791.0,1.0
364227.9375,356230.9375,361252.03125,312041.0,323279.5625,345252.03125,315018.96875,342395.03125,-0.0361328125,0.94873046875,-0.285400390625,-0.9765624403953552,0.6103515028953552,0.5493163466453552,93.33334350585938,61792.0,1.0
364200.25,356193.46875,361058.125,312035.03125,323133.90625,345212.78125,314954.4375,342336.5625,-0.034912109375,0.948974609375,-0.28662109375,-0.8544921278953552,0.6103515028953552,0.5493163466453552,93.33334350585938,61793.0,1.0
364197.03125,356180.96875,360986.40625,312038.0625,323055.40625,345196.6875,314909.71875,342332.1875,-0.036376953125,0.94873046875,-0.28369140625,-0.7629393935203552,0.5493163466453552,0.7019042372703552,93.33334350585938,61794.0,1.0
364221.5,356212.15625,361169.96875,312040.75,323187.375,345232.71875,314967.5625,342387.53125,-0.037841796875,0.948974609375,-0.28369140625,-0.9155272841453552,0.5187987685203552,0.7934569716453552,93.33334350585938,61795.0,1.0
364220.875,356219.40625,361257.75,312032.96875,323275.8125,345247.46875,315017.53125,342395.46875,-0.03759765625,0.950439453125,-0.28369140625,-0.8544921278953552,0.4882812201976776,0.8239745497703552,93.33334350585938,61796.0,1.0
364192.28125,356183.1875,361080.03125,312029.03125,323149.375,345210.8125,314966.40625,342344.0625,-0.036865234375,0.94970703125,-0.28125,-0.9765624403953552,0.4272460639476776,0.8850097060203552,93.33334350585938,61797.0,1.0
364191.125,356171.5625,360972.46875,312038.9375,323048.0,345195.53125,314917.59375,342337.90625,-0.03662109375,0.949951171875,-0.28466796875,-0.8850097060203552,0.5187987685203552,0.8850097060203552,93.33334350585938,61798.0,1.0
364215.4375,356202.6875,361135.53125,312044.03125,323162.34375,345232.46875,314967.03125,342395.40625,-0.03564453125,0.94970703125,-0.283935546875,-0.9765624403953552,0.3662109076976776,0.8544921278953552,93.33334350585938,61799.0,1.0
364219.8125,356219.6875,361266.875,312038.59375,323280.0,345257.5,315026.03125,342415.6875,-0.035888671875,0.952392578125,-0.281005859375,-0.9765624403953552,0.3662109076976776,0.8850097060203552,93.33334350585938,61800.0,1.0
364200.25,356196.4375,361128.5625,312038.5,323190.15625,345232.375,314995.46875,342370.53125,-0.032470703125,0.951904296875,-0.283447265625,-1.0681151151657104,0.2746581733226776,0.8850097060203552,93.33334350585938,61801.0,1.0
364191.5625,356174.96875,360980.0625,312047.53125,323059.875,345208.125,314934.5,342347.90625,-0.032470703125,0.9501953125,-0.28515625,-1.0375975370407104,0.5187987685203552,0.6713866591453552,93.33334350585938,61802.0,1.0
364217.59375,356203.59375,361104.59375,312055.3125,323138.90625,345235.5,314963.53125,342395.75,-0.0302734375,0.950439453125,-0.28662109375,-1.0986326932907104,0.3967284858226776,0.7934569716453552,93.33334350585938,61803.0,1.0
364235.1875,356229.78125,361273.40625,312053.6875,323284.90625,345266.875,315032.125,342425.0625,-0.03076171875,0.950927734375,-0.28662109375,-1.0681151151657104,0.4577636420726776,0.6713866591453552,93.33334350585938,61804.0,1.0
364210.15625,356207.0625,361166.5625,312044.21875,323220.46875,345241.5625,315008.4375,342380.0,-0.028564453125,0.948974609375,-0.28369140625,-1.0986326932907104,0.6408690810203552,0.7629393935203552,93.33334350585938,61805.0,1.0
364187.1875,356177.125,360983.0,312039.65625,323064.8125,345201.25,314930.1875,342329.3125,-0.02880859375,0.94970703125,-0.288330078125,-1.1291502714157104,0.7019042372703552,0.6408690810203552,93.33334350585938,61806.0,1.0
364207.9375,356199.75,361063.75,312048.875,323107.4375,345219.65625,314940.9375,342365.8125,-0.027587890625,0.94873046875,-0.286865234375,-1.0986326932907104,0.8544921278953552,0.7019042372703552,93.33334350585938,61807.0,1.0
364225.1875,356226.5625,361251.0625,312038.25,323260.6875,345251.3125,315008.4375,342404.5,-0.0283203125,0.947998046875,-0.284912109375,-1.1291502714157104,0.8239745497703552,0.5493163466453552,93.33334350585938,61808.0,1.0
364211.59375,356212.4375,361201.34375,312030.90625,323241.5625,345235.9375,315005.65625,342373.03125,-0.029052734375,0.948974609375,-0.285888671875,-1.1596678495407104,0.9460448622703552,0.5798339247703552,93.33334350585938,61809.0,1.0
364187.625,356175.59375,360999.90625,312028.75,323080.96875,345194.8125,314928.75,342322.875,-0.0283203125,0.948486328125,-0.28564453125,-1.1291502714157104,1.0986326932907104,0.5798339247703552,93.33334350585938,61810.0,1.0
364203.625,356183.75,361026.09375,312035.5625,323079.1875,345203.125,314920.71875,342348.625,-0.029541015625,0.9462890625,-0.28564453125,-1.0375975370407104,1.1291502714157104,0.6103515028953552,93.33334350585938,61811.0,1.0
364228.5,356219.0625,361228.0,312035.09375,323238.25,345243.8125,314994.46875,342400.65625,-0.029052734375,0.94580078125,-0.28662109375,-0.8544921278953552,1.0986326932907104,0.5187987685203552,93.33334350585938,61812.0,1.0
364215.78125,356213.25,361223.25,312028.9375,323257.5625,345240.5,315006.09375,342377.15625,-0.029052734375,0.9482421875,-0.28466796875,-0.7629393935203552,1.2207030057907104,0.4882812201976776,93.33334350585938,61813.0,1.0
364186.1875,356174.09375,361022.4375,312032.25,323101.53125,345198.65625,314936.53125,342329.59375,-0.029541015625,0.948486328125,-0.28466796875,-0.8544921278953552,1.2817381620407104,0.4577636420726776,93.33334350585938,61814.0,1.0
364200.0625,356182.3125,361007.15625,312049.6875,323069.1875,345203.3125,314921.15625,342354.34375,-0.03076171875,0.950439453125,-0.287109375,-0.7629393935203552,1.3122557401657104,0.3662109076976776,93.33334350585938,61815.0,1.0
364225.71875,356215.75,361204.21875,312046.71875,323218.84375,345245.78125,314991.4375,342413.4375,-0.03076171875,0.949951171875,-0.285400390625,-0.7324218153953552,1.2207030057907104,0.3356933295726776,93.33334350585938,61816.0,1.0
364217.75,356217.09375,361254.0,312035.65625,323277.59375,345251.40625,315024.25,342401.65625,-0.031982421875,0.951171875,-0.28662109375,-0.7324218153953552,1.1901854276657104,0.2746581733226776,93.33334350585938,61817.0,1.0
364189.15625,356181.875,361062.78125,312031.34375,323135.53125,345213.15625,314961.75,342342.03125,-0.03271484375,0.951904296875,-0.28564453125,-0.7324218153953552,1.1901854276657104,0.3051757514476776,93.33334350585938,61818.0,1.0
364188.875,356174.96875,360988.5625,312039.65625,323058.625,345202.40625,314922.6875,342343.4375,-0.035400390625,0.955078125,-0.28662109375,-0.6713866591453552,1.1291502714157104,0.2136230319738388,93.33334350585938,61819.0,1.0
364219.625,356213.96875,361174.78125,312044.84375,323194.71875,345244.78125,314984.03125,342398.25,-0.035400390625,0.95361328125,-0.287353515625,-0.7629393935203552,1.1291502714157104,0.1525878757238388,93.33334350585938,61820.0,1.0
364224.03125,356227.46875,361271.96875,312040.28125,323290.90625,345265.0,315033.28125,342405.125,-0.0361328125,0.953857421875,-0.287109375,-0.7629393935203552,1.0986326932907104,0.0915527269244194,93.33334350585938,61821.0,1.0
364198.71875,356193.21875,361101.03125,312035.8125,323169.3125,345226.09375,314979.53125,342346.3125,-0.035888671875,0.953369140625,-0.286865234375,-0.8544921278953552,0.9460448622703552,0.0915527269244194,93.33334350585938,61822.0,1.0
364193.34375,356177.375,360980.96875,312043.15625,323056.75,345202.6875,314921.25,342332.0,-0.0361328125,0.953369140625,-0.285888671875,-0.8544921278953552,0.7934569716453552,0.0,93.33334350585938,61823.0,1.0
364225.09375,356214.21875,361142.15625,312053.25,323168.5,345240.6875,314967.75,342391.0,-0.034912109375,0.951416015625,-0.286376953125,-0.8544921278953552,0.7019042372703552,-0.03051757626235485,93.33334350585938,61824.0,1.0
364237.4375,356237.90625,361280.21875,312048.59375,323292.34375,345265.1875,315025.59375,342413.8125,-0.032958984375,0.951904296875,-0.28515625,-0.8850097060203552,0.6713866591453552,0.0610351525247097,93.33334350585938,61825.0,1.0
364209.8125,356207.78125,361141.09375,312038.6875,323199.4375,345232.375,314988.125,342357.125,-0.031005859375,0.95361328125,-0.289306640625,-0.9765624403953552,0.7019042372703552,0.1831054538488388,93.33334350585938,61826.0,1.0
364194.34375,356182.3125,360984.625,312039.65625,323063.90625,345202.5,314926.53125,342327.96875,-0.0302734375,0.95458984375,-0.289306640625,-0.8239745497703552,0.6408690810203552,0.3051757514476776,93.33334350585938,61827.0,1.0
364213.125,356204.5625,361099.4375,312043.40625,323134.71875,345226.65625,314953.875,342373.65625,-0.03076171875,0.9560546875,-0.28857421875,-0.7934569716453552,0.5798339247703552,0.2746581733226776,93.33334350585938,61828.0,1.0
364227.5,356230.3125,361269.28125,312038.9375,323278.5625,345256.3125,315021.65625,342407.5625,-0.03369140625,0.954345703125,-0.287353515625,-0.9460448622703552,0.6713866591453552,0.4577636420726776,93.33334350585938,61829.0,1.0
364205.6875,356206.09375,361172.03125,312033.6875,323220.71875,345232.71875,315000.28125,342364.8125,-0.031982421875,0.953369140625,-0.286376953125,-0.8850097060203552,0.6713866591453552,0.5187987685203552,93.33334350585938,61830.0,1.0
364185.40625,356171.40625,360986.0625,312035.46875,323066.125,345193.28125,314926.625,342324.40625,-0.03125,0.95068359375,-0.290283203125,-0.8239745497703552,0.5493163466453552,0.5493163466453552,93.33334350585938,61831.0,1.0
364207.9375,356187.5,361057.40625,312043.25,323101.71875,345205.8125,314934.75,342358.65625,-0.031494140625,0.948486328125,-0.28955078125,-0.8850097060203552,0.6408690810203552,0.6103515028953552,93.33334350585938,61832.0,1.0
364232.0625,356220.3125,361249.34375,312041.28125,323257.1875,345242.03125,315005.90625,342399.78125,-0.02880859375,0.94970703125,-0.284912109375,-0.7629393935203552,0.6408690810203552,0.6408690810203552,93.33334350585938,61833.0,1.0
364215.0625,356205.375,361199.5625,312031.53125,323239.84375,345230.125,315005.03125,342369.28125,-0.03125,0.94873046875,-0.284912109375,-0.7019042372703552,0.6713866591453552,0.6713866591453552,93.33334350585938,61834.0,1.0
364194.5,356170.0625,361000.8125,312032.25,323079.8125,345191.25,314933.78125,342323.40625,-0.03125,0.951171875,-0.285400390625,-0.6408690810203552,0.6408690810203552,0.6103515028953552,93.33334350585938,61835.0,1.0
364210.6875,356182.3125,361022.53125,312044.3125,323073.84375,345201.625,314925.375,342352.375,-0.03564453125,0.951904296875,-0.287841796875,-0.6408690810203552,0.5493163466453552,0.5187987685203552,93.33334350585938,61836.0,1.0
364231.71875,356217.09375,361224.6875,312044.5,323232.71875,345244.34375,314998.5,342403.78125,-0.037353515625,0.951904296875,-0.287109375,-0.7629393935203552,0.5187987685203552,0.4882812201976776,93.33334350585938,61837.0,1.0
364218.375,356211.8125,361231.03125,312033.0625,323262.84375,345242.1875,315018.71875,342385.03125,-0.03466796875,0.95068359375,-0.286376953125,-0.6713866591453552,0.3967284858226776,0.3662109076976776,93.33334350585938,61838.0,1.0
364189.875,356175.34375,361030.84375,312032.25,323107.71875,345200.0,314948.4375,342333.0,-0.034912109375,0.9501953125,-0.28515625,-0.6103515028953552,0.3051757514476776,0.3356933295726776,93.33334350585938,61839.0,1.0
364198.0,356178.90625,361001.34375,312043.6875,323062.75,345196.78125,314923.65625,342348.53125,-0.03173828125,0.949951171875,-0.28759765625,-0.5798339247703552,0.2746581733226776,0.1831054538488388,93.33334350585938,61840.0,1.0
364227.78125,356217.4375,361202.6875,312046.5625,323215.53125,345239.34375,314991.875,342406.3125,-0.03369140625,0.94970703125,-0.289306640625,-0.4272460639476776,0.2441406100988388,0.0915527269244194,93.33334350585938,61841.0,1.0
364221.96875,356217.625,361254.46875,312039.125,323277.21875,345245.34375,315022.8125,342400.125,-0.03271484375,0.94970703125,-0.28759765625,-0.3967284858226776,0.2136230319738388,0.0,93.33334350585938,61842.0,1.0
364197.65625,356187.75,361070.46875,312042.71875,323142.21875,345210.46875,314965.96875,342346.21875,-0.03076171875,0.951171875,-0.28662109375,-0.3662109076976776,0.1220703050494194,-0.03051757626235485,93.33334350585938,61843.0,1.0
364193.25,356180.6875,360990.34375,312045.65625,323058.8125,345198.03125,314924.84375,342345.9375,-0.031494140625,0.948486328125,-0.2890625,-0.4272460639476776,0.1525878757238388,-0.03051757626235485,93.33334350585938,61844.0,1.0
364219.0,356217.34375,361171.5625,312046.0,323188.1875,345236.375,314980.875,342402.375,-0.032470703125,0.94921875,-0.286865234375,-0.3967284858226776,0.2746581733226776,-0.0610351525247097,93.33334350585938,61845.0,1.0
364225.1875,356230.40625,361273.3125,312040.8125,323286.875,345255.6875,315028.53125,342406.21875,-0.031982421875,0.950439453125,-0.286376953125,-0.3051757514476776,0.3662109076976776,0.0,93.33334350585938,61846.0,1.0
364199.78125,356195.0,361106.40625,312038.875,323170.84375,345219.59375,314977.3125,342351.9375,-0.03076171875,0.9501953125,-0.286865234375,-0.2746581733226776,0.3051757514476776,0.0610351525247097,93.33334350585938,61847.0,1.0
364188.875,356173.625,360975.25,312041.1875,323048.96875,345191.5,314915.875,342331.8125,-0.031982421875,0.951171875,-0.288330078125,-0.2136230319738388,0.3356933295726776,0.1525878757238388,93.33334350585938,61848.0,1.0
364216.875,356204.75,361126.5,312044.03125,323152.25,345223.15625,314958.28125,342384.125,-0.03173828125,0.950927734375,-0.285888671875,-0.1831054538488388,0.3662109076976776,0.2441406100988388,93.33334350585938,61849.0,1.0
364230.46875,356226.75,361271.96875,312041.0,323282.78125,345249.875,315021.9375,342409.59375,-0.032470703125,0.951904296875,-0.285888671875,-0.2746581733226776,0.5187987685203552,0.2136230319738388,93.33334350585938,61850.0,1.0
364202.75,356195.53125,361135.8125,312033.75,323192.21875,345216.90625,314985.96875,342359.53125,-0.0341796875,0.952392578125,-0.286865234375,-0.2441406100988388,0.4272460639476776,0.2136230319738388,93.33334350585938,61851.0,1.0
364187.09375,356169.4375,360971.9375,312034.9375,323048.53125,345184.34375,314918.3125,342325.9375,-0.032470703125,0.950439453125,-0.291015625,-0.3662109076976776,0.4577636420726776,0.2746581733226776,93.33334350585938,61852.0,1.0
364210.59375,356191.59375,361083.34375,312041.375,323117.1875,345209.21875,314943.78125,342374.5625,-0.031982421875,0.95068359375,-0.29052734375,-0.3967284858226776,0.4882812201976776,0.3662109076976776,93.33334350585938,61853.0,1.0
364227.3125,356218.25,361257.40625,312034.21875,323264.96875,345240.40625,315010.125,342403.96875,-0.033935546875,0.95263671875,-0.2861328125,-0.3967284858226776,0.4272460639476776,0.3662109076976776,93.33334350585938,61854.0,1.0
364204.96875,356195.1875,361165.21875,312025.53125,323213.75,345217.0625,314991.15625,342362.65625,-0.0341796875,0.951416015625,-0.286865234375,-0.4272460639476776,0.3967284858226776,0.3051757514476776,93.33334350585938,61855.0,1.0
364186.03125,356167.8125,360978.375,312030.46875,323059.78125,345184.34375,314919.90625,342321.8125,-0.03515625,0.952392578125,-0.291259765625,-0.4882812201976776,0.3967284858226776,0.3967284858226776,93.33334350585938,61856.0,1.0
364216.34375,356198.40625,361057.21875,312051.1875,323100.90625,345211.90625,314938.6875,342367.125,-0.033447265625,0.9521484375,-0.291748046875,-0.3967284858226776,0.3967284858226776,0.3967284858226776,93.33334350585938,61857.0,1.0
364242.15625,356237.5625,361259.09375,312054.15625,323266.15625,345254.53125,315014.9375,342418.28125,-0.032470703125,0.951904296875,-0.28857421875,-0.4577636420726776,0.2441406100988388,0.2746581733226776,93.33334350585938,61858.0,1.0
364216.78125,356218.6875,361213.40625,312035.03125,323249.96875,345239.53125,315010.21875,342381.34375,-0.033447265625,0.951904296875,-0.28662109375,-0.4882812201976776,0.3051757514476776,0.3356933295726776,93.33334350585938,61859.0,1.0
364193.4375,356183.03125,361016.53125,312040.125,323093.59375,345205.8125,314942.71875,342337.28125,-0.033447265625,0.953369140625,-0.287841796875,-0.6713866591453552,0.3662109076976776,0.3356933295726776,93.33334350585938,61860.0,1.0
364204.78125,356189.90625,361029.5,312048.25,323082.78125,345214.21875,314930.1875,342358.46875,-0.032958984375,0.95166015625,-0.28759765625,-0.6713866591453552,0.3356933295726776,0.3051757514476776,93.33334350585938,61861.0,1.0
364230.71875,356226.28125,361232.09375,312046.8125,323240.3125,345253.90625,315000.65625,342411.75,-0.03076171875,0.952392578125,-0.28662109375,-0.7629393935203552,0.3051757514476776,0.1831054538488388,93.33334350585938,61862.0,1.0
364219.46875,356221.1875,361241.9375,312035.71875,323269.53125,345252.3125,315021.03125,342391.09375,-0.029541015625,0.95166015625,-0.2880859375,-0.8850097060203552,0.3356933295726776,0.1525878757238388,93.33334350585938,61863.0,1.0
364195.59375,356186.59375,361043.53125,312034.3125,323117.1875,345212.53125,314954.5,342336.28125,-0.02880859375,0.9521484375,-0.289794921875,-0.8544921278953552,0.3051757514476776,0.1831054538488388,93.33334350585938,61864.0,1.0
364205.78125,356187.75,361007.34375,312044.03125,323067.5625,345207.40625,314925.90625,342347.46875,-0.030517578125,0.95166015625,-0.291015625,-0.9155272841453552,0.3662109076976776,0.1525878757238388,93.33334350585938,61865.0,1.0
364234.9375,356224.5,361200.90625,312047.34375,323212.84375,345246.59375,314987.0625,342404.34375,-0.0302734375,0.9501953125,-0.2890625,-0.9155272841453552,0.3356933295726776,0.1831054538488388,93.33334350585938,61866.0,1.0
364233.21875,356229.6875,361264.65625,312039.5625,323282.15625,345254.8125,315023.28125,342399.15625,-0.03125,0.950927734375,-0.289794921875,-1.0070799589157104,0.3662109076976776,0.1220703050494194,93.33334350585938,61867.0,1.0
364207.21875,356194.8125,361075.0,312034.40625,323144.09375,345215.125,314961.65625,342336.90625,-0.03173828125,0.950927734375,-0.28955078125,-1.1291502714157104,0.3662109076976776,0.1525878757238388,93.33334350585938,61868.0,1.0
364204.96875,356183.1875,360985.875,312039.84375,323053.0,345197.59375,314916.25,342333.0,-0.0322265625,0.950927734375,-0.288330078125,-1.1291502714157104,0.5798339247703552,0.0610351525247097,93.33334350585938,61869.0,1.0
364233.6875,356220.125,361167.0,312048.96875,323182.625,345236.21875,314971.6875,342391.8125,-0.033447265625,0.949951171875,-0.284423828125,-1.1596678495407104,0.5798339247703552,0.0610351525247097,93.33334350585938,61870.0,1.0
364238.9375,356234.53125,361277.875,312042.96875,323289.125,345254.28125,315023.28125,342404.5,-0.03271484375,0.9521484375,-0.286865234375,-1.1596678495407104,0.5493163466453552,0.0915527269244194,93.33334350585938,61871.0,1.0
364213.125,356197.875,361112.03125,312037.875,323173.6875,345216.625,314972.125,342350.40625,-0.032958984375,0.951171875,-0.2880859375,-1.1596678495407104,0.5798339247703552,0.0915527269244194,93.33334350585938,61872.0,1.0
364212.75,356180.4375,360985.6875,312051.75,323058.375,345197.84375,314918.125,342339.15625,-0.03173828125,0.951416015625,-0.287109375,-1.1596678495407104,0.5798339247703552,0.03051757626235485,93.33334350585938,61873.0,1.0
364239.5,356212.4375,361136.15625,312056.84375,323159.3125,345229.0625,314961.125,342393.6875,-0.032958984375,0.951904296875,-0.286376953125,-1.1901854276657104,0.5493163466453552,0.0915527269244194,93.33334350585938,61874.0,1.0
364252.1875,356237.125,361283.4375,312051.46875,323290.09375,345255.53125,315024.4375,342416.5,-0.033447265625,0.9501953125,-0.284912109375,-1.2817381620407104,0.4882812201976776,-0.03051757626235485,93.33334350585938,61875.0,1.0
364229.03125,356210.90625,361155.40625,312042.71875,323209.09375,345228.15625,314990.1875,342362.3125,-0.03369140625,0.951416015625,-0.28662109375,-1.2817381620407104,0.4882812201976776,-0.0610351525247097,93.33334350585938,61876.0,1.0
364216.6875,356190.96875,360995.0,312050.3125,323072.21875,345204.90625,314925.1875,342333.0,-0.033203125,0.952880859375,-0.286376953125,-1.2512205839157104,0.3356933295726776,-0.1220703050494194,93.33334350585938,61877.0,1.0
364242.53125,356222.4375,361109.09375,312061.46875,323140.96875,345236.84375,314954.5,342381.90625,-0.033447265625,0.951171875,-0.28564453125,-1.2512205839157104,0.3662109076976776,-0.03051757626235485,93.33334350585938,61878.0,1.0
364261.21875,356255.34375,361289.78125,312056.5625,323293.15625,345273.65625,315028.375,342420.4375,-0.031982421875,0.951416015625,-0.285888671875,-1.2207030057907104,0.3662109076976776,-0.1220703050494194,93.33334350585938,61879.0,1.0
364243.875,356238.1875,361208.0625,312049.21875,323252.375,345257.65625,315015.75,342384.3125,-0.03271484375,0.95166015625,-0.28515625,-1.1901854276657104,0.3356933295726776,-0.0915527269244194,93.33334350585938,61880.0,1.0
364226.53125,356207.53125,361022.1875,312051.46875,323099.03125,345224.84375,314945.40625,342339.15625,-0.034912109375,0.951171875,-0.28466796875,-1.1901854276657104,0.3356933295726776,0.0,93.33334350585938,61881.0,1.0
364243.875,356222.375,361077.6875,312055.84375,323118.96875,345238.1875,314949.875,342370.09375,-0.033447265625,0.9521484375,-0.28369140625,-1.2817381620407104,0.3662109076976776,0.0,93.33334350585938,61882.0,1.0
364265.78125,356250.53125,361268.3125,312052.8125,323272.9375,345271.71875,315020.21875,342417.03125,-0.034912109375,0.952392578125,-0.286376953125,-1.2207030057907104,0.3356933295726776,0.0,93.33334350585938,61883.0,1.0
364253.875,356239.34375,361236.125,312047.625,323270.25,345260.78125,315024.6875,342389.9375,-0.035400390625,0.951171875,-0.28173828125,-1.2207030057907104,0.3051757514476776,0.0,93.33334350585938,61884.0,1.0
364234.375,356204.75,361034.875,312048.4375,323111.03125,345218.0625,314953.4375,342341.5625,-0.034912109375,0.952880859375,-0.28466796875,-1.1901854276657104,0.2746581733226776,0.1525878757238388,93.33334350585938,61885.0,1.0
364250.40625,356210.65625,361039.0625,312054.59375,323089.84375,345216.09375,314930.375,342355.15625,-0.03466796875,0.951416015625,-0.284423828125,-1.2817381620407104,0.3967284858226776,0.1220703050494194,93.33334350585938,61886.0,1.0
364273.8125,356246.40625,361239.78125,312055.75,323245.125,345253.8125,314994.3125,342407.5625,-0.03466796875,0.951416015625,-0.28515625,-1.3122557401657104,0.3967284858226776,0.1831054538488388,93.33334350585938,61887.0,1.0
364263.625,356242.9375,361258.75,312051.46875,323279.1875,345250.34375,315013.625,342390.375,-0.032958984375,0.95263671875,-0.283935546875,-1.3732908964157104,0.3051757514476776,0.2746581733226776,93.33334350585938,61888.0,1.0
364236.71875,356207.34375,361060.625,312051.125,323129.34375,345210.5625,314947.53125,342338.53125,-0.0341796875,0.95166015625,-0.281494140625,-1.2817381620407104,0.3356933295726776,0.2746581733226776,93.33334350585938,61889.0,1.0
364242.78125,356206.53125,361017.71875,312059.34375,323076.25,345209.21875,314921.53125,342354.25,-0.034912109375,0.951904296875,-0.284912109375,-1.2512205839157104,0.3662109076976776,0.3051757514476776,93.33334350585938,61890.0,1.0
364271.59375,356240.40625,361213.5,312061.84375,323223.0625,345249.34375,314986.59375,342410.21875,-0.03759765625,0.951171875,-0.285400390625,-1.3732908964157104,0.3356933295726776,0.3662109076976776,93.33334350585938,61891.0,1.0
364270.5,356245.96875,361278.78125,312052.375,323294.84375,345256.59375,315021.9375,342404.5,-0.035888671875,0.950439453125,-0.283447265625,-1.3427733182907104,0.2746581733226776,0.3967284858226776,93.33334350585938,61892.0,1.0
364245.21875,356213.6875,361096.125,312051.1875,323160.71875,345219.03125,314963.8125,342347.8125,-0.034912109375,0.950927734375,-0.2841796875,-1.3122557401657104,0.2746581733226776,0.3967284858226776,93.33334350585938,61893.0,1.0
364245.21875,356205.28125,361009.65625,312064.0,323072.75,345207.875,314920.0,342351.5,-0.03515625,0.9521484375,-0.282958984375,-1.1901854276657104,0.2746581733226776,0.4272460639476776,93.33334350585938,61894.0,1.0
364269.78125,356239.0,361185.15625,312066.40625,323195.875,345241.84375,314969.875,342403.53125,-0.03466796875,0.951416015625,-0.284912109375,-1.3122557401657104,0.2746581733226776,0.3967284858226776,93.33334350585938,61895.0,1.0
364279.0,356255.34375,361296.125,312060.59375,323305.125,345259.1875,315021.3125,342414.15625,-0.03369140625,0.949462890625,-0.283203125,-1.1901854276657104,0.2746581733226776,0.3967284858226776,93.33334350585938,61896.0,1.0
364255.40625,356225.5,361137.6875,312056.28125,323195.5,345224.3125,314976.6875,342363.75,-0.033203125,0.94970703125,-0.2841796875,-1.1901854276657104,0.3051757514476776,0.4272460639476776,93.33334350585938,61897.0,1.0
364248.59375,356205.5625,361006.8125,312063.71875,323075.53125,345201.0625,314921.34375,342345.9375,-0.033447265625,0.951416015625,-0.2861328125,-1.1596678495407104,0.4882812201976776,0.4272460639476776,93.33334350585938,61898.0,1.0
364274.34375,356239.0,361149.75,312074.0,323171.625,345239.0625,314964.71875,342402.0,-0.033203125,0.950927734375,-0.2841796875,-1.1291502714157104,0.4882812201976776,0.4577636420726776,93.33334350585938,61899.0,1.0
364283.46875,356257.59375,361298.4375,312065.875,323302.4375,345267.9375,315029.4375,342425.25,-0.033203125,0.951416015625,-0.283447265625,-1.1901854276657104,0.3967284858226776,0.4272460639476776,93.33334350585938,61900.0,1.0
364255.75,356224.96875,361172.1875,312052.1875,323221.25,345234.25,314994.46875,342369.65625,-0.033935546875,0.9541015625,-0.281494140625,-1.0681151151657104,0.3051757514476776,0.4882812201976776,93.33334350585938,61901.0,1.0
364238.3125,356201.4375,361005.09375,312055.3125,323079.0,345206.4375,314927.6875,342340.5,-0.03466796875,0.951171875,-0.283447265625,-1.0681151151657104,0.3662109076976776,0.4272460639476776,93.33334350585938,61902.0,1.0
364261.84375,356229.34375,361107.5625,312065.9375,323140.53125,345234.875,314951.75,342391.1875,-0.031982421875,0.95166015625,-0.284912109375,-1.0375975370407104,0.4272460639476776,0.3356933295726776,93.33334350585938,61903.0,1.0
364279.28125,356257.84375,361288.59375,312061.75,323291.71875,345270.625,315022.71875,342428.65625,-0.03369140625,0.94921875,-0.281982421875,-1.0070799589157104,0.4882812201976776,0.2441406100988388,93.33334350585938,61904.0,1.0
364253.4375,356231.21875,361208.3125,312046.1875,323248.1875,345247.46875,315007.0,342376.53125,-0.034423828125,0.951171875,-0.284912109375,-0.9460448622703552,0.4272460639476776,0.2746581733226776,93.33334350585938,61905.0,1.0
364230.53125,356195.4375,361013.5,312046.90625,323088.59375,345206.34375,314931.09375,342328.78125,-0.031982421875,0.948974609375,-0.28515625,-1.0070799589157104,0.4272460639476776,0.2441406100988388,93.33334350585938,61906.0,1.0
364250.40625,356210.75,361062.125,312052.53125,323105.3125,345217.6875,314930.5625,342356.40625,-0.031982421875,0.950927734375,-0.2861328125,-1.0070799589157104,0.4577636420726776,0.2136230319738388,93.33334350585938,61907.0,1.0
364277.03125,356245.15625,361258.5625,312051.75,323261.84375,345254.1875,315000.03125,342398.4375,-0.03125,0.94970703125,-0.2841796875,-0.9460448622703552,0.4272460639476776,0.2746581733226776,93.33334350585938,61908.0,1.0
364265.78125,356234.875,361231.125,312043.0625,323262.5625,345241.75,315003.59375,342375.0,-0.03173828125,0.951171875,-0.283935546875,-0.8239745497703552,0.4272460639476776,0.1831054538488388,93.33334350585938,61909.0,1.0
364246.09375,356203.84375,361032.71875,312043.6875,323105.9375,345201.4375,314932.4375,342327.96875,-0.031982421875,0.951904296875,-0.283447265625,-0.8544921278953552,0.5187987685203552,0.1220703050494194,93.33334350585938,61910.0,1.0
364257.09375,356215.125,361038.0,312053.53125,323085.90625,345208.59375,314916.78125,342346.5625,-0.031494140625,0.952392578125,-0.284912109375,-0.7324218153953552,0.4882812201976776,0.1220703050494194,93.33334350585938,61911.0,1.0
364280.4375,356252.75,361241.03125,312055.9375,323242.625,345250.5,314987.59375,342397.90625,-0.033447265625,0.950439453125,-0.28271484375,-0.7019042372703552,0.5187987685203552,0.1525878757238388,93.33334350585938,61912.0,1.0
364268.0,356248.375,361263.9375,312047.8125,323284.03125,345247.75,315012.625,342385.90625,-0.03173828125,0.951171875,-0.28662109375,-0.6103515028953552,0.5493163466453552,0.1525878757238388,93.33334350585938,61913.0,1.0
364236.96875,356211.46875,361067.40625,312048.53125,323137.5,345211.1875,314949.3125,342336.5625,-0.032470703125,0.95068359375,-0.286376953125,-0.6103515028953552,0.5798339247703552,0.0915527269244194,93.33334350585938,61914.0,1.0
364231.78125,356204.125,361015.90625,312053.6875,323074.1875,345205.1875,314917.3125,342346.75,-0.031982421875,0.948974609375,-0.2861328125,-0.6103515028953552,0.6103515028953552,0.1525878757238388,93.33334350585938,61915.0,1.0
364249.15625,356233.71875,361204.5625,312049.40625,323214.375,345243.375,314978.65625,342402.0,-0.032958984375,0.95068359375,-0.285888671875,-0.5493163466453552,0.6713866591453552,0.2441406100988388,93.33334350585938,61916.0,1.0
364247.71875,356242.84375,361280.125,312042.25,323294.125,345260.34375,315023.34375,342405.59375,-0.03515625,0.9501953125,-0.28759765625,-0.6103515028953552,0.7019042372703552,0.2136230319738388,93.33334350585938,61917.0,1.0
364222.21875,356211.625,361099.4375,312038.875,323163.9375,345228.875,314972.21875,342350.78125,-0.03466796875,0.951416015625,-0.283935546875,-0.5187987685203552,0.6103515028953552,0.2136230319738388,93.33334350585938,61918.0,1.0
364211.6875,356192.3125,360996.25,312042.15625,323063.375,345207.78125,314924.5625,342341.46875,-0.03271484375,0.951416015625,-0.282958984375,-0.6713866591453552,0.6713866591453552,0.1831054538488388,93.33334350585938,61919.0,1.0
364230.46875,356219.59375,361158.0625,312044.21875,323175.03125,345238.90625,314972.9375,342395.21875,-0.032958984375,0.951171875,-0.282958984375,-0.5493163466453552,0.6408690810203552,0.1831054538488388,93.33334350585938,61920.0,1.0
364233.59375,356233.0,361271.625,312034.75,323281.25,345257.03125,315024.34375,342411.125,-0.033203125,0.952880859375,-0.280517578125,-0.5798339247703552,0.6713866591453552,0.2136230319738388,93.33334350585938,61921.0,1.0
364205.0625,356197.3125,361113.90625,312025.09375,323172.4375,345220.125,314975.34375,342351.5,-0.03271484375,0.95361328125,-0.28076171875,-0.6408690810203552,0.6713866591453552,0.1831054538488388,93.33334350585938,61922.0,1.0
364188.25,356172.28125,360968.0,312024.65625,323041.03125,345186.21875,314905.34375,342315.0,-0.03466796875,0.95263671875,-0.2822265625,-0.5187987685203552,0.6713866591453552,0.2746581733226776,93.33334350585938,61923.0,1.0
364210.53125,356201.25,361104.0625,312030.71875,323127.90625,345211.0,314938.15625,342362.9375,-0.033935546875,0.9521484375,-0.283447265625,-0.7019042372703552,0.6408690810203552,0.2746581733226776,93.33334350585938,61924.0,1.0
364224.09375,356226.90625,361263.46875,312024.5625,323265.15625,345237.09375,315002.78125,342383.78125,-0.034912109375,0.951904296875,-0.282958984375,-0.5493163466453552,0.5798339247703552,0.3356933295726776,93.33334350585938,61925.0,1.0
364197.90625,356198.125,361140.8125,312016.34375,323187.8125,345202.3125,314965.96875,342330.75,-0.033935546875,0.95361328125,-0.287109375,-0.5798339247703552,0.5798339247703552,0.3662109076976776,93.33334350585938,61926.0,1.0
364184.15625,356168.0,360966.28125,312023.03125,323040.75,345167.8125,314893.1875,342298.5625,-0.03271484375,0.952392578125,-0.28564453125,-0.5187987685203552,0.6103515028953552,0.4577636420726776,93.33334350585938,61927.0,1.0
364206.59375,356192.78125,361066.34375,312033.40625,323097.0625,345193.125,314914.09375,342349.4375,-0.03125,0.950439453125,-0.28515625,-0.4577636420726776,0.5798339247703552,0.4272460639476776,93.33334350585938,61928.0,1.0
364221.59375,356222.71875,361248.65625,312027.0625,323249.25,345227.71875,314982.6875,342385.65625,-0.0322265625,0.94921875,-0.287353515625,-0.4882812201976776,0.6103515028953552,0.3662109076976776,93.33334350585938,61929.0,1.0
364197.09375,356198.3125,361168.90625,312010.0625,323209.0,345203.40625,314966.65625,342340.5,-0.033447265625,0.950439453125,-0.286376953125,-0.5187987685203552,0.6103515028953552,0.4272460639476776,93.33334350585938,61930.0,1.0
364174.84375,356166.03125,360974.4375,312010.53125,323050.9375,345168.25,314897.46875,342298.9375,-0.03466796875,0.949462890625,-0.283203125,-0.5493163466453552,0.6713866591453552,0.5493163466453552,93.33334350585938,61931.0,1.0
364191.46875,356181.6875,361021.1875,312013.46875,323064.1875,345184.1875,314899.78125,342332.1875,-0.034423828125,0.947998046875,-0.283203125,-0.5187987685203552,0.6408690810203552,0.5187987685203552,93.33334350585938,61932.0,1.0
364214.90625,356219.21875,361225.40625,312009.4375,323226.0,345230.84375,314975.875,342380.28125,-0.034423828125,0.947998046875,-0.28369140625,-0.4882812201976776,0.5798339247703552,0.4577636420726776,93.33334350585938,61933.0,1.0
364199.625,356207.25,361201.15625,312000.40625,323231.375,345222.53125,314981.6875,342353.8125,-0.034423828125,0.947021484375,-0.28515625,-0.3967284858226776,0.6103515028953552,0.4577636420726776,93.33334350585938,61934.0,1.0
364171.1875,356171.65625,361000.1875,312005.59375,323075.78125,345186.84375,314914.5625,342310.28125,-0.034423828125,0.949462890625,-0.285400390625,-0.3967284858226776,0.5798339247703552,0.4577636420726776,93.33334350585938,61935.0,1.0
364172.59375,356174.53125,360992.65625,312013.5625,323045.84375,345192.40625,314898.90625,342335.75,-0.033935546875,0.951171875,-0.285888671875,-0.4272460639476776,0.5493163466453552,0.3967284858226776,93.33334350585938,61936.0,1.0
364192.1875,356205.375,361191.875,312012.125,323198.09375,345231.125,314970.34375,342390.21875,-0.032470703125,0.954345703125,-0.284423828125,-0.3356933295726776,0.5798339247703552,0.3662109076976776,93.33334350585938,61937.0,1.0
364180.5625,356200.1875,361219.9375,312001.5,323242.09375,345229.6875,314996.25,342375.8125,-0.0322265625,0.9560546875,-0.287109375,-0.3662109076976776,0.5798339247703552,0.3662109076976776,93.33334350585938,61938.0,1.0
364160.28125,356173.71875,361033.34375,312010.4375,323105.03125,345199.375,314942.4375,342331.65625,-0.031494140625,0.955078125,-0.284423828125,-0.4577636420726776,0.6103515028953552,0.4577636420726776,93.33334350585938,61939.0,1.0
364162.3125,356171.65625,360974.53125,312016.15625,323037.34375,345189.28125,314905.4375,342332.4375,-0.030517578125,0.951416015625,-0.283935546875,-0.3967284858226776,0.6408690810203552,0.5187987685203552,93.33334350585938,61940.0,1.0
364194.15625,356212.09375,361166.9375,312023.21875,323180.59375,345229.15625,314969.4375,342388.15625,-0.02880859375,0.948974609375,-0.286376953125,-0.3967284858226776,0.6408690810203552,0.5187987685203552,93.33334350585938,61941.0,1.0
364196.75,356223.0625,361252.5625,312022.0625,323267.5625,345241.65625,315015.03125,342390.65625,-0.028076171875,0.9482421875,-0.2890625,-0.3967284858226776,0.7324218153953552,0.6103515028953552,93.33334350585938,61942.0,1.0
364165.625,356183.8125,361069.5625,312013.125,323134.34375,345196.4375,314953.96875,342324.84375,-0.02783203125,0.948486328125,-0.286865234375,-0.3051757514476776,0.7629393935203552,0.6408690810203552,93.33334350585938,61943.0,1.0
364160.8125,356169.96875,360965.75,312017.75,323031.375,345173.90625,314898.90625,342307.0625,-0.027099609375,0.948974609375,-0.28662109375,-0.3662109076976776,0.9155272841453552,0.5798339247703552,93.33334350585938,61944.0,1.0
364188.34375,356199.90625,361129.375,312019.71875,323143.5625,345205.53125,314943.0625,342355.59375,-0.029296875,0.950439453125,-0.28955078125,-0.3662109076976776,0.9460448622703552,0.5798339247703552,93.33334350585938,61945.0,1.0
364199.6875,356217.4375,361253.1875,312014.1875,323259.15625,345224.5,314996.09375,342367.84375,-0.027587890625,0.950927734375,-0.290771484375,-0.2441406100988388,0.9765624403953552,0.5798339247703552,93.33334350585938,61946.0,1.0
364168.9375,356184.1875,361098.78125,312006.5,323153.125,345185.53125,314947.625,342307.3125,-0.02783203125,0.94775390625,-0.28857421875,-0.2746581733226776,0.9765624403953552,0.5493163466453552,93.33334350585938,61947.0,1.0
364156.0625,356165.0625,360953.6875,312015.53125,323024.375,345161.5625,314884.0625,342284.4375,-0.031005859375,0.9453125,-0.2861328125,-0.1831054538488388,1.0070799589157104,0.4882812201976776,93.33334350585938,61948.0,1.0
364181.28125,356194.09375,361088.0625,312028.75,323112.0,345196.15625,314918.84375,342339.25,-0.032958984375,0.946533203125,-0.2841796875,-0.2136230319738388,1.0070799589157104,0.4272460639476776,93.33334350585938,61949.0,1.0
364191.21875,356213.5,361246.59375,312019.0,323248.0,345224.59375,314983.375,342368.75,-0.033203125,0.9482421875,-0.283935546875,-0.1831054538488388,1.0375975370407104,0.3662109076976776,93.33334350585938,61950.0,1.0
364166.625,356186.96875,361133.40625,312007.375,323178.4375,345197.3125,314953.4375,342318.59375,-0.035400390625,0.94921875,-0.2841796875,-0.1525878757238388,0.9765624403953552,0.1525878757238388,93.33334350585938,61951.0,1.0
364150.4375,356161.28125,360959.15625,312010.96875,323033.3125,345170.125,314886.90625,342287.3125,-0.03759765625,0.9521484375,-0.286376953125,-0.1831054538488388,0.8544921278953552,0.03051757626235485,93.33334350585938,61952.0,1.0
364166.53125,356181.15625,361044.53125,312011.9375,323077.84375,345191.875,314907.125,342331.03125,-0.0380859375,0.95458984375,-0.28662109375,-0.1220703050494194,0.7324218153953552,-0.1525878757238388,93.33334350585938,61953.0,1.0
364176.375,356205.09375,361225.5625,311998.90625,323226.53125,345223.5,314977.9375,342368.65625,-0.036376953125,0.955810546875,-0.287109375,-0.2441406100988388,0.5493163466453552,-0.3967284858226776,93.33334350585938,61954.0,1.0
364158.5625,356189.625,361163.78125,311990.65625,323201.40625,345214.3125,314980.09375,342342.28125,-0.036865234375,0.958251953125,-0.290283203125,-0.3356933295726776,0.3967284858226776,-0.5798339247703552,93.33334350585938,61955.0,1.0
364133.4375,356157.4375,360971.65625,311990.9375,323045.5,345183.5625,314916.0625,342306.34375,-0.035888671875,0.96044921875,-0.29150390625,-0.5187987685203552,0.3967284858226776,-0.6713866591453552,93.33334350585938,61956.0,1.0
364141.59375,356165.78125,361006.875,311991.65625,323051.3125,345193.21875,314915.53125,342340.59375,-0.033447265625,0.959228515625,-0.291259765625,-0.5798339247703552,0.3051757514476776,-0.8239745497703552,93.33334350585938,61957.0,1.0
364164.75,356202.59375,361209.9375,311995.0625,323214.5625,345233.875,314991.71875,342394.15625,-0.0341796875,0.957763671875,-0.288330078125,-0.7019042372703552,0.2136230319738388,-0.8544921278953552,93.33334350585938,61958.0,1.0
364151.40625,356195.4375,361199.375,311991.75,323230.375,345227.8125,315006.0,342371.625,-0.032958984375,0.9580078125,-0.28564453125,-0.8239745497703552,0.2441406100988388,-0.8850097060203552,93.33334350585938,61959.0,1.0
364130.6875,356159.34375,360997.15625,311991.9375,323071.59375,345183.71875,314930.5625,342314.3125,-0.031494140625,0.955078125,-0.28857421875,-0.9460448622703552,0.2746581733226776,-0.7324218153953552,93.33334350585938,61960.0,1.0
364148.03125,356165.59375,360990.625,312005.0625,323041.71875,345184.09375,314912.84375,342334.3125,-0.032958984375,0.954345703125,-0.28955078125,-0.9460448622703552,0.2746581733226776,-0.6408690810203552,93.33334350585938,61961.0,1.0
364185.40625,356208.0625,361199.125,312014.53125,323202.03125,345226.5625,314986.53125,342390.65625,-0.031005859375,0.952880859375,-0.289306640625,-0.8850097060203552,0.3356933295726776,-0.4882812201976776,93.33334350585938,61962.0,1.0
364192.53125,356218.25,361246.3125,312014.53125,323263.0,345236.9375,315020.6875,342381.53125,-0.0341796875,0.950927734375,-0.286865234375,-0.9155272841453552,0.3356933295726776,-0.3662109076976776,93.33334350585938,61963.0,1.0
364169.65625,356185.875,361054.375,312015.0,323122.46875,345196.78125,314954.25,342323.0625,-0.03466796875,0.948974609375,-0.285400390625,-0.9155272841453552,0.3356933295726776,-0.2441406100988388,93.33334350585938,61964.0,1.0
364172.59375,356185.0,360994.8125,312025.90625,323055.78125,345191.0625,314918.75,342325.84375,-0.03466796875,0.94921875,-0.284423828125,-0.8239745497703552,0.3662109076976776,-0.0610351525247097,93.33334350585938,61965.0,1.0
364202.90625,356227.09375,361190.25,312035.375,323199.71875,345235.3125,314982.75,342383.40625,-0.034912109375,0.947509765625,-0.284912109375,-0.8544921278953552,0.3662109076976776,-0.03051757626235485,93.33334350585938,61966.0,1.0
364202.03125,356237.375,361277.0,312028.21875,323287.15625,345250.4375,315025.0625,342380.09375,-0.03466796875,0.94873046875,-0.285888671875,-0.9155272841453552,0.3051757514476776,0.0610351525247097,93.33334350585938,61967.0,1.0
364175.46875,356203.40625,361100.3125,312021.25,323160.28125,345212.78125,314968.375,342319.75,-0.03515625,0.94873046875,-0.284423828125,-0.8239745497703552,0.2136230319738388,0.2441406100988388,93.33334350585938,61968.0,1.0
364174.65625,356188.125,360990.78125,312032.0625,323055.5,345193.21875,314913.375,342310.1875,-0.036865234375,0.948974609375,-0.285400390625,-0.9460448622703552,0.2746581733226776,0.3967284858226776,93.33334350585938,61969.0,1.0
364198.28125,356210.8125,361147.0,312029.84375,323161.0,345217.625,314950.75,342354.4375,-0.035888671875,0.94873046875,-0.284912109375,-0.9155272841453552,0.2136230319738388,0.5187987685203552,93.33334350585938,61970.0,1.0
364195.6875,356217.8125,361262.5,312011.6875,323264.71875,345226.90625,314994.46875,342359.8125,-0.0380859375,0.947998046875,-0.2861328125,-0.9460448622703552,0.2136230319738388,0.5798339247703552,93.33334350585938,61971.0,1.0
364161.875,356177.375,361103.4375,311999.0,323156.09375,345186.15625,314941.625,342302.0625,-0.036865234375,0.9482421875,-0.284423828125,-0.8544921278953552,0.03051757626235485,0.5798339247703552,93.33334350585938,61972.0,1.0
364143.8125,356148.34375,360946.625,312000.15625,323016.96875,345152.0625,314875.375,342278.34375,-0.03564453125,0.948486328125,-0.286376953125,-0.9155272841453552,-0.03051757626235485,0.6408690810203552,93.33334350585938,61973.0,1.0
364160.375,356169.625,361068.65625,312001.84375,323092.34375,345180.0625,314908.90625,342332.0,-0.0361328125,0.94970703125,-0.284912109375,-0.9765624403953552,-0.0610351525247097,0.5493163466453552,93.33334350585938,61974.0,1.0
364170.46875,356191.15625,361231.5625,311995.3125,323232.25,345211.0,314981.15625,342367.5,-0.0341796875,0.95068359375,-0.28466796875,-1.0375975370407104,-0.03051757626235485,0.5187987685203552,93.33334350585938,61975.0,1.0
364140.0625,356163.1875,361123.21875,311984.84375,323167.71875,345188.28125,314961.5,342326.625,-0.033447265625,0.9521484375,-0.28369140625,-1.0070799589157104,-0.1220703050494194,0.4882812201976776,93.33334350585938,61976.0,1.0
364114.0625,356129.90625,360944.46875,311985.40625,323017.40625,345158.25,314899.96875,342294.09375,-0.0322265625,0.95068359375,-0.28466796875,-1.1901854276657104,-0.03051757626235485,0.3967284858226776,93.33334350585938,61977.0,1.0
364136.84375,356154.59375,361029.15625,311999.25,323062.65625,345184.09375,314921.53125,342338.625,-0.03173828125,0.951171875,-0.283935546875,-1.2512205839157104,0.03051757626235485,0.4577636420726776,93.33334350585938,61978.0,1.0
364161.0625,356186.78125,361225.5625,312003.71875,323223.125,345223.25,314994.75,342384.84375,-0.03125,0.9501953125,-0.2861328125,-1.1901854276657104,0.0610351525247097,0.3967284858226776,93.33334350585938,61979.0,1.0
364146.59375,356168.71875,361168.0,311996.03125,323200.96875,345208.03125,314989.125,342349.15625,-0.030517578125,0.94775390625,-0.285400390625,-1.1901854276657104,0.03051757626235485,0.3356933295726776,93.33334350585938,61980.0,1.0
364127.90625,356138.3125,360970.84375,311996.46875,323042.8125,345172.1875,314918.03125,342302.59375,-0.029052734375,0.947998046875,-0.287841796875,-1.2512205839157104,0.2136230319738388,0.2441406100988388,93.33334350585938,61981.0,1.0
364146.21875,356153.4375,361008.3125,312004.4375,323050.3125,345186.5,314913.5625,342333.53125,-0.026611328125,0.947998046875,-0.28466796875,-1.0681151151657104,0.2441406100988388,0.2746581733226776,93.33334350585938,61982.0,1.0
364170.09375,356186.34375,361210.71875,312002.90625,323209.09375,345225.65625,314980.34375,342381.1875,-0.027099609375,0.947509765625,-0.28271484375,-1.0681151151657104,0.3662109076976776,0.2746581733226776,93.33334350585938,61983.0,1.0
364159.1875,356180.96875,361204.375,311997.09375,323227.875,345222.34375,314993.3125,342359.71875,-0.0283203125,0.947509765625,-0.28564453125,-0.9155272841453552,0.4577636420726776,0.3051757514476776,93.33334350585938,61984.0,1.0
364139.53125,356158.625,361014.5,312004.4375,323085.0,345190.78125,314934.40625,342316.1875,-0.02783203125,0.9482421875,-0.28466796875,-0.7934569716453552,0.5187987685203552,0.2441406100988388,93.33334350585938,61985.0,1.0
364149.90625,356167.03125,360999.375,312015.0,323051.375,345192.65625,314913.21875,342333.15625,-0.03076171875,0.94677734375,-0.285888671875,-0.8544921278953552,0.5798339247703552,0.1525878757238388,93.33334350585938,61986.0,1.0
364176.46875,356199.75,361199.125,312013.125,323200.59375,345228.78125,314974.375,342378.75,-0.02978515625,0.948486328125,-0.286865234375,-0.8850097060203552,0.7019042372703552,0.2136230319738388,93.33334350585938,61987.0,1.0
364174.84375,356202.15625,361241.125,312009.53125,323258.375,345234.40625,315004.40625,342373.3125,-0.030029296875,0.94677734375,-0.283935546875,-0.9765624403953552,0.7934569716453552,0.1525878757238388,93.33334350585938,61988.0,1.0
364152.9375,356168.8125,361049.8125,312013.375,323116.9375,345197.125,314943.59375,342319.3125,-0.03125,0.95068359375,-0.28369140625,-0.8239745497703552,0.7629393935203552,0.0915527269244194,93.33334350585938,61989.0,1.0
364152.21875,356155.5,360974.96875,312013.46875,323034.65625,345179.71875,314898.625,342312.34375,-0.032958984375,0.952392578125,-0.28564453125,-0.7629393935203552,0.8544921278953552,0.0915527269244194,93.33334350585938,61990.0,1.0
364178.15625,356188.21875,361157.625,312011.6875,323166.1875,345214.9375,314953.875,342371.0,-0.032470703125,0.951416015625,-0.285400390625,-0.7019042372703552,0.7629393935203552,0.0915527269244194,93.33334350585938,61991.0,1.0
364182.0,356199.75,361254.0,312005.4375,323263.625,345231.84375,315004.3125,342383.84375,-0.034423828125,0.95068359375,-0.28564453125,-0.6713866591453552,0.7019042372703552,0.0,93.33334350585938,61992.0,1.0
364149.4375,356162.1875,361076.625,311999.34375,323137.21875,345194.8125,314949.40625,342326.28125,-0.034912109375,0.951416015625,-0.283447265625,-0.7934569716453552,0.7629393935203552,0.0,93.33334350585938,61993.0,1.0
364136.3125,356142.25,360957.96875,312001.3125,323023.75,345175.5,314895.6875,342311.96875,-0.035888671875,0.95263671875,-0.28515625,-0.7629393935203552,0.8239745497703552,0.0610351525247097,93.33334350585938,61994.0,1.0
364163.40625,356176.125,361115.96875,312003.0,323132.3125,345212.0625,314945.75,342365.8125,-0.03662109375,0.95263671875,-0.28515625,-0.7934569716453552,0.7019042372703552,0.0,93.33334350585938,61995.0,1.0
364172.15625,356194.65625,361249.625,311997.375,323253.53125,345238.09375,315006.1875,342386.1875,-0.03662109375,0.9521484375,-0.283935546875,-0.8544921278953552,0.6713866591453552,-0.1220703050494194,93.33334350585938,61996.0,1.0
364142.5625,356162.625,361107.03125,311989.59375,323158.59375,345207.875,314968.1875,342332.28125,-0.03955078125,0.955078125,-0.289306640625,-0.8850097060203552,0.5798339247703552,-0.03051757626235485,93.33334350585938,61997.0,1.0
364127.1875,356138.59375,360951.71875,311995.40625,323020.4375,345175.875,314899.875,342305.0,-0.037841796875,0.95703125,-0.285888671875,-0.9460448622703552,0.5187987685203552,-0.1220703050494194,93.33334350585938,61998.0,1.0
364150.0,356166.125,361072.25,312004.0,323095.8125,345200.71875,314927.6875,342352.125,-0.038818359375,0.95654296875,-0.28515625,-1.0070799589157104,0.3051757514476776,0.0,93.33334350585938,61999.0,1.0
364166.09375,356192.3125,361241.125,311999.4375,323240.84375,345236.65625,314998.3125,342387.0625,-0.03564453125,0.95361328125,-0.28564453125,-1.0375975370407104,0.3051757514476776,0.03051757626235485,93.33334350585938,62000.0,1.0
364143.28125,356168.625,361142.15625,311988.625,323185.59375,345214.21875,314978.90625,342343.8125,-0.032470703125,0.953369140625,-0.28857421875,-1.0681151151657104,0.4272460639476776,-0.03051757626235485,93.33334350585938,62001.0,1.0
364130.40625,356146.1875,360967.09375,311999.15625,323041.375,345186.3125,314916.5,342313.9375,-0.03271484375,0.953125,-0.28662109375,-1.0070799589157104,0.5493163466453552,0.0915527269244194,93.33334350585938,62002.0,1.0
364145.78125,356160.65625,361041.125,312004.25,323074.46875,345201.78125,314924.28125,342346.65625,-0.034423828125,0.95361328125,-0.282958984375,-0.9765624403953552,0.5798339247703552,0.2441406100988388,93.33334350585938,62003.0,1.0
364164.375,356185.625,361228.34375,311999.34375,323226.1875,345233.34375,314991.53125,342387.15625,-0.033935546875,0.954345703125,-0.284912109375,-0.9765624403953552,0.4882812201976776,0.3662109076976776,93.33334350585938,62004.0,1.0
364150.625,356169.4375,361176.3125,311994.0625,323207.21875,345216.375,314988.65625,342356.0625,-0.03369140625,0.9541015625,-0.28466796875,-1.1291502714157104,0.5798339247703552,0.4882812201976776,93.33334350585938,62005.0,1.0
364130.0625,356134.03125,360980.59375,311997.5625,323049.0625,345174.96875,314915.34375,342307.9375,-0.034912109375,0.95263671875,-0.282958984375,-1.1291502714157104,0.5798339247703552,0.5187987685203552,93.33334350585938,62006.0,1.0
364147.125,356142.6875,361007.15625,312008.90625,323048.25,345182.46875,314909.1875,342333.875,-0.033447265625,0.9482421875,-0.285400390625,-1.0375975370407104,0.5493163466453552,0.5493163466453552,93.33334350585938,62007.0,1.0
364176.1875,356180.53125,361208.59375,312009.71875,323207.21875,345220.5625,314979.28125,342387.53125,-0.03369140625,0.945556640625,-0.282470703125,-0.8239745497703552,0.5187987685203552,0.5798339247703552,93.33334350585938,62008.0,1.0
364166.4375,356174.875,361209.9375,312000.9375,323231.09375,345215.375,314994.375,342363.5625,-0.033203125,0.944580078125,-0.284912109375,-0.7934569716453552,0.6103515028953552,0.5493163466453552,93.33334350585938,62009.0,1.0
364138.1875,356141.625,361005.28125,311995.5,323074.53125,345173.625,314925.625,342308.3125,-0.036865234375,0.947265625,-0.286376953125,-0.8850097060203552,0.6408690810203552,0.6408690810203552,93.33334350585938,62010.0,1.0
364149.09375,356151.1875,360983.09375,312005.875,323034.21875,345177.1875,314905.15625,342329.5,-0.038330078125,0.94970703125,-0.28564453125,-0.7934569716453552,0.5493163466453552,0.4577636420726776,93.33334350585938,62011.0,1.0
364175.03125,356190.25,361182.3125,312004.8125,323184.875,345216.71875,314968.8125,342374.75,-0.0390625,0.949462890625,-0.2880859375,-0.7324218153953552,0.4272460639476776,0.3967284858226776,93.33334350585938,62012.0,1.0
364166.8125,356194.46875,361228.71875,311994.96875,323244.15625,345222.53125,314997.78125,342365.09375,-0.0390625,0.9482421875,-0.28857421875,-0.7324218153953552,0.4272460639476776,0.3662109076976776,93.33334350585938,62013.0,1.0
364144.625,356165.40625,361046.21875,311999.4375,323110.21875,345190.15625,314942.875,342319.21875,-0.038818359375,0.947998046875,-0.291259765625,-0.7019042372703552,0.3662109076976776,0.2441406100988388,93.33334350585938,62014.0,1.0
364144.28125,356150.75,360964.6875,312006.75,323025.09375,345174.78125,314896.40625,342315.09375,-0.0380859375,0.947998046875,-0.287353515625,-0.6408690810203552,0.3356933295726776,0.1525878757238388,93.33334350585938,62015.0,1.0
364175.1875,356187.125,361148.78125,312011.0625,323157.96875,345216.4375,314954.0625,342374.125,-0.034912109375,0.947998046875,-0.28662109375,-0.5798339247703552,0.3051757514476776,0.03051757626235485,93.33334350585938,62016.0,1.0
364185.75,356204.125,361253.03125,312009.4375,323260.34375,345239.0625,315008.25,342388.875,-0.034912109375,0.94873046875,-0.284912109375,-0.4577636420726776,0.1831054538488388,-0.03051757626235485,93.33334350585938,62017.0,1.0
364155.625,356168.625,361079.75,312002.03125,323137.03125,345202.0625,314955.40625,342332.90625,-0.033447265625,0.948974609375,-0.2861328125,-0.4272460639476776,0.2746581733226776,-0.1525878757238388,93.33334350585938,62018.0,1.0
364145.59375,356151.625,360959.84375,312003.1875,323024.65625,345181.59375,314902.46875,342316.90625,-0.03173828125,0.949951171875,-0.287109375,-0.3967284858226776,0.3356933295726776,-0.03051757626235485,93.33334350585938,62019.0,1.0
364169.65625,356182.03125,361111.125,312004.4375,323125.6875,345211.53125,314944.0625,342366.15625,-0.0302734375,0.950927734375,-0.28662109375,-0.3967284858226776,0.4272460639476776,0.0,93.33334350585938,62020.0,1.0
364181.71875,356206.0,361252.125,312001.65625,323252.5625,345237.8125,315006.5625,342390.21875,-0.03271484375,0.95068359375,-0.285888671875,-0.4272460639476776,0.4272460639476776,0.0,93.33334350585938,62021.0,1.0
364151.0625,356174.53125,361113.8125,311995.9375,323163.15625,345206.0,314969.25,342340.125,-0.032958984375,0.95166015625,-0.285888671875,-0.4577636420726776,0.4577636420726776,0.0610351525247097,93.33334350585938,62022.0,1.0
364138.0,356150.375,360957.25,312004.34375,323027.5,345178.71875,314906.5,342314.125,-0.033447265625,0.95263671875,-0.285400390625,-0.4577636420726776,0.4882812201976776,0.1831054538488388,93.33334350585938,62023.0,1.0
364157.5,356174.15625,361071.71875,312007.03125,323094.40625,345203.3125,314930.8125,342358.8125,-0.0341796875,0.9541015625,-0.28857421875,-0.4577636420726776,0.4577636420726776,0.2441406100988388,93.33334350585938,62024.0,1.0
364175.375,356202.25,361243.46875,312002.75,323240.03125,345233.96875,314997.59375,342391.5625,-0.0361328125,0.953369140625,-0.285888671875,-0.5187987685203552,0.5493163466453552,0.2441406100988388,93.33334350585938,62025.0,1.0
364159.46875,356184.8125,361151.90625,312000.9375,323190.15625,345212.78125,314981.15625,342356.6875,-0.034912109375,0.952392578125,-0.28662109375,-0.4577636420726776,0.5798339247703552,0.3356933295726776,93.33334350585938,62026.0,1.0
364144.625,356157.71875,360972.375,312006.40625,323042.28125,345179.96875,314913.125,342319.125,-0.03466796875,0.951171875,-0.2880859375,-0.4272460639476776,0.5798339247703552,0.4272460639476776,93.33334350585938,62027.0,1.0
364163.9375,356174.25,361039.53125,312013.90625,323072.9375,345196.15625,314920.8125,342351.5,-0.034423828125,0.950927734375,-0.28857421875,-0.4882812201976776,0.6103515028953552,0.3967284858226776,93.33334350585938,62028.0,1.0
364186.75,356207.25,361231.5625,312009.09375,323227.875,345231.90625,314993.03125,342394.9375,-0.0341796875,0.951904296875,-0.288330078125,-0.6103515028953552,0.5798339247703552,0.4882812201976776,93.33334350585938,62029.0,1.0
364175.5625,356193.46875,361189.71875,312000.59375,323216.78125,345217.6875,314994.46875,342364.1875,-0.03369140625,0.951416015625,-0.287841796875,-0.6103515028953552,0.6408690810203552,0.5493163466453552,93.33334350585938,62030.0,1.0
364154.90625,356161.03125,360993.65625,312007.46875,323061.65625,345180.15625,314924.5625,342323.0625,-0.03515625,0.951171875,-0.288818359375,-0.6408690810203552,0.6103515028953552,0.5493163466453552,93.33334350585938,62031.0,1.0
364164.84375,356168.90625,361014.3125,312014.53125,323053.71875,345187.46875,314913.5625,342348.28125,-0.034912109375,0.951904296875,-0.2861328125,-0.7324218153953552,0.4577636420726776,0.5493163466453552,93.33334350585938,62032.0,1.0
364180.65625,356195.09375,361209.65625,312007.5625,323206.59375,345220.375,314977.59375,342391.375,-0.03466796875,0.952392578125,-0.287841796875,-0.7324218153953552,0.4272460639476776,0.5493163466453552,93.33334350585938,62033.0,1.0
364179.5,356199.90625,361224.9375,312012.75,323244.0625,345229.25,315006.8125,342387.0,-0.0361328125,0.953369140625,-0.28564453125,-0.7629393935203552,0.4272460639476776,0.5493163466453552,93.33334350585938,62034.0,1.0
364149.375,356161.5625,361023.96875,312010.59375,323088.9375,345189.625,314938.0625,342330.46875,-0.033203125,0.953857421875,-0.286376953125,-0.8850097060203552,0.4882812201976776,0.5493163466453552,93.33334350585938,62035.0,1.0
364154.0,356163.09375,360990.15625,312017.40625,323040.75,345190.0,314910.34375,342341.40625,-0.032958984375,0.95458984375,-0.2861328125,-1.0681151151657104,0.4577636420726776,0.4577636420726776,93.33334350585938,62036.0,1.0
364183.96875,356203.3125,361188.03125,312020.8125,323189.15625,345232.46875,314980.25,342392.71875,-0.03271484375,0.95361328125,-0.2861328125,-1.1291502714157104,0.4272460639476776,0.3967284858226776,93.33334350585938,62037.0,1.0
364185.125,356210.1875,361248.375,312013.46875,323258.53125,345243.8125,315021.3125,342387.96875,-0.031005859375,0.952880859375,-0.285400390625,-1.1901854276657104,0.5187987685203552,0.3051757514476776,93.33334350585938,62038.0,1.0
364157.78125,356174.4375,361056.59375,312002.28125,323116.375,345205.375,314958.34375,342329.59375,-0.029296875,0.952880859375,-0.285888671875,-1.2512205839157104,0.5493163466453552,0.3051757514476776,93.33334350585938,62039.0,1.0
364159.90625,356169.625,360975.40625,312011.0625,323031.53125,345193.90625,314915.875,342330.3125,-0.030029296875,0.950927734375,-0.287353515625,-1.2817381620407104,0.5187987685203552,0.2746581733226776,93.33334350585938,62040.0,1.0
364185.5625,356200.90625,361154.21875,312014.09375,323157.15625,345229.25,314969.96875,342387.625,-0.03076171875,0.949462890625,-0.287109375,-1.2512205839157104,0.6103515028953552,0.2746581733226776,93.33334350585938,62041.0,1.0
364186.09375,356206.90625,361251.6875,312004.71875,323252.5625,345240.84375,315017.28125,342394.15625,-0.030029296875,0.951171875,-0.288818359375,-1.4038084745407104,0.5187987685203552,0.2441406100988388,93.33334350585938,62042.0,1.0
364154.28125,356168.625,361079.65625,311996.75,323130.6875,345201.15625,314964.25,342330.3125,-0.031494140625,0.95068359375,-0.28759765625,-1.4953612089157104,0.6713866591453552,0.2136230319738388,93.33334350585938,62043.0,1.0
364146.21875,356148.15625,360951.90625,312003.8125,323013.46875,345173.90625,314905.96875,342313.5,-0.031982421875,0.94775390625,-0.28662109375,-1.4038084745407104,0.6408690810203552,0.1831054538488388,93.33334350585938,62044.0,1.0
364173.78125,356179.1875,361102.46875,312009.34375,323114.96875,345202.15625,314948.6875,342367.0625,-0.03271484375,0.9482421875,-0.284423828125,-1.4038084745407104,0.7019042372703552,0.1220703050494194,93.33334350585938,62045.0,1.0
364186.375,356201.96875,361246.59375,312002.21875,323244.5,345228.53125,315010.40625,342387.0,-0.0322265625,0.947509765625,-0.28515625,-1.2817381620407104,0.7629393935203552,0.1525878757238388,93.33334350585938,62046.0,1.0
364166.15625,356178.5625,361119.90625,311999.0625,323163.15625,345205.09375,314978.65625,342340.5,-0.0322265625,0.94873046875,-0.285400390625,-1.3732908964157104,0.6713866591453552,0.0915527269244194,93.33334350585938,62047.0,1.0
364155.09375,356154.5,360962.09375,312005.875,323027.5,345177.125,314914.90625,342313.75,-0.031494140625,0.94775390625,-0.28759765625,-1.3732908964157104,0.7324218153953552,0.0915527269244194,93.33334350585938,62048.0,1.0
364176.46875,356174.09375,361071.25,312009.71875,323093.0625,345200.90625,314938.40625,342357.3125,-0.03271484375,0.947021484375,-0.28564453125,-1.3122557401657104,0.7324218153953552,0.03051757626235485,93.33334350585938,62049.0,1.0
364199.0625,356201.71875,361246.5,312007.375,323241.03125,345235.21875,315006.1875,342392.8125,-0.034912109375,0.947998046875,-0.282958984375,-1.2207030057907104,0.6713866591453552,-0.03051757626235485,93.33334350585938,62050.0,1.0
364181.375,356177.65625,361157.4375,311998.8125,323190.5,345210.46875,314988.03125,342349.96875,-0.035400390625,0.947998046875,-0.28466796875,-1.1901854276657104,0.6408690810203552,-0.0915527269244194,93.33334350585938,62051.0,1.0
364165.0,356148.78125,360972.375,312006.3125,323038.25,345176.75,314919.28125,342317.34375,-0.035400390625,0.949462890625,-0.28466796875,-1.1291502714157104,0.4882812201976776,-0.0610351525247097,93.33334350585938,62052.0,1.0
364186.90625,356171.84375,361039.875,312016.78125,323071.0625,345197.3125,314928.75,342359.28125,-0.036376953125,0.94970703125,-0.283447265625,-1.1596678495407104,0.5187987685203552,-0.0610351525247097,93.33334350585938,62053.0,1.0
364204.71875,356203.3125,361233.1875,312013.1875,323228.0625,345236.65625,314999.65625,342403.96875,-0.036376953125,0.951171875,-0.28515625,-1.1901854276657104,0.5187987685203552,-0.0610351525247097,93.33334350585938,62054.0,1.0
364183.34375,356186.96875,361192.75,312000.59375,323217.3125,345221.625,314999.03125,342366.5,-0.036376953125,0.951416015625,-0.28515625,-1.1596678495407104,0.5187987685203552,-0.03051757626235485,93.33334350585938,62055.0,1.0
364164.46875,356159.25,361000.1875,312004.09375,323066.3125,345190.0,314933.78125,342317.6875,-0.036865234375,0.951904296875,-0.283203125,-1.0681151151657104,0.4577636420726776,0.0610351525247097,93.33334350585938,62056.0,1.0
364181.625,356173.71875,361015.90625,312017.59375,323057.46875,345204.46875,314928.40625,342349.78125,-0.036376953125,0.952880859375,-0.284912109375,-1.1291502714157104,0.3967284858226776,0.1220703050494194,93.33334350585938,62057.0,1.0
364215.0625,356214.6875,361221.28125,312022.3125,323217.25,345249.0,315002.4375,342406.125,-0.034423828125,0.953369140625,-0.2861328125,-1.1291502714157104,0.3662109076976776,0.1220703050494194,93.33334350585938,62058.0,1.0
364208.0,356207.59375,361235.6875,312015.09375,323250.5,345243.375,315020.5,342389.125,-0.03466796875,0.954345703125,-0.28515625,-1.0681151151657104,0.3356933295726776,0.1220703050494194,93.33334350585938,62059.0,1.0
364183.34375,356170.875,361035.40625,312012.3125,323096.09375,345199.09375,314949.40625,342331.90625,-0.034423828125,0.95458984375,-0.283203125,-1.1291502714157104,0.3051757514476776,0.1831054538488388,93.33334350585938,62060.0,1.0
364192.53125,356170.59375,360993.03125,312019.71875,323040.125,345194.46875,314915.34375,342332.4375,-0.035400390625,0.954833984375,-0.28564453125,-1.2207030057907104,0.2136230319738388,0.2441406100988388,93.33334350585938,62061.0,1.0
364219.46875,356204.9375,361185.34375,312021.0625,323183.8125,345228.625,314974.4375,342384.75,-0.03515625,0.954345703125,-0.28515625,-1.1901854276657104,0.2746581733226776,0.2746581733226776,93.33334350585938,62062.0,1.0
364216.15625,356206.90625,361245.6875,312010.0625,323251.9375,345232.90625,315007.09375,342382.34375,-0.034423828125,0.95263671875,-0.28271484375,-1.1901854276657104,0.2746581733226776,0.3967284858226776,93.33334350585938,62063.0,1.0
364192.8125,356178.09375,361064.375,312011.40625,323120.5,345199.09375,314953.0,342331.03125,-0.034423828125,0.95361328125,-0.281494140625,-1.2512205839157104,0.1831054538488388,0.4272460639476776,93.33334350585938,62064.0,1.0
364190.21875,356170.0625,360975.25,312019.46875,323030.375,345183.90625,314908.46875,342326.5625,-0.033935546875,0.953857421875,-0.283447265625,-1.1901854276657104,0.3051757514476776,0.4882812201976776,93.33334350585938,62065.0,1.0
364218.03125,356206.0,361154.5,312026.6875,323157.96875,345222.8125,314964.625,342383.84375,-0.032958984375,0.951904296875,-0.2822265625,-1.3122557401657104,0.2441406100988388,0.5493163466453552,93.33334350585938,62066.0,1.0
364223.40625,356217.4375,361265.28125,312022.0625,323264.1875,345241.21875,315014.5,342396.90625,-0.03369140625,0.95166015625,-0.28125,-1.3122557401657104,0.1220703050494194,0.5493163466453552,93.33334350585938,62067.0,1.0
364195.59375,356181.40625,361100.40625,312013.03125,323149.09375,345201.4375,314963.28125,342335.21875,-0.03466796875,0.95068359375,-0.281494140625,-1.2817381620407104,0.2441406100988388,0.5493163466453552,93.33334350585938,62068.0,1.0
364193.8125,356167.71875,360971.84375,312022.21875,323033.15625,345180.34375,314905.53125,342318.21875,-0.034912109375,0.95068359375,-0.282958984375,-1.2512205839157104,0.2441406100988388,0.6103515028953552,93.33334350585938,62069.0,1.0
364220.25,356196.78125,361113.375,312027.96875,323126.3125,345206.34375,314940.46875,342368.03125,-0.031982421875,0.95263671875,-0.28515625,-1.1901854276657104,0.3051757514476776,0.6713866591453552,93.33334350585938,62070.0,1.0
364231.0,356219.21875,361260.71875,312018.21875,323253.625,345230.84375,315001.71875,342387.34375,-0.03271484375,0.951416015625,-0.28369140625,-1.1596678495407104,0.2441406100988388,0.5493163466453552,93.33334350585938,62071.0,1.0
364214.0,356198.84375,361139.5625,312013.375,323178.4375,345209.21875,314975.78125,342342.03125,-0.03369140625,0.952880859375,-0.2841796875,-1.0681151151657104,0.2441406100988388,0.3662109076976776,93.33334350585938,62072.0,1.0
364202.84375,356174.96875,360974.0625,312023.75,323038.59375,345181.03125,314911.40625,342315.90625,-0.033447265625,0.950927734375,-0.28466796875,-1.0375975370407104,0.2746581733226776,0.3967284858226776,93.33334350585938,62073.0,1.0
364224.46875,356198.40625,361081.0,312028.65625,323101.28125,345205.28125,314932.78125,342356.59375,-0.0322265625,0.948486328125,-0.283203125,-1.0070799589157104,0.3051757514476776,0.3051757514476776,93.33334350585938,62074.0,1.0
364251.28125,356234.34375,361270.0,312033.84375,323261.75,345247.03125,315008.4375,342399.78125,-0.031982421875,0.95068359375,-0.280029296875,-0.9765624403953552,0.3356933295726776,0.3356933295726776,93.33334350585938,62075.0,1.0
364234.84375,356217.34375,361194.46875,312029.125,323222.6875,345231.28125,314996.34375,342360.875,-0.031982421875,0.950927734375,-0.278564453125,-0.9460448622703552,0.3356933295726776,0.3967284858226776,93.33334350585938,62076.0,1.0
364216.59375,356190.34375,361006.4375,312031.71875,323069.8125,345198.40625,314926.96875,342321.09375,-0.032470703125,0.952880859375,-0.2841796875,-0.8850097060203552,0.3051757514476776,0.3662109076976776,93.33334350585938,62077.0,1.0
364231.0,356202.34375,361059.625,312037.4375,323088.3125,345211.34375,314929.125,342356.84375,-0.03125,0.95068359375,-0.282958984375,-0.8239745497703552,0.3967284858226776,0.2746581733226776,93.33334350585938,62078.0,1.0
364253.25,356235.0625,361259.625,312037.875,323248.34375,345250.0625,315001.375,342405.3125,-0.030517578125,0.95166015625,-0.283935546875,-0.7019042372703552,0.4272460639476776,0.2441406100988388,93.33334350585938,62079.0,1.0
364237.59375,356222.625,361224.59375,312027.6875,323243.875,345236.9375,315004.9375,342376.09375,-0.031005859375,0.953125,-0.284912109375,-0.6103515028953552,0.5187987685203552,0.2136230319738388,93.33334350585938,62080.0,1.0
364209.4375,356183.125,361018.5,312020.09375,323080.09375,345191.59375,314930.09375,342327.71875,-0.030517578125,0.949462890625,-0.2861328125,-0.5798339247703552,0.5493163466453552,0.1831054538488388,93.33334350585938,62081.0,1.0
364217.75,356186.5,361020.46875,312022.59375,323058.1875,345191.78125,314910.875,342343.4375,-0.030517578125,0.950439453125,-0.283447265625,-0.6103515028953552,0.6103515028953552,0.1831054538488388,93.33334350585938,62082.0,1.0
364247.96875,356225.5,361224.875,312027.6875,323218.21875,345233.34375,314983.46875,342394.15625,-0.030517578125,0.9501953125,-0.279541015625,-0.6408690810203552,0.6103515028953552,0.1525878757238388,93.33334350585938,62083.0,1.0
364238.6875,356223.78125,361241.65625,312020.71875,323253.8125,345231.46875,315001.4375,342374.46875,-0.032470703125,0.95166015625,-0.282470703125,-0.6408690810203552,0.6713866591453552,0.1525878757238388,93.33334350585938,62084.0,1.0
364209.96875,356188.75,361044.4375,312019.625,323103.5,345194.53125,314935.5625,342319.5625,-0.0322265625,0.951171875,-0.279541015625,-0.5187987685203552,0.7324218153953552,0.1220703050494194,93.33334350585938,62085.0,1.0
364214.09375,356183.90625,360997.9375,312029.375,323046.1875,345191.96875,314906.59375,342331.375,-0.03173828125,0.95068359375,-0.27978515625,-0.5187987685203552,0.7629393935203552,0.1220703050494194,93.33334350585938,62086.0,1.0
364243.59375,356221.46875,361194.375,312033.125,323191.9375,345236.46875,314975.6875,342392.34375,-0.030517578125,0.95166015625,-0.281005859375,-0.4272460639476776,0.7019042372703552,-0.03051757626235485,93.33334350585938,62087.0,1.0
364239.9375,356226.84375,361264.03125,312021.34375,323267.125,345246.3125,315014.6875,342388.96875,-0.031982421875,0.950439453125,-0.28271484375,-0.4577636420726776,0.6713866591453552,-0.03051757626235485,93.33334350585938,62088.0,1.0
364206.75,356190.625,361080.03125,312016.40625,323133.46875,345211.4375,314958.8125,342335.65625,-0.031982421875,0.9501953125,-0.2841796875,-0.5493163466453552,0.6713866591453552,-0.03051757626235485,93.33334350585938,62089.0,1.0
364198.71875,356174.4375,360981.0625,312020.875,323034.65625,345195.1875,314911.5,342326.90625,-0.03369140625,0.950927734375,-0.283447265625,-0.5187987685203552,0.7019042372703552,0.1220703050494194,93.33334350585938,62090.0,1.0
364225.1875,356205.65625,361150.03125,312020.875,323152.78125,345230.3125,314961.40625,342379.65625,-0.034423828125,0.951416015625,-0.284423828125,-0.3967284858226776,0.7019042372703552,0.03051757626235485,93.33334350585938,62091.0,1.0
364228.5625,356215.375,361260.90625,312012.125,323256.84375,345243.8125,315008.875,342392.0,-0.033935546875,0.94970703125,-0.2802734375,-0.4882812201976776,0.6103515028953552,0.0610351525247097,93.33334350585938,62092.0,1.0
364205.5,356183.375,361103.0,312005.59375,323148.21875,345204.1875,314957.1875,342329.40625,-0.034912109375,0.95068359375,-0.279541015625,-0.5187987685203552,0.6103515028953552,0.0,93.33334350585938,62093.0,1.0
364208.5625,356172.65625,360971.65625,312020.1875,323030.1875,345182.125,314899.96875,342307.5,-0.0341796875,0.951904296875,-0.28125,-0.3356933295726776,0.5798339247703552,0.0915527269244194,93.33334350585938,62094.0,1.0
364243.59375,356210.1875,361119.28125,312029.46875,323128.375,345218.5,314943.59375,342362.125,-0.035888671875,0.94970703125,-0.2841796875,-0.3662109076976776,0.6408690810203552,0.0610351525247097,93.33334350585938,62095.0,1.0
364260.9375,356237.84375,361275.375,312023.03125,323266.40625,345248.28125,315008.6875,342392.53125,-0.03466796875,0.953125,-0.28466796875,-0.4272460639476776,0.5187987685203552,0.03051757626235485,93.33334350585938,62096.0,1.0
364241.09375,356215.03125,361158.78125,312019.8125,323195.15625,345221.90625,314977.3125,342346.40625,-0.031005859375,0.953369140625,-0.285400390625,-0.3662109076976776,0.5798339247703552,0.1525878757238388,93.33334350585938,62097.0,1.0
364225.71875,356187.75,360991.15625,312026.6875,323051.46875,345190.625,314904.96875,342311.625,-0.03076171875,0.9521484375,-0.284423828125,-0.2746581733226776,0.6103515028953552,0.1831054538488388,93.33334350585938,62098.0,1.0
364245.75,356210.46875,361088.6875,312038.0625,323106.1875,345212.34375,314922.0625,342357.5625,-0.033203125,0.953125,-0.283447265625,-0.3051757514476776,0.5493163466453552,0.2136230319738388,93.33334350585938,62099.0,1.0
364261.75,356239.71875,361268.84375,312033.9375,323256.40625,345247.84375,314990.8125,342398.15625,-0.03564453125,0.952392578125,-0.28369140625,-0.3356933295726776,0.7019042372703552,0.3662109076976776,93.33334350585938,62100.0,1.0
364232.25,356212.09375,361188.21875,312018.46875,323212.40625,345225.125,314974.4375,342359.53125,-0.036865234375,0.951904296875,-0.2841796875,-0.3967284858226776,0.5798339247703552,0.3356933295726776,93.33334350585938,62101.0,1.0
364209.71875,356178.09375,360997.9375,312024.46875,323057.75,345186.59375,314904.1875,342323.34375,-0.0380859375,0.95068359375,-0.27978515625,-0.3051757514476776,0.5187987685203552,0.2746581733226776,93.33334350585938,62102.0,1.0
364228.3125,356193.5625,361047.5625,312035.09375,323074.8125,345201.78125,314908.1875,342359.90625,-0.03759765625,0.949951171875,-0.28125,-0.4272460639476776,0.4272460639476776,0.3662109076976776,93.33334350585938,62103.0,1.0
364250.65625,356226.75,361244.1875,312032.34375,323233.25,345240.6875,314980.53125,342403.71875,-0.036376953125,0.95166015625,-0.28271484375,-0.4272460639476776,0.4272460639476776,0.3662109076976776,93.33334350585938,62104.0,1.0
364232.0625,356211.8125,361213.5,312019.0,323231.375,345224.21875,314983.5625,342372.6875,-0.035400390625,0.953125,-0.283203125,-0.2746581733226776,0.3967284858226776,0.3967284858226776,93.33334350585938,62105.0,1.0
364207.84375,356177.375,361013.21875,312018.21875,323072.9375,345182.75,314912.5,342323.34375,-0.034423828125,0.955322265625,-0.28466796875,-0.3356933295726776,0.3967284858226776,0.4272460639476776,93.33334350585938,62106.0,1.0
364221.78125,356187.5,361015.03125,312030.28125,323051.46875,345187.3125,314900.0625,342344.78125,-0.033447265625,0.95751953125,-0.283203125,-0.4272460639476776,0.3356933295726776,0.3967284858226776,93.33334350585938,62107.0,1.0
364251.71875,356228.1875,361222.34375,312034.125,323213.3125,345231.28125,314973.09375,342399.6875,-0.033447265625,0.95703125,-0.286376953125,-0.5187987685203552,0.3662109076976776,0.3051757514476776,93.33334350585938,62108.0,1.0
364245.65625,356228.625,361249.0,312026.6875,323256.5625,345233.09375,314998.0625,342383.9375,-0.033203125,0.95263671875,-0.284423828125,-0.5187987685203552,0.3662109076976776,0.3356933295726776,93.33334350585938,62109.0,1.0
364214.53125,356189.5625,361047.125,312016.0625,323102.71875,345187.5625,314926.09375,342318.40625,-0.034912109375,0.951904296875,-0.283447265625,-0.6103515028953552,0.2746581733226776,0.3662109076976776,93.33334350585938,62110.0,1.0
364215.4375,356182.75,360988.03125,312019.28125,323033.59375,345175.59375,314886.375,342318.5,-0.033203125,0.9501953125,-0.28662109375,-0.5493163466453552,0.2441406100988388,0.5187987685203552,93.33334350585938,62111.0,1.0
364245.65625,356223.6875,361184.625,312029.125,323178.34375,345218.34375,314953.4375,342381.0,-0.0322265625,0.947998046875,-0.2861328125,-0.6103515028953552,0.4272460639476776,0.5493163466453552,93.33334350585938,62112.0,1.0
364248.15625,356231.75,361260.34375,312024.8125,323258.625,345230.125,314992.5,342373.21875,-0.031982421875,0.946044921875,-0.286865234375,-0.6103515028953552,0.4577636420726776,0.5493163466453552,93.33334350585938,62113.0,1.0
364218.75,356198.03125,361078.5,312020.875,323126.125,345192.125,314933.3125,342310.625,-0.03125,0.94921875,-0.285400390625,-0.4882812201976776,0.4882812201976776,0.5187987685203552,93.33334350585938,62114.0,1.0
364214.625,356182.75,360973.34375,312023.75,323022.78125,345170.9375,314878.875,342297.125,-0.03076171875,0.950439453125,-0.284912109375,-0.4577636420726776,0.6103515028953552,0.5798339247703552,93.33334350585938,62115.0,1.0
364244.84375,356214.5,361143.21875,312026.6875,323142.5,345208.75,314929.21875,342355.25,-0.031982421875,0.94873046875,-0.283935546875,-0.3967284858226776,0.6103515028953552,0.7324218153953552,93.33334350585938,62116.0,1.0
364251.03125,356229.25,361264.28125,312020.09375,323255.6875,345231.5625,314987.78125,342372.6875,-0.032470703125,0.949951171875,-0.288330078125,-0.2746581733226776,0.6103515028953552,0.6103515028953552,93.33334350585938,62117.0,1.0
364218.21875,356196.625,361107.28125,312010.53125,323149.1875,345199.375,314946.5625,342325.375,-0.03466796875,0.949951171875,-0.28662109375,-0.2746581733226776,0.7019042372703552,0.5493163466453552,93.33334350585938,62118.0,1.0
364208.625,356183.65625,360973.4375,312020.625,323029.46875,345183.1875,314892.1875,342311.09375,-0.03515625,0.946044921875,-0.282470703125,-0.1831054538488388,0.7019042372703552,0.3967284858226776,93.33334350585938,62119.0,1.0
364226.96875,356209.9375,361107.75,312021.25,323117.8125,345213.84375,314925.46875,342362.40625,-0.033447265625,0.946533203125,-0.28466796875,-0.1525878757238388,0.6408690810203552,0.4577636420726776,93.33334350585938,62120.0,1.0
364231.71875,356224.59375,361260.34375,312009.90625,323248.96875,345238.0,314987.0625,342394.15625,-0.035888671875,0.948486328125,-0.28271484375,-0.1831054538488388,0.6408690810203552,0.3356933295726776,93.33334350585938,62121.0,1.0
364204.625,356197.15625,361145.28125,312005.59375,323178.0,345210.90625,314961.03125,342354.625,-0.038330078125,0.94970703125,-0.282470703125,-0.0610351525247097,0.6713866591453552,0.1525878757238388,93.33334350585938,62122.0,1.0
364184.15625,356169.53125,360970.40625,312011.0625,323030.46875,345177.375,314892.375,342318.9375,-0.0390625,0.9521484375,-0.28759765625,-0.03051757626235485,0.5798339247703552,-0.0610351525247097,93.33334350585938,62123.0,1.0
364205.5,356189.1875,361062.78125,312020.34375,323080.4375,345197.75,314909.71875,342355.78125,-0.039306640625,0.95458984375,-0.28466796875,-0.0915527269244194,0.4577636420726776,-0.2746581733226776,93.33334350585938,62124.0,1.0
364226.4375,356217.625,361251.25,312019.28125,323236.1875,345231.75,314984.5625,342395.5625,-0.03955078125,0.95654296875,-0.28515625,-0.1831054538488388,0.3662109076976776,-0.5493163466453552,93.33334350585938,62125.0,1.0
364208.1875,356200.625,361185.34375,312012.9375,323207.75,345215.28125,314980.71875,342367.78125,-0.038818359375,0.957763671875,-0.285888671875,-0.2746581733226776,0.2136230319738388,-0.6103515028953552,93.33334350585938,62126.0,1.0
364185.5625,356166.46875,360991.59375,312010.53125,323049.25,345172.03125,314903.09375,342314.65625,-0.0390625,0.958984375,-0.282958984375,-0.3662109076976776,0.1220703050494194,-0.6408690810203552,93.33334350585938,62127.0,1.0
364207.03125,356183.75,361036.21875,312024.03125,323063.46875,345182.3125,314903.0,342345.25,-0.035400390625,0.958251953125,-0.28564453125,-0.4577636420726776,0.1525878757238388,-0.7019042372703552,93.33334350585938,62128.0,1.0
364232.96875,356216.71875,361235.9375,312027.25,323221.8125,345215.375,314973.1875,342392.34375,-0.032958984375,0.957763671875,-0.287353515625,-0.5187987685203552,0.1220703050494194,-0.6713866591453552,93.33334350585938,62129.0,1.0
364220.09375,356206.4375,361217.25,312020.71875,323229.3125,345201.78125,314978.65625,342360.625,-0.031982421875,0.955810546875,-0.2861328125,-0.6103515028953552,0.0915527269244194,-0.6103515028953552,93.33334350585938,62130.0,1.0
364193.625,356172.5625,361016.1875,312018.125,323072.21875,345160.46875,314906.9375,342306.34375,-0.02978515625,0.954345703125,-0.285888671875,-0.7019042372703552,0.1220703050494194,-0.6103515028953552,93.33334350585938,62131.0,1.0
364201.5625,356180.53125,361007.34375,312024.03125,323041.8125,345162.71875,314888.4375,342326.46875,-0.03125,0.95263671875,-0.28466796875,-0.6408690810203552,0.3051757514476776,-0.3356933295726776,93.33334350585938,62132.0,1.0
364230.46875,356224.3125,361216.1875,312030.8125,323203.03125,345210.09375,314961.125,342387.15625,-0.03271484375,0.951416015625,-0.28369140625,-0.5493163466453552,0.3967284858226776,-0.1831054538488388,93.33334350585938,62133.0,1.0
364218.75,356222.71875,361250.15625,312019.28125,323253.0,345216.09375,314986.53125,342373.5,-0.03369140625,0.953369140625,-0.287109375,-0.4577636420726776,0.4577636420726776,-0.0915527269244194,93.33334350585938,62134.0,1.0
364184.78125,356185.625,361049.34375,312008.8125,323101.28125,345181.40625,314916.25,342307.6875,-0.034423828125,0.950927734375,-0.2841796875,-0.5187987685203552,0.6408690810203552,0.03051757626235485,93.33334350585938,62135.0,1.0
364180.46875,356176.9375,360987.03125,312008.90625,323030.28125,345177.8125,314880.3125,342304.71875,-0.0341796875,0.951171875,-0.2841796875,-0.5187987685203552,0.5798339247703552,0.1525878757238388,93.33334350585938,62136.0,1.0
364201.21875,356206.8125,361170.6875,312006.40625,323163.78125,345218.25,314938.34375,342355.34375,-0.03515625,0.949951171875,-0.28271484375,-0.5493163466453552,0.6103515028953552,0.3662109076976776,93.33334350585938,62137.0,1.0
364194.25,356208.40625,361248.09375,311995.21875,323243.96875,345235.125,314982.0625,342355.34375,-0.036376953125,0.947265625,-0.285400390625,-0.4577636420726776,0.6713866591453552,0.4882812201976776,93.33334350585938,62138.0,1.0
364160.71875,356168.28125,361067.0625,311988.625,323113.25,345199.8125,314929.375,342300.875,-0.034912109375,0.949951171875,-0.285400390625,-0.4577636420726776,0.7324218153953552,0.5798339247703552,93.33334350585938,62139.0,1.0
364157.84375,356156.28125,360960.65625,312001.21875,323011.78125,345184.8125,314883.78125,342300.25,-0.034912109375,0.949951171875,-0.283203125,-0.4882812201976776,0.7324218153953552,0.8239745497703552,93.33334350585938,62140.0,1.0
364183.0625,356184.375,361125.0,312003.375,323124.0,345217.875,314934.40625,342359.71875,-0.03564453125,0.94970703125,-0.2822265625,-0.5798339247703552,0.6713866591453552,0.8850097060203552,93.33334350585938,62141.0,1.0
364186.1875,356198.65625,361248.09375,311991.125,323237.875,345237.625,314989.375,342379.03125,-0.03662109375,0.95068359375,-0.284423828125,-0.6408690810203552,0.7324218153953552,0.8544921278953552,93.33334350585938,62142.0,1.0
364166.09375,356170.40625,361103.71875,311990.40625,323142.65625,345204.90625,314953.8125,342328.53125,-0.034912109375,0.948486328125,-0.283203125,-0.6408690810203552,0.7019042372703552,0.9155272841453552,93.33334350585938,62143.0,1.0
364154.1875,356142.78125,360955.03125,311996.65625,323010.25,345173.53125,314892.1875,342302.5,-0.03369140625,0.950927734375,-0.281982421875,-0.6713866591453552,0.6408690810203552,0.8850097060203552,93.33334350585938,62144.0,1.0
364174.21875,356166.5625,361082.4375,312001.40625,323090.8125,345198.21875,314922.5,342350.40625,-0.0322265625,0.949951171875,-0.282470703125,-0.5798339247703552,0.5493163466453552,0.8239745497703552,93.33334350585938,62145.0,1.0
364193.875,356199.75,361253.28125,312004.09375,323239.78125,345231.46875,314998.6875,342387.53125,-0.033203125,0.949462890625,-0.28564453125,-0.6103515028953552,0.6103515028953552,0.7934569716453552,93.33334350585938,62146.0,1.0
364175.8125,356179.1875,361145.28125,312002.84375,323174.9375,345205.375,314974.8125,342342.09375,-0.033447265625,0.949462890625,-0.283447265625,-0.6408690810203552,0.7019042372703552,0.7629393935203552,93.33334350585938,62147.0,1.0
364166.15625,356154.3125,360975.78125,312013.65625,323031.375,345172.46875,314903.28125,342308.65625,-0.033203125,0.948486328125,-0.283447265625,-0.7324218153953552,0.7324218153953552,0.7324218153953552,93.33334350585938,62148.0,1.0
364191.21875,356177.21875,361064.65625,312025.8125,323081.15625,345194.0,314915.8125,342346.40625,-0.03125,0.94775390625,-0.28369140625,-0.7019042372703552,0.7629393935203552,0.7629393935203552,93.33334350585938,62149.0,1.0
364214.53125,356209.84375,361253.90625,312027.59375,323236.90625,345230.84375,314985.1875,342385.65625,-0.0302734375,0.94873046875,-0.28369140625,-0.7629393935203552,0.8544921278953552,0.6713866591453552,93.33334350585938,62150.0,1.0
364198.625,356196.875,361194.1875,312021.25,323212.84375,345216.53125,314976.40625,342349.15625,-0.0302734375,0.94873046875,-0.28271484375,-0.7629393935203552,0.9460448622703552,0.5493163466453552,93.33334350585938,62151.0,1.0
364173.3125,356163.09375,360998.46875,312016.59375,323054.25,345179.0,314903.8125,342300.25,-0.029052734375,0.947021484375,-0.285888671875,-0.7019042372703552,0.9460448622703552,0.5798339247703552,93.33334350585938,62152.0,1.0
364189.40625,356178.0,361037.5625,312026.15625,323063.28125,345194.90625,314905.34375,342333.625,-0.030029296875,0.94921875,-0.286376953125,-0.6408690810203552,1.0681151151657104,0.4882812201976776,93.33334350585938,62153.0,1.0
364208.0,356213.96875,361240.6875,312019.0,323223.59375,345235.40625,314977.125,342383.9375,-0.02880859375,0.94775390625,-0.2861328125,-0.5798339247703552,1.0070799589157104,0.4272460639476776,93.33334350585938,62154.0,1.0
364185.125,356199.84375,361225.03125,311998.8125,323234.65625,345225.75,314981.96875,342353.71875,-0.02880859375,0.947509765625,-0.28564453125,-0.6103515028953552,1.1901854276657104,0.4272460639476776,93.33334350585938,62155.0,1.0
364153.65625,356164.0625,361020.5625,311994.6875,323074.375,345184.53125,314907.125,342295.53125,-0.031494140625,0.947265625,-0.286376953125,-0.5493163466453552,1.2817381620407104,0.4272460639476776,93.33334350585938,62156.0,1.0
364153.125,356162.28125,360997.0625,311997.375,323031.8125,345180.59375,314880.5625,342310.1875,-0.031494140625,0.947265625,-0.28662109375,-0.4882812201976776,1.3122557401657104,0.4882812201976776,93.33334350585938,62157.0,1.0
364180.46875,356198.40625,361197.3125,311998.28125,323183.53125,345220.84375,314949.3125,342370.09375,-0.033447265625,0.94921875,-0.284423828125,-0.4882812201976776,1.4648436307907104,0.4577636420726776,93.33334350585938,62158.0,1.0
364171.0,356192.21875,361230.21875,311985.9375,323231.375,345219.59375,314977.5,342360.4375,-0.033203125,0.94921875,-0.2841796875,-0.5187987685203552,1.4648436307907104,0.4577636420726776,93.33334350585938,62159.0,1.0
364139.96875,356148.96875,361032.375,311983.78125,323082.84375,345175.59375,314916.0625,342311.4375,-0.03515625,0.948486328125,-0.283447265625,-0.4272460639476776,1.3122557401657104,0.3051757514476776,93.33334350585938,62160.0,1.0
364140.4375,356137.15625,360964.96875,311992.90625,323007.65625,345161.375,314877.1875,342311.875,-0.03564453125,0.947998046875,-0.285400390625,-0.4272460639476776,1.2817381620407104,0.3662109076976776,93.33334350585938,62161.0,1.0
364165.625,356170.6875,361153.5,311996.03125,323145.09375,345200.0,314938.40625,342373.125,-0.03662109375,0.94677734375,-0.287109375,-0.3662109076976776,1.2207030057907104,0.2746581733226776,93.33334350585938,62162.0,1.0
364163.9375,356180.0625,361246.75,311988.0,323238.53125,345214.46875,314988.65625,342381.8125,-0.036376953125,0.94970703125,-0.288330078125,-0.3967284858226776,1.2817381620407104,0.2136230319738388,93.33334350585938,62163.0,1.0
364139.4375,356151.0,361076.71875,311990.03125,323120.0625,345183.0,314943.78125,342333.4375,-0.036865234375,0.951416015625,-0.28759765625,-0.4272460639476776,1.1596678495407104,0.2441406100988388,93.33334350585938,62164.0,1.0
364132.90625,356137.34375,360962.28125,311997.5625,323012.59375,345167.09375,314895.40625,342324.03125,-0.037841796875,0.951904296875,-0.286865234375,-0.4882812201976776,1.1901854276657104,0.0915527269244194,93.33334350585938,62165.0,1.0
364161.78125,356170.5,361126.0625,312004.09375,323124.875,345206.34375,314944.9375,342376.875,-0.037353515625,0.955322265625,-0.285888671875,-0.4577636420726776,1.0986326932907104,0.1831054538488388,93.33334350585938,62166.0,1.0
364168.125,356188.03125,361258.65625,311995.6875,323246.125,345235.75,315006.1875,342392.34375,-0.03759765625,0.956298828125,-0.285888671875,-0.5187987685203552,0.9765624403953552,0.1831054538488388,93.33334350585938,62167.0,1.0
364144.4375,356160.59375,361119.71875,311991.5625,323153.40625,345210.46875,314972.84375,342343.1875,-0.03857421875,0.955078125,-0.288330078125,-0.5493163466453552,0.8544921278953552,0.1220703050494194,93.33334350585938,62168.0,1.0
364136.5,356138.59375,360972.90625,311999.0,323023.65625,345187.21875,314916.78125,342317.59375,-0.0361328125,0.955078125,-0.287353515625,-0.6103515028953552,0.7019042372703552,0.0915527269244194,93.33334350585938,62169.0,1.0
364158.9375,356161.75,361090.9375,312001.125,323097.0625,345213.15625,314946.46875,342362.125,-0.03369140625,0.95458984375,-0.289794921875,-0.6103515028953552,0.6713866591453552,0.2746581733226776,93.33334350585938,62170.0,1.0
364172.53125,356187.75,361254.46875,311993.625,323238.34375,345241.65625,315012.09375,342389.3125,-0.03271484375,0.95361328125,-0.2890625,-0.5798339247703552,0.7629393935203552,0.3662109076976776,93.33334350585938,62171.0,1.0
364152.3125,356166.5625,361153.34375,311988.625,323178.0,345215.1875,314989.65625,342344.53125,-0.031982421875,0.955322265625,-0.287109375,-0.6103515028953552,0.7629393935203552,0.4272460639476776,93.33334350585938,62172.0,1.0
364136.84375,356140.71875,360974.0,311995.40625,323029.21875,345181.03125,314919.8125,342309.84375,-0.031982421875,0.95654296875,-0.288330078125,-0.6713866591453552,0.7019042372703552,0.5798339247703552,93.33334350585938,62173.0,1.0
364159.90625,356165.3125,361055.78125,312006.6875,323071.25,345200.09375,314931.53125,342350.0625,-0.03076171875,0.956787109375,-0.286376953125,-0.7629393935203552,0.7019042372703552,0.5493163466453552,93.33334350585938,62174.0,1.0
364189.59375,356205.46875,361251.3125,312008.09375,323230.75,345238.8125,315005.21875,342392.875,-0.03125,0.9560546875,-0.2861328125,-0.8544921278953552,0.6713866591453552,0.5798339247703552,93.33334350585938,62175.0,1.0
364172.78125,356190.09375,361195.53125,311997.90625,323210.34375,345223.25,314996.53125,342353.5625,-0.03076171875,0.951904296875,-0.28662109375,-0.8850097060203552,0.7934569716453552,0.6408690810203552,93.33334350585938,62176.0,1.0
364152.03125,356158.4375,361000.625,312001.59375,323054.6875,345183.0,314923.03125,342308.5,-0.03125,0.95068359375,-0.284423828125,-0.8239745497703552,0.7934569716453552,0.6713866591453552,93.33334350585938,62177.0,1.0
364167.6875,356169.0625,361028.0625,312010.34375,323052.1875,345190.53125,314911.40625,342330.3125,-0.031494140625,0.94873046875,-0.2861328125,-0.6408690810203552,0.7324218153953552,0.7324218153953552,93.33334350585938,62178.0,1.0
364190.5,356200.625,361223.6875,312006.75,323204.09375,345220.125,314970.53125,342372.40625,-0.031494140625,0.9482421875,-0.287353515625,-0.5493163466453552,0.7324218153953552,0.7324218153953552,93.33334350585938,62179.0,1.0
364189.5,356199.90625,361225.3125,312011.0625,323232.4375,345214.03125,314985.8125,342362.3125,-0.03369140625,0.948486328125,-0.286376953125,-0.5493163466453552,0.7324218153953552,0.7019042372703552,93.33334350585938,62180.0,1.0
364159.65625,356158.4375,361022.875,312006.125,323075.875,345170.21875,314912.5,342312.15625,-0.033935546875,0.94873046875,-0.2880859375,-0.4882812201976776,0.6713866591453552,0.5187987685203552,93.33334350585938,62181.0,1.0
364164.90625,356157.53125,360999.28125,312011.59375,323031.71875,345168.53125,314887.46875,342325.65625,-0.035888671875,0.949951171875,-0.28857421875,-0.5187987685203552,0.6408690810203552,0.4272460639476776,93.33334350585938,62182.0,1.0
364189.59375,356192.21875,361199.1875,312012.84375,323184.4375,345211.1875,314957.8125,342382.875,-0.0380859375,0.951416015625,-0.287841796875,-0.4882812201976776,0.6103515028953552,0.3051757514476776,93.33334350585938,62183.0,1.0
364180.375,356194.1875,361246.9375,312001.21875,323245.65625,345221.8125,314995.8125,342376.53125,-0.03662109375,0.947998046875,-0.2890625,-0.5798339247703552,0.4577636420726776,0.2746581733226776,93.33334350585938,62184.0,1.0
364147.9375,356159.78125,361056.78125,311994.875,323104.3125,345191.25,314942.71875,342326.71875,-0.0322265625,0.9482421875,-0.28857421875,-0.5187987685203552,0.4272460639476776,0.2136230319738388,93.33334350585938,62185.0,1.0
364140.25,356148.25,360980.5,311996.75,323021.71875,345182.5625,314906.9375,342326.90625,-0.03173828125,0.94873046875,-0.288330078125,-0.4577636420726776,0.4272460639476776,0.1220703050494194,93.33334350585938,62186.0,1.0
364159.8125,356179.53125,361160.65625,311994.5,323151.0,345222.09375,314965.25,342381.625,-0.02978515625,0.94970703125,-0.28857421875,-0.3051757514476776,0.4577636420726776,0.0,93.33334350585938,62187.0,1.0
364163.75,356191.53125,361258.9375,311989.78125,323247.8125,345242.8125,315018.15625,342389.75,-0.029541015625,0.950927734375,-0.287353515625,-0.3662109076976776,0.4272460639476776,-0.03051757626235485,93.33334350585938,62188.0,1.0
364135.6875,356157.4375,361086.0,311984.78125,323125.6875,345206.25,314967.75,342335.75,-0.029052734375,0.949951171875,-0.2890625,-0.3051757514476776,0.4577636420726776,-0.0915527269244194,93.33334350585938,62189.0,1.0
364138.46875,356149.40625,360974.0,311994.6875,323021.09375,345194.28125,314923.03125,342332.90625,-0.028076171875,0.94970703125,-0.28955078125,-0.2746581733226776,0.4577636420726776,-0.1525878757238388,93.33334350585938,62190.0,1.0
364166.625,356183.46875,361133.84375,311999.0,323130.5,345232.46875,314970.875,342385.75,-0.029052734375,0.951904296875,-0.2880859375,-0.3967284858226776,0.3967284858226776,-0.0915527269244194,93.33334350585938,62191.0,1.0
364171.0,356199.5625,361267.5,311989.15625,323250.84375,345254.53125,315027.65625,342397.53125,-0.031005859375,0.951416015625,-0.2900390625,-0.3662109076976776,0.5187987685203552,-0.1220703050494194,93.33334350585938,62192.0,1.0
364140.5,356169.0,361127.84375,311984.6875,323157.875,345222.34375,314990.46875,342346.3125,-0.031494140625,0.951416015625,-0.289306640625,-0.3662109076976776,0.4882812201976776,-0.03051757626235485,93.33334350585938,62193.0,1.0
364124.15625,356148.40625,360968.96875,311991.5625,323020.8125,345191.96875,314926.78125,342324.3125,-0.031494140625,0.95166015625,-0.2900390625,-0.3967284858226776,0.5798339247703552,0.0,93.33334350585938,62194.0,1.0
364145.96875,356174.25,361085.46875,311998.28125,323092.96875,345217.15625,314952.28125,342371.4375,-0.03173828125,0.95166015625,-0.288330078125,-0.4577636420726776,0.6408690810203552,0.0,93.33334350585938,62195.0,1.0
364166.625,356204.21875,361259.0,311998.28125,323240.9375,345250.0625,315021.9375,342402.8125,-0.033203125,0.950927734375,-0.28564453125,-0.3662109076976776,0.7019042372703552,0.0915527269244194,93.33334350585938,62196.0,1.0
364150.875,356185.4375,361163.875,311999.53125,323188.28125,345228.34375,315001.71875,342363.90625,-0.03466796875,0.949951171875,-0.28759765625,-0.3662109076976776,0.5798339247703552,0.0610351525247097,93.33334350585938,62197.0,1.0
364137.28125,356154.84375,360984.09375,312002.75,323037.71875,345189.8125,314926.96875,342318.875,-0.034423828125,0.951904296875,-0.2880859375,-0.3967284858226776,0.5493163466453552,0.1220703050494194,93.33334350585938,62198.0,1.0
364161.25,356176.3125,361061.25,312013.46875,323075.4375,345206.96875,314938.0625,342359.90625,-0.033447265625,0.951171875,-0.2861328125,-0.4882812201976776,0.5493163466453552,0.1220703050494194,93.33334350585938,62199.0,1.0
364183.59375,356208.0625,361252.75,312007.21875,323229.75,345241.03125,315003.96875,342399.40625,-0.03466796875,0.9501953125,-0.28857421875,-0.4577636420726776,0.4882812201976776,0.1831054538488388,93.33334350585938,62200.0,1.0
364163.03125,356189.625,361197.5,311992.46875,323207.03125,345221.46875,314994.65625,342361.96875,-0.03515625,0.94921875,-0.288330078125,-0.4577636420726776,0.3662109076976776,0.1831054538488388,93.33334350585938,62201.0,1.0
364136.21875,356156.375,360995.09375,311990.40625,323046.28125,345180.40625,314922.40625,342312.78125,-0.03564453125,0.948974609375,-0.284912109375,-0.5187987685203552,0.3662109076976776,0.0915527269244194,93.33334350585938,62202.0,1.0
364147.40625,356165.3125,361017.34375,311999.875,323042.28125,345190.6875,314918.125,342342.1875,-0.034912109375,0.950927734375,-0.287353515625,-0.4577636420726776,0.3051757514476776,0.0915527269244194,93.33334350585938,62203.0,1.0
364166.8125,356196.625,361214.65625,311998.0,323197.21875,345228.96875,314986.53125,342392.4375,-0.034423828125,0.951171875,-0.2890625,-0.4577636420726776,0.3051757514476776,0.1525878757238388,93.33334350585938,62204.0,1.0
364152.9375,356186.6875,361215.21875,311991.03125,323218.40625,345224.3125,315002.53125,342377.5,-0.03466796875,0.951171875,-0.287353515625,-0.5493163466453552,0.2441406100988388,0.1220703050494194,93.33334350585938,62205.0,1.0
364125.65625,356146.71875,361012.53125,311987.09375,323061.75,345182.3125,314932.34375,342318.875,-0.03271484375,0.9501953125,-0.287353515625,-0.7019042372703552,0.2441406100988388,0.1831054538488388,93.33334350585938,62206.0,1.0
364140.15625,356152.34375,360989.0,311999.0625,323021.625,345185.53125,314912.03125,342333.4375,-0.03173828125,0.948974609375,-0.2861328125,-0.7324218153953552,0.0915527269244194,0.1831054538488388,93.33334350585938,62207.0,1.0
364166.53125,356189.375,361185.96875,311997.1875,323171.71875,345226.09375,314977.5,342390.21875,-0.031005859375,0.94921875,-0.284912109375,-0.7629393935203552,0.03051757626235485,0.1525878757238388,93.33334350585938,62208.0,1.0
364164.46875,356194.8125,361243.53125,311990.5,323238.6875,345235.0625,315013.4375,342387.0,-0.031494140625,0.950439453125,-0.285888671875,-0.7629393935203552,0.0915527269244194,0.1525878757238388,93.33334350585938,62209.0,1.0
364140.6875,356165.40625,361061.4375,311994.96875,323105.75,345203.5,314959.0625,342338.1875,-0.0322265625,0.948974609375,-0.287841796875,-0.7629393935203552,0.1831054538488388,0.0610351525247097,93.33334350585938,62210.0,1.0
364137.375,356159.875,360981.21875,311998.28125,323022.25,345195.96875,314917.21875,342337.46875,-0.03173828125,0.949951171875,-0.2880859375,-0.8544921278953552,0.1525878757238388,0.0610351525247097,93.33334350585938,62211.0,1.0
364163.65625,356193.40625,361163.96875,311996.46875,323153.21875,345233.34375,314972.21875,342388.96875,-0.03173828125,0.95068359375,-0.2919921875,-0.9155272841453552,0.2136230319738388,0.0610351525247097,93.33334350585938,62212.0,1.0
364162.3125,356200.71875,361260.0,311986.125,323246.375,345245.875,315019.34375,342392.0,-0.0322265625,0.94970703125,-0.289794921875,-0.9155272841453552,0.2441406100988388,-0.03051757626235485,93.33334350585938,62213.0,1.0
364136.21875,356167.09375,361093.0625,311981.90625,323126.75,345211.71875,314973.03125,342338.0,-0.031005859375,0.950439453125,-0.2900390625,-0.8850097060203552,0.1831054538488388,-0.0915527269244194,93.33334350585938,62214.0,1.0
364128.1875,356148.0625,360966.375,311989.59375,323011.78125,345188.28125,314920.4375,342324.65625,-0.031494140625,0.952392578125,-0.289306640625,-0.9765624403953552,0.2136230319738388,-0.1525878757238388,93.33334350585938,62215.0,1.0
364152.84375,356176.21875,361117.125,311994.875,323113.0,345216.71875,314961.65625,342372.40625,-0.031494140625,0.95166015625,-0.286376953125,-0.9460448622703552,0.1831054538488388,-0.0915527269244194,93.33334350585938,62216.0,1.0
364164.5625,356196.6875,361257.59375,311990.125,323238.78125,345239.53125,315018.34375,342390.65625,-0.033447265625,0.950439453125,-0.288818359375,-0.9765624403953552,0.2441406100988388,-0.1831054538488388,93.33334350585938,62217.0,1.0
364146.40625,356175.15625,361131.4375,311988.71875,323159.125,345213.59375,314987.15625,342343.53125,-0.032470703125,0.950927734375,-0.286865234375,-1.0375975370407104,0.1525878757238388,-0.1525878757238388,93.33334350585938,62218.0,1.0
364134.96875,356152.96875,360971.5625,311993.34375,323021.0,345184.34375,314919.71875,342313.3125,-0.03369140625,0.947998046875,-0.28857421875,-0.9155272841453552,0.1831054538488388,-0.1831054538488388,93.33334350585938,62219.0,1.0
364163.84375,356183.03125,361086.0,312004.09375,323089.46875,345213.0625,314947.09375,342360.4375,-0.033203125,0.94921875,-0.2900390625,-1.0375975370407104,0.2136230319738388,-0.2441406100988388,93.33334350585938,62220.0,1.0
364179.03125,356207.59375,361255.0,311992.90625,323233.59375,345241.5,315011.71875,342392.875,-0.035888671875,0.949462890625,-0.289306640625,-1.0375975370407104,0.1220703050494194,-0.2746581733226776,93.33334350585938,62221.0,1.0
364153.84375,356179.8125,361162.0,311977.71875,323179.78125,345212.875,314988.5625,342345.59375,-0.03369140625,0.948974609375,-0.28662109375,-1.0681151151657104,0.1831054538488388,-0.2746581733226776,93.33334350585938,62222.0,1.0
364139.34375,356154.78125,360980.15625,311986.90625,323031.71875,345184.1875,314922.78125,342314.21875,-0.0341796875,0.9501953125,-0.286376953125,-1.1596678495407104,0.1220703050494194,-0.3051757514476776,93.33334350585938,62223.0,1.0
364156.34375,356172.75,361047.65625,311994.5,323060.40625,345203.40625,314933.3125,342354.0,-0.032470703125,0.94873046875,-0.286865234375,-1.1901854276657104,0.1525878757238388,-0.3051757514476776,93.33334350585938,62224.0,1.0
364178.40625,356206.28125,361244.8125,311993.09375,323219.90625,345238.625,315005.75,342400.9375,-0.033935546875,0.951171875,-0.28857421875,-1.0375975370407104,0.1831054538488388,-0.2441406100988388,93.33334350585938,62225.0,1.0
364161.53125,356190.8125,361201.15625,311984.3125,323210.34375,345224.3125,315003.6875,342368.46875,-0.034423828125,0.950439453125,-0.2900390625,-1.0070799589157104,0.1220703050494194,-0.2136230319738388,93.33334350585938,62226.0,1.0
364137.46875,356154.59375,361002.40625,311987.90625,323053.0,345188.28125,314934.40625,342321.90625,-0.037109375,0.9501953125,-0.29150390625,-1.1901854276657104,0.1220703050494194,-0.1831054538488388,93.33334350585938,62227.0,1.0
364147.5,356162.1875,361017.0,311998.09375,323041.1875,345193.90625,314923.40625,342347.90625,-0.03759765625,0.947998046875,-0.28955078125,-1.1901854276657104,0.1220703050494194,-0.1831054538488388,93.33334350585938,62228.0,1.0
364172.34375,356200.1875,361221.71875,312001.84375,323201.15625,345237.375,314996.625,342403.25,-0.037353515625,0.94921875,-0.285888671875,-1.1596678495407104,0.1220703050494194,-0.2746581733226776,93.33334350585938,62229.0,1.0
364160.625,356195.1875,361233.0,311989.25,323232.53125,345236.84375,315016.90625,342379.84375,-0.03662109375,0.951416015625,-0.2880859375,-1.1901854276657104,0.1220703050494194,-0.2441406100988388,93.33334350585938,62230.0,1.0
364131.125,356155.03125,361026.375,311984.15625,323073.125,345193.46875,314944.84375,342320.03125,-0.035888671875,0.950927734375,-0.287353515625,-1.2207030057907104,0.0915527269244194,-0.1525878757238388,93.33334350585938,62231.0,1.0
364135.0625,356152.4375,360984.90625,311992.375,323016.875,345185.53125,314912.40625,342330.03125,-0.034423828125,0.94873046875,-0.288330078125,-1.1901854276657104,0.0915527269244194,-0.0610351525247097,93.33334350585938,62232.0,1.0
364157.21875,356187.59375,361179.96875,311987.90625,323160.8125,345222.34375,314976.15625,342382.96875,-0.034912109375,0.95166015625,-0.284423828125,-1.2512205839157104,0.0915527269244194,-0.0610351525247097,93.33334350585938,62233.0,1.0
364149.0,356189.1875,361233.8125,311973.25,323224.03125,345229.0625,315010.9375,342373.5,-0.03564453125,0.9521484375,-0.286376953125,-1.3427733182907104,0.1525878757238388,-0.0610351525247097,93.33334350585938,62234.0,1.0
364122.4375,356156.8125,361046.3125,311969.40625,323086.0625,345191.5,314952.46875,342318.59375,-0.03564453125,0.951171875,-0.284912109375,-1.3427733182907104,0.0610351525247097,0.0,93.33334350585938,62235.0,1.0
364122.8125,356148.25,360963.78125,311977.25,323001.6875,345179.0,314910.875,342319.03125,-0.034423828125,0.952880859375,-0.285400390625,-1.2817381620407104,0.0610351525247097,0.0610351525247097,93.33334350585938,62236.0,1.0
364150.09375,356181.59375,361140.8125,311981.71875,323127.375,345217.96875,314965.6875,342376.15625,-0.037841796875,0.95263671875,-0.286865234375,-1.3732908964157104,0.1220703050494194,0.1525878757238388,93.33334350585938,62237.0,1.0
364158.84375,356197.875,361249.71875,311981.1875,323230.46875,345238.34375,315019.40625,342390.28125,-0.035888671875,0.952392578125,-0.283447265625,-1.3427733182907104,0.0610351525247097,0.1525878757238388,93.33334350585938,62238.0,1.0
364132.71875,356165.0625,361085.375,311977.96875,323116.5625,345197.9375,314969.25,342333.96875,-0.037353515625,0.952880859375,-0.283203125,-1.4038084745407104,0.1220703050494194,0.1525878757238388,93.33334350585938,62239.0,1.0
364122.8125,356143.78125,360953.78125,311977.96875,322997.375,345168.25,314906.59375,342305.90625,-0.036865234375,0.951416015625,-0.282958984375,-1.3122557401657104,0.1525878757238388,0.1220703050494194,93.33334350585938,62240.0,1.0
364157.59375,356178.1875,361109.96875,311991.375,323104.5,345204.8125,314952.625,342369.375,-0.03466796875,0.950439453125,-0.2861328125,-1.3427733182907104,0.1831054538488388,0.1831054538488388,93.33334350585938,62241.0,1.0
364169.75,356197.3125,361257.5,311986.28125,323233.59375,345229.0625,315011.03125,342390.21875,-0.03564453125,0.94970703125,-0.284912109375,-1.3122557401657104,0.1220703050494194,0.1220703050494194,93.33334350585938,62242.0,1.0
364143.28125,356171.21875,361126.34375,311976.375,323148.9375,345197.75,314971.9375,342335.9375,-0.03564453125,0.94873046875,-0.286376953125,-1.2817381620407104,0.0610351525247097,0.1831054538488388,93.33334350585938,62243.0,1.0
364127.625,356147.09375,360962.625,311980.84375,323009.53125,345168.625,314905.4375,342306.53125,-0.035888671875,0.949951171875,-0.286376953125,-1.3427733182907104,0.03051757626235485,0.2136230319738388,93.33334350585938,62244.0,1.0
364151.59375,356172.28125,361067.6875,311990.5,323072.5,345195.53125,314931.4375,342360.0,-0.03662109375,0.94970703125,-0.284912109375,-1.3122557401657104,0.0915527269244194,0.2136230319738388,93.33334350585938,62245.0,1.0
364173.5,356203.3125,361246.5,311987.53125,323221.53125,345230.40625,315003.0625,342396.5625,-0.035400390625,0.949951171875,-0.2822265625,-1.1596678495407104,0.1220703050494194,0.1220703050494194,93.33334350585938,62246.0,1.0
364156.6875,356184.8125,361161.75,311979.5,323175.75,345211.1875,314985.53125,342350.5,-0.035400390625,0.94921875,-0.28466796875,-1.1901854276657104,0.1220703050494194,0.0915527269244194,93.33334350585938,62247.0,1.0
364130.3125,356151.1875,360973.34375,311979.84375,323020.4375,345174.6875,314913.28125,342310.375,-0.033447265625,0.948974609375,-0.28466796875,-1.0681151151657104,0.0915527269244194,0.03051757626235485,93.33334350585938,62248.0,1.0
364147.84375,356165.0625,361032.53125,311990.65625,323045.21875,345188.375,314919.90625,342346.5,-0.0341796875,0.95166015625,-0.284423828125,-1.0681151151657104,0.2136230319738388,0.0610351525247097,93.33334350585938,62249.0,1.0
364174.65625,356198.40625,361230.21875,311989.15625,323205.4375,345225.75,314994.65625,342389.75,-0.033935546875,0.949951171875,-0.283447265625,-1.1291502714157104,0.2136230319738388,0.0610351525247097,93.33334350585938,62250.0,1.0
364162.3125,356186.34375,361195.71875,311979.9375,323200.96875,345214.125,314997.4375,342363.03125,-0.03369140625,0.950439453125,-0.282958984375,-1.0986326932907104,0.3051757514476776,0.0915527269244194,93.33334350585938,62251.0,1.0
364135.15625,356151.28125,360998.21875,311977.96875,323043.96875,345173.0,314924.375,342310.625,-0.0341796875,0.951416015625,-0.284912109375,-1.0375975370407104,0.3662109076976776,0.03051757626235485,93.33334350585938,62252.0,1.0
364147.5,356162.28125,361009.3125,311987.71875,323029.3125,345185.59375,314917.9375,342336.125,-0.034423828125,0.95166015625,-0.281982421875,-1.0070799589157104,0.3662109076976776,0.1525878757238388,93.33334350585938,62253.0,1.0
364171.71875,356200.90625,361212.0625,311986.46875,323188.09375,345231.28125,314993.59375,342392.8125,-0.034912109375,0.950927734375,-0.2841796875,-1.0070799589157104,0.3967284858226776,0.0610351525247097,93.33334350585938,62254.0,1.0
364158.03125,356195.53125,361227.1875,311975.28125,323222.5,345227.625,315013.6875,342375.375,-0.03759765625,0.951904296875,-0.28271484375,-0.9765624403953552,0.4272460639476776,0.0915527269244194,93.33334350585938,62255.0,1.0
364128.1875,356160.21875,361027.0,311973.59375,323070.25,345190.34375,314946.8125,342322.34375,-0.03662109375,0.951416015625,-0.281494140625,-0.9460448622703552,0.4577636420726776,0.03051757626235485,93.33334350585938,62256.0,1.0
364130.78125,356158.625,360983.09375,311983.0625,323012.75,345188.8125,314918.125,342335.3125,-0.03564453125,0.948486328125,-0.28369140625,-1.0375975370407104,0.4577636420726776,0.03051757626235485,93.33334350585938,62257.0,1.0
364157.15625,356195.90625,361179.96875,311984.15625,323159.9375,345229.15625,314984.1875,342392.4375,-0.03515625,0.950927734375,-0.281982421875,-1.0070799589157104,0.4272460639476776,0.1220703050494194,93.33334350585938,62258.0,1.0
364155.09375,356198.59375,361242.5625,311971.4375,323228.9375,345233.625,315018.875,342382.96875,-0.03564453125,0.950927734375,-0.28271484375,-0.8850097060203552,0.3662109076976776,0.1831054538488388,93.33334350585938,62259.0,1.0
364130.40625,356163.09375,361054.71875,311967.59375,323091.4375,345189.28125,314957.90625,342324.9375,-0.035888671875,0.952880859375,-0.28173828125,-0.8850097060203552,0.4272460639476776,0.1220703050494194,93.33334350585938,62260.0,1.0
364129.875,356152.8125,360963.25,311977.78125,322998.5625,345170.3125,314908.1875,342316.90625,-0.034912109375,0.95166015625,-0.2822265625,-0.8544921278953552,0.4577636420726776,0.1220703050494194,93.33334350585938,62261.0,1.0
364155.09375,356186.0625,361135.1875,311982.53125,323121.40625,345205.53125,314957.8125,342370.0,-0.03564453125,0.950439453125,-0.281494140625,-0.9155272841453552,0.5187987685203552,0.1220703050494194,93.33334350585938,62262.0,1.0
364165.1875,356202.6875,361251.25,311983.34375,323231.90625,345228.4375,315015.3125,342391.09375,-0.034912109375,0.951171875,-0.282470703125,-0.8850097060203552,0.6103515028953552,0.0915527269244194,93.33334350585938,62263.0,1.0
364135.0625,356167.09375,361090.3125,311974.3125,323118.875,345190.78125,314966.3125,342331.8125,-0.03662109375,0.952880859375,-0.28466796875,-0.7324218153953552,0.5493163466453552,0.1220703050494194,93.33334350585938,62264.0,1.0
364128.625,356149.9375,360959.0625,311981.90625,323000.6875,345169.59375,314907.84375,342316.8125,-0.03515625,0.95068359375,-0.283935546875,-0.7324218153953552,0.5798339247703552,0.1831054538488388,93.33334350585938,62265.0,1.0
364157.59375,356182.03125,361105.15625,311990.40625,323098.15625,345205.09375,314946.8125,342371.0,-0.035888671875,0.9501953125,-0.284423828125,-0.7629393935203552,0.4882812201976776,0.2441406100988388,93.33334350585938,62266.0,1.0
364166.71875,356202.6875,361255.96875,311983.25,323231.375,345232.8125,315011.03125,342395.46875,-0.037841796875,0.951904296875,-0.283447265625,-0.7019042372703552,0.4882812201976776,0.2136230319738388,93.33334350585938,62267.0,1.0
364145.53125,356180.4375,361138.75,311981.28125,323159.46875,345209.65625,314987.25,342350.6875,-0.035888671875,0.95068359375,-0.2822265625,-0.7324218153953552,0.4882812201976776,0.2441406100988388,93.33334350585938,62268.0,1.0
364125.9375,356150.03125,360967.28125,311978.875,323013.375,345174.34375,314918.21875,342315.46875,-0.036376953125,0.9501953125,-0.28515625,-0.7629393935203552,0.5187987685203552,0.2136230319738388,93.33334350585938,62269.0,1.0
364144.09375,356169.78125,361061.0625,311976.625,323065.0625,345193.46875,314935.03125,342358.1875,-0.0380859375,0.949951171875,-0.28515625,-0.6408690810203552,0.5493163466453552,0.1220703050494194,93.33334350585938,62270.0,1.0
364164.75,356197.59375,361240.5,311974.125,323213.75,345227.71875,315004.59375,342395.9375,-0.0380859375,0.94921875,-0.283935546875,-0.6103515028953552,0.5493163466453552,0.1525878757238388,93.33334350585938,62271.0,1.0
364145.96875,356173.71875,361159.15625,311964.90625,323171.28125,345206.09375,314990.53125,342354.625,-0.0380859375,0.948486328125,-0.283203125,-0.6103515028953552,0.4882812201976776,0.03051757626235485,93.33334350585938,62272.0,1.0
364125.3125,356144.03125,360972.375,311969.5625,323018.125,345170.59375,314918.46875,342312.78125,-0.035888671875,0.947998046875,-0.282958984375,-0.6713866591453552,0.5493163466453552,-0.0610351525247097,93.33334350585938,62273.0,1.0
364141.21875,356162.5625,361024.84375,311979.40625,323037.96875,345187.84375,314924.75,342349.53125,-0.03369140625,0.94970703125,-0.285888671875,-0.7019042372703552,0.5187987685203552,0.1525878757238388,93.33334350585938,62274.0,1.0
364164.65625,356197.9375,361223.78125,311980.03125,323197.03125,345224.59375,315000.28125,342395.65625,-0.0341796875,0.95166015625,-0.28564453125,-0.7019042372703552,0.5798339247703552,0.2746581733226776,93.33334350585938,62275.0,1.0
364150.4375,356186.6875,361199.75,311972.53125,323199.4375,345214.75,315006.46875,342368.3125,-0.034423828125,0.953125,-0.28466796875,-0.6408690810203552,0.5798339247703552,0.3051757514476776,93.33334350585938,62276.0,1.0
364122.71875,356145.75,360990.25,311966.96875,323035.375,345168.96875,314925.46875,342306.96875,-0.0322265625,0.94921875,-0.28515625,-0.7019042372703552,0.6103515028953552,0.2746581733226776,93.33334350585938,62277.0,1.0
364142.375,356159.25,360997.15625,311983.34375,323017.875,345180.15625,314914.46875,342334.3125,-0.03125,0.947998046875,-0.28515625,-0.7324218153953552,0.5798339247703552,0.3051757514476776,93.33334350585938,62278.0,1.0
364174.5625,356200.625,361205.8125,311990.5,323179.40625,345223.96875,314987.78125,342395.9375,-0.03125,0.94482421875,-0.285400390625,-0.6103515028953552,0.6408690810203552,0.3051757514476776,93.33334350585938,62279.0,1.0
364165.46875,356194.46875,361227.8125,311976.1875,323218.59375,345219.84375,315007.71875,342380.375,-0.0322265625,0.944580078125,-0.284912109375,-0.5798339247703552,0.7324218153953552,0.3356933295726776,93.33334350585938,62280.0,1.0
364136.65625,356157.0,361026.28125,311973.0625,323065.15625,345175.78125,314937.53125,342320.90625,-0.0322265625,0.946533203125,-0.28369140625,-0.4577636420726776,0.8544921278953552,0.3356933295726776,93.33334350585938,62281.0,1.0
364135.3125,356150.03125,360970.125,311977.875,322998.71875,345164.875,314897.90625,342321.09375,-0.031982421875,0.94873046875,-0.28466796875,-0.2746581733226776,0.8850097060203552,0.5187987685203552,93.33334350585938,62282.0,1.0
364165.0,356188.46875,361166.3125,311983.53125,323143.375,345207.6875,314965.25,342382.875,-0.032958984375,0.94970703125,-0.283935546875,-0.2136230319738388,0.9155272841453552,0.5187987685203552,93.33334350585938,62283.0,1.0
364165.90625,356196.0,361243.1875,311979.125,323226.1875,345222.8125,315011.65625,342389.5,-0.034912109375,0.95068359375,-0.2861328125,-0.1831054538488388,0.9765624403953552,0.5187987685203552,93.33334350585938,62284.0,1.0
364139.53125,356160.59375,361060.625,311976.8125,323096.4375,345189.0,314956.3125,342336.90625,-0.033935546875,0.95068359375,-0.28173828125,-0.1831054538488388,0.9765624403953552,0.4272460639476776,93.33334350585938,62285.0,1.0
364133.09375,356142.4375,360957.71875,311976.375,322992.90625,345167.625,314898.8125,342315.09375,-0.036376953125,0.94970703125,-0.285888671875,-0.1831054538488388,1.0070799589157104,0.3662109076976776,93.33334350585938,62286.0,1.0
364162.25,356180.0625,361129.03125,311982.28125,323113.0625,345202.9375,314950.3125,342374.125,-0.0361328125,0.948974609375,-0.2880859375,-0.2746581733226776,0.9460448622703552,0.3051757514476776,93.33334350585938,62287.0,1.0
364169.03125,356193.46875,361245.34375,311976.625,323223.0625,345219.9375,315002.96875,342385.5625,-0.038330078125,0.94970703125,-0.28662109375,-0.1831054538488388,0.9460448622703552,0.3051757514476776,93.33334350585938,62288.0,1.0
364143.375,356160.40625,361089.21875,311970.09375,323115.3125,345186.3125,314958.71875,342330.21875,-0.038818359375,0.948486328125,-0.28369140625,-0.0610351525247097,0.9155272841453552,0.1831054538488388,93.33334350585938,62289.0,1.0
364135.40625,356144.5,360954.40625,311977.625,322993.625,345163.15625,314899.71875,342312.59375,-0.03857421875,0.949951171875,-0.2841796875,-0.03051757626235485,0.9155272841453552,0.0610351525247097,93.33334350585938,62290.0,1.0
364163.9375,356174.09375,361093.25,311986.28125,323085.90625,345193.03125,314937.25,342365.34375,-0.041015625,0.950439453125,-0.284423828125,0.0,0.8850097060203552,-0.1220703050494194,93.33334350585938,62291.0,1.0
364178.59375,356200.90625,361249.28125,311982.90625,323222.96875,345220.46875,315002.53125,342393.5,-0.041259765625,0.95263671875,-0.28515625,0.03051757626235485,0.7629393935203552,-0.2136230319738388,93.33334350585938,62292.0,1.0
364151.875,356176.21875,361133.84375,311976.1875,323152.40625,345195.8125,314973.5625,342344.78125,-0.040771484375,0.956298828125,-0.28369140625,-0.2441406100988388,0.6103515028953552,-0.3967284858226776,93.33334350585938,62293.0,1.0
364134.53125,356149.125,360963.53125,311981.0,323007.40625,345168.71875,314907.21875,342311.96875,-0.0390625,0.9580078125,-0.284912109375,-0.2746581733226776,0.4882812201976776,-0.4577636420726776,93.33334350585938,62294.0,1.0
364157.15625,356174.71875,361060.1875,311986.90625,323061.5,345192.9375,314927.875,342353.8125,-0.03662109375,0.960205078125,-0.285888671875,-0.3356933295726776,0.4882812201976776,-0.4882812201976776,93.33334350585938,62295.0,1.0
364181.625,356210.75,361253.75,311992.46875,323223.5,345234.59375,315004.21875,342400.40625,-0.033935546875,0.9609375,-0.28369140625,-0.4272460639476776,0.4577636420726776,-0.5187987685203552,93.33334350585938,62296.0,1.0
364159.1875,356187.65625,361179.4375,311982.0,323186.65625,345214.46875,314990.53125,342356.6875,-0.0341796875,0.9619140625,-0.287841796875,-0.5493163466453552,0.3662109076976776,-0.5187987685203552,93.33334350585938,62297.0,1.0
364142.84375,356160.59375,360990.4375,311987.09375,323035.125,345184.4375,314924.84375,342316.8125,-0.032470703125,0.9609375,-0.28515625,-0.5798339247703552,0.4577636420726776,-0.3662109076976776,93.33334350585938,62298.0,1.0
364161.4375,356177.75,361043.1875,312000.875,323054.34375,345201.15625,314933.0625,342355.4375,-0.032470703125,0.95703125,-0.284912109375,-0.6713866591453552,0.4577636420726776,-0.2746581733226776,93.33334350585938,62299.0,1.0
364179.5,356210.1875,361239.625,311994.25,323211.25,345236.46875,315005.28125,342405.59375,-0.032958984375,0.954833984375,-0.283935546875,-0.7934569716453552,0.4577636420726776,-0.1831054538488388,93.33334350585938,62300.0,1.0
364171.4375,356204.03125,361223.96875,311988.15625,323220.8125,345230.5625,315016.90625,342378.40625,-0.0361328125,0.954345703125,-0.28271484375,-0.9155272841453552,0.5187987685203552,-0.0915527269244194,93.33334350585938,62301.0,1.0
364148.75,356166.9375,361022.625,311988.875,323064.25,345189.0,314943.15625,342322.78125,-0.037109375,0.95068359375,-0.284423828125,-0.9765624403953552,0.6408690810203552,-0.0610351525247097,93.33334350585938,62302.0,1.0
364157.21875,356167.09375,361012.78125,311994.96875,323034.03125,345188.375,314922.3125,342338.25,-0.03662109375,0.950927734375,-0.28466796875,-0.9765624403953552,0.6713866591453552,0.0915527269244194,93.33334350585938,62303.0,1.0
364181.28125,356200.90625,361215.28125,311995.3125,323187.46875,345227.28125,314992.34375,342394.6875,-0.0380859375,0.950439453125,-0.2822265625,-0.8544921278953552,0.6408690810203552,0.2136230319738388,93.33334350585938,62304.0,1.0
364170.09375,356194.46875,361243.46875,311983.6875,323230.75,345224.125,315017.28125,342379.9375,-0.037353515625,0.948974609375,-0.28173828125,-0.9460448622703552,0.6103515028953552,0.2136230319738388,93.33334350585938,62305.0,1.0
364144.1875,356158.875,361046.6875,311984.6875,323083.75,345187.125,314953.96875,342324.84375,-0.037841796875,0.947265625,-0.279052734375,-0.8544921278953552,0.6103515028953552,0.2746581733226776,93.33334350585938,62306.0,1.0
364144.09375,356151.625,360985.6875,311989.78125,323013.65625,345176.125,314915.71875,342329.59375,-0.037841796875,0.9482421875,-0.28076171875,-0.7324218153953552,0.6713866591453552,0.3967284858226776,93.33334350585938,62307.0,1.0
364168.59375,356184.1875,361177.03125,311986.8125,323153.03125,345213.84375,314975.875,342382.59375,-0.03564453125,0.9482421875,-0.279052734375,-0.6408690810203552,0.5798339247703552,0.4577636420726776,93.33334350585938,62308.0,1.0
364172.78125,356194.28125,361257.9375,311982.0,323236.90625,345228.15625,315020.125,342385.8125,-0.03759765625,0.946044921875,-0.281005859375,-0.5493163466453552,0.5493163466453552,0.4882812201976776,93.33334350585938,62309.0,1.0
364144.53125,356158.78125,361079.40625,311978.34375,323107.96875,345189.1875,314960.78125,342325.65625,-0.03857421875,0.946533203125,-0.279052734375,-0.5187987685203552,0.4882812201976776,0.4272460639476776,93.33334350585938,62310.0,1.0
364138.90625,356147.71875,360973.90625,311984.84375,323007.21875,345172.71875,314909.09375,342315.5625,-0.037353515625,0.945068359375,-0.278076171875,-0.4882812201976776,0.5187987685203552,0.4577636420726776,93.33334350585938,62311.0,1.0
364163.5,356182.9375,361140.375,311990.75,323122.71875,345209.125,314959.4375,342371.0,-0.0380859375,0.945556640625,-0.281494140625,-0.3356933295726776,0.4577636420726776,0.4272460639476776,93.33334350585938,62312.0,1.0
364171.71875,356198.40625,361262.6875,311987.71875,323236.1875,345229.78125,315014.6875,342386.09375,-0.03564453125,0.94580078125,-0.285400390625,-0.3967284858226776,0.4882812201976776,0.3662109076976776,93.33334350585938,62313.0,1.0
364147.9375,356168.625,361114.625,311986.03125,323137.75,345200.90625,314976.875,342339.15625,-0.034912109375,0.947998046875,-0.283203125,-0.3051757514476776,0.4577636420726776,0.3967284858226776,93.33334350585938,62314.0,1.0
364137.28125,356150.375,360975.6875,311995.40625,323014.65625,345178.8125,314922.5,342325.3125,-0.033935546875,0.94775390625,-0.28515625,-0.2441406100988388,0.4882812201976776,0.3967284858226776,93.33334350585938,62315.0,1.0
364167.25,356180.59375,361110.15625,312001.59375,323099.84375,345209.21875,314958.1875,342377.59375,-0.032470703125,0.9482421875,-0.2841796875,-0.3051757514476776,0.5187987685203552,0.4272460639476776,93.33334350585938,62316.0,1.0
364182.875,356204.75,361266.96875,311995.40625,323235.46875,345236.21875,315022.71875,342406.21875,-0.0322265625,0.94580078125,-0.283935546875,-0.1831054538488388,0.4272460639476776,0.3356933295726776,93.33334350585938,62317.0,1.0
364162.0625,356180.78125,361157.53125,311991.75,323169.21875,345210.46875,314995.5625,342363.375,-0.03076171875,0.947265625,-0.282958984375,-0.1220703050494194,0.5493163466453552,0.2441406100988388,93.33334350585938,62318.0,1.0
364144.53125,356152.8125,360982.84375,311995.84375,323022.34375,345178.375,314925.0,342326.0,-0.030029296875,0.946044921875,-0.28369140625,-0.0915527269244194,0.6103515028953552,0.2136230319738388,93.33334350585938,62319.0,1.0
364162.15625,356170.9375,361067.78125,312000.3125,323068.71875,345198.40625,314939.03125,342360.875,-0.031005859375,0.94580078125,-0.282958984375,0.0,0.7019042372703552,0.2441406100988388,93.33334350585938,62320.0,1.0
364181.71875,356202.34375,361254.8125,311997.65625,323223.5,345236.03125,315010.3125,342402.1875,-0.03125,0.946044921875,-0.28662109375,0.0915527269244194,0.8239745497703552,0.2136230319738388,93.33334350585938,62321.0,1.0
364164.03125,356182.65625,361189.09375,311989.5,323193.53125,345219.125,315002.53125,342368.3125,-0.0302734375,0.947265625,-0.284423828125,0.1220703050494194,0.8544921278953552,0.2136230319738388,93.33334350585938,62322.0,1.0
364138.375,356146.8125,360992.84375,311988.4375,323034.40625,345177.90625,314934.125,342326.0,-0.031982421875,0.947998046875,-0.287109375,0.0915527269244194,0.9765624403953552,0.2136230319738388,93.33334350585938,62323.0,1.0
364148.75,356156.65625,361026.65625,311990.65625,323037.8125,345186.21875,314929.46875,342350.59375,-0.033203125,0.94921875,-0.2890625,-0.03051757626235485,1.0681151151657104,0.1831054538488388,93.33334350585938,62324.0,1.0
364177.34375,356197.9375,361229.5,311993.8125,323198.375,345230.65625,315003.40625,342400.9375,-0.032958984375,0.94970703125,-0.284912109375,0.0915527269244194,1.0070799589157104,0.2136230319738388,93.33334350585938,62325.0,1.0
364165.90625,356189.90625,361218.6875,311986.65625,323212.3125,345222.53125,315014.875,342375.90625,-0.033935546875,0.95068359375,-0.283447265625,0.0915527269244194,1.0681151151657104,0.1220703050494194,93.33334350585938,62326.0,1.0
364141.3125,356153.875,361016.0,311984.84375,323055.84375,345182.5625,314945.3125,342323.34375,-0.036376953125,0.9501953125,-0.284423828125,0.1525878757238388,1.2512205839157104,0.2441406100988388,93.33334350585938,62327.0,1.0
364151.875,356158.53125,361007.875,311992.71875,323026.0,345189.71875,314927.40625,342342.09375,-0.037841796875,0.95263671875,-0.282470703125,0.0915527269244194,1.2817381620407104,0.1525878757238388,93.33334350585938,62328.0,1.0
364177.0,356192.15625,361206.25,311989.96875,323177.09375,345227.0,314989.46875,342387.53125,-0.038818359375,0.95263671875,-0.28515625,0.03051757626235485,1.2512205839157104,0.1525878757238388,93.33334350585938,62329.0,1.0
364170.1875,356189.375,361240.6875,311983.15625,323226.1875,345227.0,315015.5,342379.375,-0.040283203125,0.95166015625,-0.2890625,0.0,1.1291502714157104,0.03051757626235485,93.33334350585938,62330.0,1.0
364139.4375,356152.53125,361045.59375,311980.375,323079.375,345185.25,314950.03125,342321.53125,-0.038330078125,0.953857421875,-0.287353515625,0.03051757626235485,1.0986326932907104,-0.03051757626235485,93.33334350585938,62331.0,1.0
364142.21875,356147.25,360980.96875,311988.53125,323007.75,345177.125,314910.25,342322.78125,-0.04052734375,0.954833984375,-0.285888671875,-0.0610351525247097,1.0375975370407104,-0.0610351525247097,93.33334350585938,62332.0,1.0
364173.9375,356186.875,361172.8125,311995.15625,323148.65625,345218.875,314971.6875,342383.21875,-0.041748046875,0.957275390625,-0.284912109375,-0.1220703050494194,0.8239745497703552,-0.03051757626235485,93.33334350585938,62333.0,1.0
364176.28125,356199.125,361261.53125,311990.65625,323237.09375,345232.90625,315017.09375,342391.09375,-0.038818359375,0.955078125,-0.28759765625,-0.0610351525247097,0.7019042372703552,-0.03051757626235485,93.33334350585938,62334.0,1.0
364151.40625,356168.34375,361090.125,311992.09375,323115.75,345198.65625,314969.0,342342.09375,-0.041259765625,0.95361328125,-0.287109375,-0.1525878757238388,0.5798339247703552,-0.0915527269244194,93.33334350585938,62335.0,1.0
364142.84375,356152.34375,360980.15625,311997.65625,323010.71875,345178.28125,314916.15625,342324.40625,-0.039794921875,0.950927734375,-0.290771484375,-0.1831054538488388,0.5187987685203552,-0.03051757626235485,93.33334350585938,62336.0,1.0
364165.8125,356182.65625,361138.75,311996.3125,323119.78125,345210.625,314959.6875,342372.25,-0.03662109375,0.9521484375,-0.29248046875,-0.0610351525247097,0.5798339247703552,0.0610351525247097,93.33334350585938,62337.0,1.0
364178.6875,356203.125,361269.375,311991.28125,323239.3125,345237.8125,315018.4375,342395.3125,-0.03662109375,0.9521484375,-0.291748046875,-0.1220703050494194,0.4882812201976776,0.2136230319738388,93.33334350585938,62338.0,1.0
364152.9375,356169.0625,361123.21875,311984.78125,323140.53125,345206.15625,314978.28125,342342.5625,-0.035888671875,0.951171875,-0.291015625,-0.0915527269244194,0.4577636420726776,0.2746581733226776,93.33334350585938,62339.0,1.0
364147.125,356151.5625,360978.375,311995.0625,323013.21875,345182.5625,314917.40625,342318.15625,-0.03662109375,0.95263671875,-0.291015625,-0.1831054538488388,0.4882812201976776,0.4577636420726776,93.33334350585938,62340.0,1.0
364171.96875,356178.90625,361104.875,312002.375,323094.75,345211.90625,314946.90625,342366.0625,-0.0361328125,0.95068359375,-0.29248046875,-0.2136230319738388,0.5798339247703552,0.4577636420726776,93.33334350585938,62341.0,1.0
364182.71875,356200.53125,361270.28125,311993.96875,323234.9375,345241.9375,315015.3125,342397.625,-0.034423828125,0.947998046875,-0.293212890625,-0.2441406100988388,0.4577636420726776,0.3967284858226776,93.33334350585938,62342.0,1.0
364157.0625,356175.0625,361160.21875,311985.5625,323168.6875,345214.03125,314991.4375,342353.625,-0.03466796875,0.947509765625,-0.292724609375,-0.2136230319738388,0.4882812201976776,0.5187987685203552,93.33334350585938,62343.0,1.0
364142.375,356150.3125,360982.3125,311994.78125,323020.4375,345183.1875,314922.59375,342317.96875,-0.03515625,0.946533203125,-0.28955078125,0.0,0.4577636420726776,0.6713866591453552,93.33334350585938,62344.0,1.0
364159.1875,356168.1875,361062.9375,312000.3125,323061.9375,345198.21875,314932.96875,342356.6875,-0.03564453125,0.9482421875,-0.2890625,0.03051757626235485,0.4577636420726776,0.6103515028953552,93.33334350585938,62345.0,1.0
364176.46875,356195.53125,361246.40625,311993.34375,323211.59375,345228.34375,314997.59375,342390.65625,-0.036376953125,0.9482421875,-0.2919921875,0.0915527269244194,0.4577636420726776,0.5798339247703552,93.33334350585938,62346.0,1.0
364158.40625,356179.34375,361186.875,311985.03125,323186.9375,345213.15625,314989.46875,342354.8125,-0.038330078125,0.952392578125,-0.29638671875,0.1525878757238388,0.4272460639476776,0.5798339247703552,93.33334350585938,62347.0,1.0
364136.5,356147.25,360990.0,311984.21875,323029.84375,345176.5625,314916.96875,342311.625,-0.0361328125,0.9541015625,-0.29443359375,0.0915527269244194,0.2746581733226776,0.4882812201976776,93.33334350585938,62348.0,1.0
364150.96875,356158.71875,361020.3125,311990.59375,323029.3125,345187.03125,314910.15625,342339.34375,-0.036376953125,0.953857421875,-0.2919921875,0.0915527269244194,0.3051757514476776,0.3967284858226776,93.33334350585938,62349.0,1.0
364178.34375,356196.4375,361225.75,311990.9375,323192.46875,345229.0625,314986.96875,342388.15625,-0.036376953125,0.951904296875,-0.29150390625,0.03051757626235485,0.2441406100988388,0.2441406100988388,93.33334350585938,62350.0,1.0
364165.53125,356185.4375,361217.09375,311979.5,323207.75,345221.5625,315000.75,342364.0,-0.035400390625,0.948486328125,-0.290771484375,0.1525878757238388,0.1525878757238388,0.2136230319738388,93.33334350585938,62351.0,1.0
364142.65625,356153.0625,361016.28125,311981.46875,323051.125,345182.21875,314931.53125,342314.65625,-0.03369140625,0.947998046875,-0.293212890625,0.2136230319738388,0.2136230319738388,0.2136230319738388,93.33334350585938,62352.0,1.0
364154.5625,356160.125,361002.40625,311994.34375,323017.5,345184.0,314913.75,342333.4375,-0.0302734375,0.94970703125,-0.29443359375,0.2136230319738388,0.3051757514476776,0.1220703050494194,93.33334350585938,62353.0,1.0
364177.25,356196.6875,361201.4375,311993.625,323169.5,345223.59375,314979.28125,342385.5625,-0.032470703125,0.948486328125,-0.294189453125,0.3356933295726776,0.2746581733226776,0.0915527269244194,93.33334350585938,62354.0,1.0
364168.3125,356196.625,361246.125,311981.28125,323225.1875,345230.21875,315007.96875,342377.5,-0.033203125,0.947998046875,-0.295166015625,0.3662109076976776,0.4272460639476776,0.03051757626235485,93.33334350585938,62355.0,1.0
364141.0625,356158.15625,361052.40625,311980.84375,323081.4375,345191.15625,314943.15625,342323.15625,-0.031982421875,0.947021484375,-0.295166015625,0.3356933295726776,0.4577636420726776,0.0,93.33334350585938,62356.0,1.0
364144.0,356153.15625,360983.375,311992.71875,323007.125,345182.75,314905.4375,342328.6875,-0.03369140625,0.94873046875,-0.292724609375,0.3051757514476776,0.4882812201976776,0.03051757626235485,93.33334350585938,62357.0,1.0
364171.90625,356190.34375,361168.71875,311992.90625,323142.125,345218.5,314961.65625,342385.03125,-0.033203125,0.949462890625,-0.2919921875,0.4272460639476776,0.5798339247703552,0.0,93.33334350585938,62358.0,1.0
364173.0625,356200.1875,361257.75,311984.84375,323231.53125,345232.46875,315007.8125,342391.71875,-0.03271484375,0.950927734375,-0.294189453125,0.2441406100988388,0.6103515028953552,0.0,93.33334350585938,62359.0,1.0
364148.03125,356163.09375,361086.0,311979.3125,323108.4375,345194.09375,314954.59375,342329.40625,-0.031005859375,0.95166015625,-0.291015625,0.2746581733226776,0.6408690810203552,0.0610351525247097,93.33334350585938,62360.0,1.0
364148.1875,356148.5,360969.25,311990.84375,322999.96875,345173.0,314899.53125,342317.0625,-0.03173828125,0.9521484375,-0.29052734375,0.1831054538488388,0.7324218153953552,0.03051757626235485,93.33334350585938,62361.0,1.0
364176.90625,356183.5625,361130.96875,312000.25,323111.8125,345209.5625,314947.09375,342372.78125,-0.03369140625,0.951416015625,-0.291015625,0.2441406100988388,0.7324218153953552,0.1220703050494194,93.33334350585938,62362.0,1.0
364185.3125,356201.8125,361269.75,311993.1875,323236.28125,345235.40625,315009.0625,342392.875,-0.0341796875,0.95166015625,-0.2939453125,0.1220703050494194,0.7324218153953552,0.0610351525247097,93.33334350585938,62363.0,1.0
364157.84375,356172.125,361128.46875,311986.03125,323143.46875,345204.46875,314972.03125,342341.84375,-0.03515625,0.951416015625,-0.29296875,0.0610351525247097,0.7324218153953552,0.0610351525247097,93.33334350585938,62364.0,1.0
364145.0625,356151.71875,360977.03125,311992.90625,323012.5,345180.0625,314913.65625,342321.0,-0.03759765625,0.9501953125,-0.2919921875,0.0915527269244194,0.7934569716453552,0.0610351525247097,93.33334350585938,62365.0,1.0
364166.15625,356176.6875,361097.46875,311997.71875,323085.90625,345205.625,314941.71875,342369.8125,-0.037841796875,0.950927734375,-0.293212890625,-0.0610351525247097,0.7324218153953552,0.03051757626235485,93.33334350585938,62366.0,1.0
364182.53125,356206.0,361269.5625,311994.15625,323231.71875,345239.34375,315012.0,342404.0625,-0.0380859375,0.951416015625,-0.292236328125,-0.1220703050494194,0.7934569716453552,0.0610351525247097,93.33334350585938,62367.0,1.0
364157.40625,356181.15625,361170.78125,311982.4375,323174.5,345214.125,314987.3125,342347.1875,-0.03759765625,0.951171875,-0.291748046875,-0.2136230319738388,0.8544921278953552,0.03051757626235485,93.33334350585938,62368.0,1.0
364138.8125,356153.25,360989.0,311988.34375,323023.75,345180.96875,314916.34375,342309.46875,-0.037109375,0.9501953125,-0.292236328125,-0.2441406100988388,0.6408690810203552,-0.03051757626235485,93.33334350585938,62369.0,1.0
364155.4375,356171.65625,361061.6875,311993.625,323058.8125,345198.03125,314925.625,342352.125,-0.037353515625,0.94921875,-0.292236328125,-0.3662109076976776,0.5798339247703552,-0.03051757626235485,93.33334350585938,62370.0,1.0
364176.625,356205.5625,361254.09375,311992.625,323214.46875,345235.3125,314997.4375,342397.625,-0.037353515625,0.94921875,-0.291748046875,-0.2746581733226776,0.6103515028953552,-0.0610351525247097,93.33334350585938,62371.0,1.0
364163.65625,356189.375,361204.03125,311988.25,323196.21875,345221.46875,314994.46875,342366.6875,-0.03466796875,0.949951171875,-0.29345703125,-0.3967284858226776,0.5798339247703552,-0.0915527269244194,93.33334350585938,62372.0,1.0
364144.90625,356157.28125,361009.3125,311990.03125,323041.65625,345183.375,314922.25,342315.46875,-0.037109375,0.949951171875,-0.294921875,-0.3662109076976776,0.4882812201976776,-0.1220703050494194,93.33334350585938,62373.0,1.0
364158.84375,356170.25,361035.84375,311997.90625,323039.75,345195.8125,314916.34375,342341.9375,-0.034912109375,0.9501953125,-0.29443359375,-0.3967284858226776,0.4577636420726776,0.03051757626235485,93.33334350585938,62374.0,1.0
364183.78125,356208.25,361239.78125,311997.8125,323200.34375,345239.0625,314990.53125,342398.96875,-0.035400390625,0.94775390625,-0.29248046875,-0.4272460639476776,0.5798339247703552,0.0,93.33334350585938,62375.0,1.0
364174.65625,356204.65625,361241.125,311989.59375,323225.8125,345236.46875,315009.21875,342383.84375,-0.035400390625,0.9501953125,-0.29296875,-0.4577636420726776,0.4882812201976776,0.0,93.33334350585938,62376.0,1.0
364148.03125,356167.375,361039.34375,311989.5,323069.4375,345194.0,314940.9375,342329.78125,-0.03564453125,0.94921875,-0.295654296875,-0.5187987685203552,0.6103515028953552,0.0610351525247097,93.33334350585938,62377.0,1.0
364153.28125,356165.125,361010.71875,311995.59375,323022.15625,345184.625,314910.4375,342336.21875,-0.035400390625,0.949462890625,-0.293701171875,-0.5187987685203552,0.4882812201976776,0.03051757626235485,93.33334350585938,62378.0,1.0
364183.59375,356202.25,361209.40625,312003.28125,323174.15625,345225.03125,314977.59375,342395.75,-0.034912109375,0.948974609375,-0.29345703125,-0.5798339247703552,0.4882812201976776,0.03051757626235485,93.33334350585938,62379.0,1.0
364177.875,356202.15625,361256.6875,311989.15625,323231.8125,345226.8125,315006.625,342382.15625,-0.037109375,0.9482421875,-0.293701171875,-0.7019042372703552,0.4577636420726776,0.0610351525247097,93.33334350585938,62380.0,1.0
364148.1875,356162.28125,361060.09375,311979.21875,323085.0,345184.0,314940.28125,342318.59375,-0.035400390625,0.949462890625,-0.29150390625,-0.7019042372703552,0.4882812201976776,0.1220703050494194,93.33334350585938,62381.0,1.0
364150.34375,356157.1875,360984.625,311988.25,323007.40625,345173.90625,314903.09375,342324.40625,-0.03662109375,0.94970703125,-0.291259765625,-0.7324218153953552,0.3662109076976776,0.1220703050494194,93.33334350585938,62382.0,1.0
364182.8125,356198.125,361173.90625,311996.03125,323143.65625,345218.0625,314962.8125,342381.90625,-0.0380859375,0.948486328125,-0.29052734375,-0.7629393935203552,0.3356933295726776,0.1525878757238388,93.33334350585938,62383.0,1.0
364183.875,356213.40625,361273.9375,311987.4375,323241.90625,345237.1875,315013.53125,342393.34375,-0.03857421875,0.94921875,-0.296630859375,-0.7934569716453552,0.3051757514476776,0.0,93.33334350585938,62384.0,1.0
364157.59375,356182.5625,361107.03125,311986.03125,323127.03125,345207.15625,314969.4375,342345.9375,-0.03857421875,0.94921875,-0.29443359375,-0.7324218153953552,0.2746581733226776,0.0610351525247097,93.33334350585938,62385.0,1.0
364148.28125,356163.09375,360985.25,311990.59375,323011.875,345181.59375,314909.71875,342324.5,-0.03857421875,0.948486328125,-0.2919921875,-0.6713866591453552,0.1831054538488388,0.0915527269244194,93.33334350585938,62386.0,1.0
364171.34375,356187.03125,361136.34375,311993.09375,323113.0,345206.875,314946.65625,342366.5,-0.037353515625,0.948974609375,-0.29150390625,-0.7324218153953552,0.1525878757238388,0.0610351525247097,93.33334350585938,62387.0,1.0
364181.1875,356203.40625,361275.46875,311989.59375,323237.625,345228.625,315005.21875,342388.25,-0.037353515625,0.9482421875,-0.291015625,-0.7019042372703552,0.1220703050494194,0.1220703050494194,93.33334350585938,62388.0,1.0
364158.46875,356174.53125,361145.65625,311988.4375,323155.28125,345203.5625,314974.71875,342343.1875,-0.037841796875,0.9482421875,-0.291748046875,-0.8239745497703552,0.1831054538488388,0.0915527269244194,93.33334350585938,62389.0,1.0
364142.03125,356146.8125,360982.65625,311989.34375,323014.5625,345174.25,314910.4375,342311.96875,-0.03759765625,0.94775390625,-0.296142578125,-0.9460448622703552,0.2136230319738388,0.0610351525247097,93.33334350585938,62390.0,1.0
364165.71875,356175.15625,361098.09375,311993.8125,323083.84375,345203.125,314940.46875,342359.4375,-0.03662109375,0.949951171875,-0.292724609375,-0.8544921278953552,0.1220703050494194,0.0610351525247097,93.33334350585938,62391.0,1.0
364183.15625,356206.1875,361271.09375,311990.40625,323230.03125,345235.40625,315008.4375,342389.75,-0.035400390625,0.9501953125,-0.293701171875,-0.9765624403953552,0.1220703050494194,0.1220703050494194,93.33334350585938,62392.0,1.0
364161.53125,356182.65625,361178.46875,311983.34375,323177.625,345211.96875,314989.375,342350.34375,-0.034423828125,0.949951171875,-0.295166015625,-1.0986326932907104,0.1220703050494194,0.1220703050494194,93.33334350585938,62393.0,1.0
364138.8125,356148.34375,360989.90625,311980.65625,323021.34375,345175.40625,314914.28125,342306.0625,-0.0361328125,0.949951171875,-0.29248046875,-1.1291502714157104,0.0915527269244194,0.1831054538488388,93.33334350585938,62394.0,1.0
364157.15625,356169.78125,361056.5,311986.375,323050.59375,345192.65625,314921.34375,342341.40625,-0.036376953125,0.951171875,-0.294677734375,-1.1596678495407104,0.0610351525247097,0.2136230319738388,93.33334350585938,62395.0,1.0
364172.875,356198.9375,361244.71875,311979.5,323203.1875,345226.09375,314986.53125,342381.0,-0.0361328125,0.94970703125,-0.29052734375,-1.2207030057907104,0.2136230319738388,0.2136230319738388,93.33334350585938,62396.0,1.0
364158.46875,356186.0625,361205.71875,311972.78125,323196.0625,345215.375,314986.6875,342351.6875,-0.037841796875,0.94970703125,-0.28759765625,-1.2817381620407104,0.2136230319738388,0.1831054538488388,93.33334350585938,62397.0,1.0
364137.65625,356151.375,361005.375,311975.90625,323035.375,345172.8125,314914.1875,342300.875,-0.03759765625,0.949462890625,-0.287109375,-1.2207030057907104,0.1831054538488388,0.2136230319738388,93.33334350585938,62398.0,1.0
364148.65625,356159.0625,361018.96875,311982.90625,323023.3125,345177.90625,314903.46875,342329.3125,-0.035400390625,0.95068359375,-0.290283203125,-1.3122557401657104,0.2136230319738388,0.2746581733226776,93.33334350585938,62399.0,1.0
364169.5625,356190.1875,361219.6875,311979.75,323177.09375,345214.40625,314974.09375,342382.59375,-0.03662109375,0.94921875,-0.293212890625,-1.2512205839157104,0.2746581733226776,0.3051757514476776,93.33334350585938,62400.0,1.0
364165.8125,356191.59375,361230.21875,311971.1875,323208.65625,345215.375,314996.1875,342360.625,-0.037353515625,0.950439453125,-0.29296875,-1.2512205839157104,0.3051757514476776,0.3051757514476776,93.33334350585938,62401.0,1.0
364141.5,356159.25,361027.53125,311975.46875,323056.46875,345179.09375,314932.34375,342310.71875,-0.03515625,0.951416015625,-0.292236328125,-1.2512205839157104,0.3051757514476776,0.3662109076976776,93.33334350585938,62402.0,1.0
364150.53125,356161.5625,360996.875,311990.125,323008.75,345179.71875,314908.8125,342329.15625,-0.037353515625,0.951416015625,-0.291748046875,-1.3427733182907104,0.3662109076976776,0.3662109076976776,93.33334350585938,62403.0,1.0
364177.34375,356196.34375,361194.0,311991.03125,323156.34375,345218.96875,314976.15625,342382.53125,-0.036376953125,0.951904296875,-0.290283203125,-1.4038084745407104,0.3967284858226776,0.2746581733226776,93.33334350585938,62404.0,1.0
364174.75,356200.46875,361254.46875,311981.8125,323225.8125,345224.84375,315011.8125,342374.75,-0.035400390625,0.95068359375,-0.287841796875,-1.4038084745407104,0.3967284858226776,0.2746581733226776,93.33334350585938,62405.0,1.0
364146.875,356164.6875,361065.4375,311977.71875,323085.90625,345186.3125,314948.875,342311.71875,-0.036865234375,0.950439453125,-0.291259765625,-1.4648436307907104,0.4272460639476776,0.1220703050494194,93.33334350585938,62406.0,1.0
364145.96875,356153.78125,360977.21875,311985.9375,322997.21875,345171.375,314900.40625,342312.34375,-0.03759765625,0.951416015625,-0.288818359375,-1.5869139432907104,0.3967284858226776,0.1831054538488388,93.33334350585938,62407.0,1.0
364173.0625,356188.5625,361156.28125,311986.5625,323125.3125,345207.78125,314953.875,342369.1875,-0.037841796875,0.950439453125,-0.29150390625,-1.5869139432907104,0.3662109076976776,0.2746581733226776,93.33334350585938,62408.0,1.0
364177.4375,356202.59375,361264.03125,311979.0625,323228.9375,345222.8125,315004.03125,342379.84375,-0.037109375,0.95068359375,-0.2919921875,-1.6174315214157104,0.3356933295726776,0.2746581733226776,93.33334350585938,62409.0,1.0
364151.5,356174.875,361104.53125,311977.15625,323118.25,345191.0625,314959.78125,342327.96875,-0.038330078125,0.949951171875,-0.287841796875,-1.6174315214157104,0.4272460639476776,0.3051757514476776,93.33334350585938,62410.0,1.0
364141.0625,356158.4375,360979.53125,311985.3125,323003.09375,345171.75,314904.4375,342312.78125,-0.0380859375,0.948974609375,-0.288818359375,-1.5563963651657104,0.4882812201976776,0.3356933295726776,93.33334350585938,62411.0,1.0
364168.9375,356191.59375,361132.78125,311992.90625,323106.0,345208.40625,314950.3125,342368.65625,-0.03662109375,0.950439453125,-0.290283203125,-1.6479490995407104,0.4882812201976776,0.2441406100988388,93.33334350585938,62412.0,1.0
364179.125,356209.5625,361278.875,311983.78125,323235.46875,345231.28125,315009.6875,342386.375,-0.037841796875,0.949951171875,-0.2919921875,-1.6784666776657104,0.4272460639476776,0.3356933295726776,93.33334350585938,62413.0,1.0
364152.21875,356179.71875,361145.375,311972.25,323149.28125,345200.0,314973.5625,342331.8125,-0.039306640625,0.94921875,-0.288330078125,-1.7089842557907104,0.4272460639476776,0.3356933295726776,93.33334350585938,62414.0,1.0
364140.15625,356152.53125,360979.875,311977.4375,323006.40625,345170.21875,314907.46875,342303.03125,-0.038818359375,0.9501953125,-0.288330078125,-1.7089842557907104,0.4577636420726776,0.3662109076976776,93.33334350585938,62415.0,1.0
364163.40625,356173.28125,361087.875,311982.34375,323069.90625,345196.875,314933.84375,342347.125,-0.03759765625,0.947998046875,-0.2890625,-1.8005369901657104,0.5798339247703552,0.3662109076976776,93.33334350585938,62416.0,1.0
364183.875,356203.59375,361266.4375,311980.65625,323219.75,345231.75,315010.9375,342389.40625,-0.03857421875,0.9482421875,-0.2900390625,-1.6784666776657104,0.5493163466453552,0.3967284858226776,93.33334350585938,62417.0,1.0
364161.0,356181.6875,361176.5,311967.4375,323170.75,345206.25,314991.78125,342336.46875,-0.0380859375,0.947998046875,-0.2890625,-1.6479490995407104,0.5187987685203552,0.6103515028953552,93.33334350585938,62418.0,1.0
364136.84375,356148.96875,360980.59375,311970.03125,323010.0,345168.34375,314914.28125,342294.0,-0.041259765625,0.947021484375,-0.28369140625,-1.6784666776657104,0.5187987685203552,0.6103515028953552,93.33334350585938,62419.0,1.0
364153.84375,356166.65625,361043.53125,311981.8125,323034.3125,345186.78125,314918.75,342334.3125,-0.039794921875,0.948974609375,-0.287353515625,-1.7089842557907104,0.5798339247703552,0.5798339247703552,93.33334350585938,62420.0,1.0
364180.5625,356204.65625,361247.40625,311983.875,323199.71875,345229.15625,314995.375,342380.0,-0.041015625,0.948486328125,-0.286376953125,-1.6479490995407104,0.4882812201976776,0.4882812201976776,93.33334350585938,62421.0,1.0
364161.625,356188.125,361206.96875,311971.8125,323189.875,345212.59375,314994.46875,342348.46875,-0.041015625,0.948486328125,-0.28466796875,-1.5869139432907104,0.4272460639476776,0.5187987685203552,93.33334350585938,62422.0,1.0
364134.625,356150.84375,361002.78125,311969.21875,323027.6875,345170.0625,314921.0,342302.3125,-0.03955078125,0.951171875,-0.287841796875,-1.5869139432907104,0.4882812201976776,0.5798339247703552,93.33334350585938,62423.0,1.0
364143.09375,356153.53125,361006.8125,311974.21875,323008.28125,345168.8125,314902.84375,342318.875,-0.037841796875,0.94970703125,-0.289306640625,-1.4953612089157104,0.5187987685203552,0.5493163466453552,93.33334350585938,62424.0,1.0
364167.4375,356188.46875,361209.9375,311971.71875,323165.5625,345207.78125,314967.3125,342364.71875,-0.035400390625,0.949462890625,-0.284423828125,-1.5563963651657104,0.5187987685203552,0.5798339247703552,93.33334350585938,62425.0,1.0
364161.875,356187.40625,361229.96875,311967.25,323203.125,345212.0625,314990.46875,342351.5,-0.033935546875,0.950439453125,-0.2861328125,-1.4038084745407104,0.3967284858226776,0.6408690810203552,93.33334350585938,62426.0,1.0
364141.84375,356155.3125,361031.03125,311972.625,323052.375,345176.3125,314924.84375,342304.28125,-0.032958984375,0.949462890625,-0.289794921875,-1.4953612089157104,0.5187987685203552,0.6408690810203552,93.33334350585938,62427.0,1.0
364142.65625,356153.0625,360987.9375,311980.03125,322997.65625,345174.4375,314894.4375,342317.78125,-0.03466796875,0.950439453125,-0.289306640625,-1.4953612089157104,0.4882812201976776,0.7934569716453552,93.33334350585938,62428.0,1.0
364168.40625,356190.1875,361184.34375,311980.46875,323144.46875,345214.84375,314956.375,342373.9375,-0.0361328125,0.952392578125,-0.288330078125,-1.4343260526657104,0.5798339247703552,0.7934569716453552,93.33334350585938,62429.0,1.0
364164.84375,356194.1875,361248.03125,311971.0,323214.8125,345222.625,314992.40625,342370.53125,-0.035888671875,0.951171875,-0.288818359375,-1.2817381620407104,0.5798339247703552,0.7019042372703552,93.33334350585938,62430.0,1.0
364142.65625,356165.40625,361067.59375,311973.5,323082.84375,345191.0625,314939.21875,342319.5625,-0.038818359375,0.950927734375,-0.2900390625,-1.2817381620407104,0.6408690810203552,0.6408690810203552,93.33334350585938,62431.0,1.0
364146.78125,356157.1875,360979.625,311981.0,322994.53125,345179.625,314895.25,342314.75,-0.036865234375,0.950439453125,-0.285400390625,-1.4038084745407104,0.6713866591453552,0.6713866591453552,93.33334350585938,62432.0,1.0
364173.40625,356187.5,361153.0625,311978.4375,323116.75,345210.28125,314941.5625,342363.75,-0.03759765625,0.949462890625,-0.283935546875,-1.3427733182907104,0.6713866591453552,0.7324218153953552,93.33334350585938,62433.0,1.0
364180.9375,356203.125,361264.65625,311974.3125,323223.6875,345229.3125,314995.28125,342371.25,-0.037109375,0.947265625,-0.285888671875,-1.3427733182907104,0.6103515028953552,0.6713866591453552,93.33334350585938,62434.0,1.0
364157.59375,356174.4375,361105.6875,311974.125,323113.875,345198.21875,314955.0625,342324.40625,-0.03759765625,0.94921875,-0.283203125,-1.2512205839157104,0.5798339247703552,0.4577636420726776,93.33334350585938,62435.0,1.0
364146.59375,356156.46875,360972.28125,311979.9375,322993.71875,345174.15625,314901.5,342313.40625,-0.03466796875,0.948486328125,-0.284912109375,-1.2512205839157104,0.6103515028953552,0.4882812201976776,93.33334350585938,62436.0,1.0
364163.9375,356183.03125,361111.03125,311979.0625,323082.6875,345200.1875,314933.3125,342355.25,-0.033447265625,0.94970703125,-0.284912109375,-1.1596678495407104,0.7019042372703552,0.4882812201976776,93.33334350585938,62437.0,1.0
364180.03125,356212.4375,361270.0,311978.25,323222.875,345234.15625,315003.5,342377.5,-0.034423828125,0.951416015625,-0.287109375,-1.0681151151657104,0.7324218153953552,0.4882812201976776,93.33334350585938,62438.0,1.0
364154.46875,356181.9375,361144.03125,311972.15625,323142.59375,345205.28125,314970.875,342329.0625,-0.032470703125,0.950927734375,-0.28759765625,-1.0681151151657104,0.7324218153953552,0.5187987685203552,93.33334350585938,62439.0,1.0
364137.375,356152.625,360970.9375,311975.21875,322992.46875,345171.03125,314894.34375,342292.5,-0.0322265625,0.949462890625,-0.287841796875,-1.0986326932907104,0.7324218153953552,0.5187987685203552,93.33334350585938,62440.0,1.0
364162.9375,356178.71875,361076.0,311985.3125,323054.96875,345198.03125,314915.1875,342340.59375,-0.0322265625,0.947998046875,-0.2861328125,-1.1596678495407104,0.8850097060203552,0.5798339247703552,93.33334350585938,62441.0,1.0
364178.0625,356204.65625,361253.65625,311974.84375,323205.4375,345228.78125,314984.1875,342374.46875,-0.031005859375,0.947509765625,-0.289306640625,-0.9765624403953552,0.9460448622703552,0.5798339247703552,93.33334350585938,62442.0,1.0
364151.5,356177.5625,361164.6875,311961.34375,323156.25,345203.5625,314966.3125,342332.09375,-0.032470703125,0.947021484375,-0.28857421875,-0.9155272841453552,0.9765624403953552,0.6408690810203552,93.33334350585938,62443.0,1.0
364136.125,356149.125,360978.53125,311969.125,323002.125,345172.03125,314896.21875,342298.5625,-0.033203125,0.948486328125,-0.28515625,-0.7629393935203552,1.0681151151657104,0.7934569716453552,93.33334350585938,62444.0,1.0
364153.75,356165.125,361033.34375,311978.78125,323022.875,345187.3125,314900.875,342338.09375,-0.031005859375,0.94970703125,-0.28857421875,-0.7324218153953552,1.1901854276657104,0.8239745497703552,93.33334350585938,62445.0,1.0
364179.59375,356203.59375,361236.46875,311980.03125,323185.3125,345227.4375,314978.28125,342388.34375,-0.03173828125,0.94970703125,-0.287353515625,-0.7629393935203552,1.2207030057907104,0.8239745497703552,93.33334350585938,62446.0,1.0
364164.75,356195.0,361207.96875,311975.125,323186.21875,345219.65625,314985.53125,342362.65625,-0.031982421875,0.94970703125,-0.28662109375,-0.7324218153953552,1.1901854276657104,0.8850097060203552,93.33334350585938,62447.0,1.0
364134.78125,356158.78125,361005.375,311976.375,323027.875,345177.5625,314912.9375,342310.90625,-0.03369140625,0.949951171875,-0.287841796875,-0.6713866591453552,1.2512205839157104,0.9460448622703552,93.33334350585938,62448.0,1.0
364147.03125,356165.78125,361014.5625,311990.21875,323013.65625,345183.46875,314902.03125,342336.28125,-0.034423828125,0.948974609375,-0.28466796875,-0.5798339247703552,1.2207030057907104,0.8850097060203552,93.33334350585938,62449.0,1.0
364176.46875,356203.0625,361221.28125,311993.34375,323170.5625,345224.59375,314972.40625,342387.96875,-0.036376953125,0.9501953125,-0.285400390625,-0.5187987685203552,1.2817381620407104,0.6408690810203552,93.33334350585938,62450.0,1.0
364171.53125,356199.03125,361239.96875,311983.15625,323210.0,345223.59375,314994.3125,342368.46875,-0.0380859375,0.94970703125,-0.287353515625,-0.4882812201976776,1.2207030057907104,0.5798339247703552,93.33334350585938,62451.0,1.0
364145.59375,356159.0625,361034.34375,311973.78125,323051.46875,345179.25,314922.9375,342311.25,-0.04052734375,0.951416015625,-0.288330078125,-0.4272460639476776,1.1291502714157104,0.4882812201976776,93.33334350585938,62452.0,1.0
364152.03125,356156.1875,360982.75,311978.15625,322988.4375,345170.75,314885.5,342315.5625,-0.039794921875,0.95361328125,-0.28466796875,-0.3967284858226776,0.9765624403953552,0.3662109076976776,93.33334350585938,62453.0,1.0
364182.4375,356197.40625,361182.84375,311982.96875,323138.03125,345215.46875,314951.65625,342374.03125,-0.0400390625,0.95556640625,-0.284912109375,-0.3662109076976776,0.9460448622703552,0.2746581733226776,93.33334350585938,62454.0,1.0
364175.28125,356202.15625,361252.65625,311972.96875,323214.71875,345227.34375,314990.46875,342371.78125,-0.041259765625,0.956787109375,-0.286865234375,-0.4882812201976776,0.7934569716453552,0.0915527269244194,93.33334350585938,62455.0,1.0
364146.5,356167.09375,361070.8125,311973.0625,323083.84375,345193.28125,314934.21875,342315.09375,-0.040283203125,0.9580078125,-0.287109375,-0.5187987685203552,0.6713866591453552,-0.1831054538488388,93.33334350585938,62456.0,1.0
364140.875,356155.40625,360973.1875,311981.46875,322988.34375,345178.90625,314886.5625,342310.375,-0.03955078125,0.959228515625,-0.286865234375,-0.7019042372703552,0.5493163466453552,-0.2136230319738388,93.33334350585938,62457.0,1.0
364170.1875,356191.34375,361153.34375,311987.375,323115.5,345218.5,314944.5,342371.625,-0.037109375,0.95849609375,-0.28662109375,-0.9155272841453552,0.4882812201976776,-0.2136230319738388,93.33334350585938,62458.0,1.0
364177.96875,356206.0,361277.53125,311980.125,323230.65625,345238.71875,315002.53125,342382.59375,-0.0322265625,0.958251953125,-0.289306640625,-1.0375975370407104,0.4882812201976776,-0.2441406100988388,93.33334350585938,62459.0,1.0
364149.53125,356170.875,361118.75,311974.5,323122.03125,345200.96875,314958.0,342332.625,-0.031494140625,0.95947265625,-0.2890625,-1.0681151151657104,0.4577636420726776,-0.2136230319738388,93.33334350585938,62460.0,1.0
364138.1875,356146.8125,360975.15625,311981.28125,322994.0625,345172.09375,314896.65625,342316.8125,-0.0322265625,0.957763671875,-0.287841796875,-1.2207030057907104,0.5493163466453552,0.0,93.33334350585938,62461.0,1.0
364163.75,356176.75,361114.625,311985.5625,323085.0,345202.9375,314937.4375,342367.3125,-0.031494140625,0.9541015625,-0.287353515625,-1.2817381620407104,0.6103515028953552,0.03051757626235485,93.33334350585938,62462.0,1.0
364175.5625,356200.375,361266.875,311972.625,323218.59375,345231.125,314998.0625,342385.8125,-0.0302734375,0.950927734375,-0.288330078125,-1.3427733182907104,0.6408690810203552,0.1220703050494194,93.33334350585938,62463.0,1.0
364152.40625,356174.875,361147.34375,311968.84375,323142.75,345206.15625,314969.25,342337.53125,-0.033447265625,0.950439453125,-0.28857421875,-1.4038084745407104,0.6713866591453552,0.2136230319738388,93.33334350585938,62464.0,1.0
364138.0,356149.59375,360977.375,311977.0,322997.375,345175.59375,314901.125,342303.9375,-0.03515625,0.949462890625,-0.2861328125,-1.3732908964157104,0.7019042372703552,0.2746581733226776,93.33334350585938,62465.0,1.0
364160.53125,356174.96875,361080.65625,311985.3125,323058.28125,345200.71875,314923.9375,342353.09375,-0.03564453125,0.947021484375,-0.28466796875,-1.3122557401657104,0.7934569716453552,0.3662109076976776,93.33334350585938,62466.0,1.0
364184.78125,356210.65625,361272.0625,311986.46875,323219.03125,345239.53125,314999.03125,342394.9375,-0.037841796875,0.94677734375,-0.285888671875,-1.2512205839157104,0.7629393935203552,0.5493163466453552,93.33334350585938,62467.0,1.0
364163.59375,356186.6875,361192.6875,311975.03125,323177.28125,345214.125,314977.65625,342347.46875,-0.037841796875,0.94677734375,-0.28466796875,-1.1901854276657104,0.7629393935203552,0.6408690810203552,93.33334350585938,62468.0,1.0
364144.28125,356152.625,360998.46875,311976.8125,323018.3125,345172.8125,314901.9375,342303.03125,-0.03759765625,0.946533203125,-0.282470703125,-1.2207030057907104,0.7019042372703552,0.7019042372703552,93.33334350585938,62469.0,1.0
364163.9375,356170.875,361046.5,311984.84375,323034.21875,345185.4375,314905.96875,342339.4375,-0.03857421875,0.94580078125,-0.285400390625,-1.2207030057907104,0.7019042372703552,0.7629393935203552,93.33334350585938,62470.0,1.0
364189.78125,356203.75,361246.59375,311985.65625,323192.84375,345224.5,314977.59375,342388.34375,-0.0390625,0.9462890625,-0.2841796875,-1.1901854276657104,0.6103515028953552,0.7934569716453552,93.33334350585938,62471.0,1.0
364179.75,356192.40625,361224.15625,311980.125,323197.84375,345217.875,314983.84375,342358.5625,-0.037109375,0.9462890625,-0.283935546875,-1.1291502714157104,0.6408690810203552,0.7934569716453552,93.33334350585938,62472.0,1.0
364152.125,356156.1875,361022.25,311974.75,323038.875,345178.0,314913.46875,342305.53125,-0.03759765625,0.9462890625,-0.282470703125,-1.2207030057907104,0.6103515028953552,0.7629393935203552,93.33334350585938,62473.0,1.0
364158.46875,356162.375,361015.65625,311982.1875,323011.15625,345182.3125,314898.375,342326.90625,-0.0380859375,0.94873046875,-0.28369140625,-1.0986326932907104,0.5798339247703552,0.8239745497703552,93.33334350585938,62474.0,1.0
364183.15625,356200.375,361221.28125,311987.0,323168.875,345224.3125,314968.625,342381.28125,-0.03857421875,0.946533203125,-0.28662109375,-1.0375975370407104,0.4882812201976776,0.7934569716453552,93.33334350585938,62475.0,1.0
364173.9375,356198.65625,361248.1875,311980.5625,323212.5,345226.03125,314994.375,342370.09375,-0.035888671875,0.947265625,-0.283447265625,-1.0986326932907104,0.4882812201976776,0.7019042372703552,93.33334350585938,62476.0,1.0
364144.28125,356160.59375,361045.875,311976.71875,323058.71875,345183.625,314925.90625,342309.90625,-0.03369140625,0.947998046875,-0.285400390625,-1.0986326932907104,0.4272460639476776,0.6103515028953552,93.33334350585938,62477.0,1.0
364148.46875,356156.1875,360989.625,311987.1875,322992.90625,345180.25,314894.4375,342317.96875,-0.033447265625,0.947509765625,-0.284912109375,-1.1291502714157104,0.4577636420726776,0.5493163466453552,93.33334350585938,62478.0,1.0
364174.125,356189.28125,361183.46875,311985.3125,323135.34375,345219.65625,314958.28125,342376.15625,-0.032958984375,0.947021484375,-0.2861328125,-1.0681151151657104,0.4577636420726776,0.5187987685203552,93.33334350585938,62479.0,1.0
364172.25,356193.125,361256.78125,311973.40625,323212.6875,345225.84375,314996.34375,342367.3125,-0.032958984375,0.94873046875,-0.28662109375,-1.1291502714157104,0.4577636420726776,0.4882812201976776,93.33334350585938,62480.0,1.0
364145.78125,356156.65625,361072.0625,311971.09375,323078.46875,345185.6875,314935.65625,342312.59375,-0.03173828125,0.9482421875,-0.283935546875,-1.1901854276657104,0.5798339247703552,0.4577636420726776,93.33334350585938,62481.0,1.0
364136.40625,356138.6875,360965.3125,311972.78125,322975.3125,345165.3125,314881.65625,342302.78125,-0.03173828125,0.948974609375,-0.28369140625,-1.1596678495407104,0.6408690810203552,0.5187987685203552,93.33334350585938,62482.0,1.0
364164.28125,356174.0,361136.25,311978.6875,323096.53125,345203.125,314931.625,342353.625,-0.03271484375,0.94677734375,-0.28466796875,-1.1291502714157104,0.6408690810203552,0.5798339247703552,93.33334350585938,62483.0,1.0
364173.9375,356194.5625,361266.0625,311977.25,323216.0625,345228.0625,314986.96875,342372.3125,-0.0341796875,0.947021484375,-0.28466796875,-1.1596678495407104,0.6713866591453552,0.4272460639476776,93.33334350585938,62484.0,1.0
364146.6875,356163.53125,361114.09375,311971.1875,323112.90625,345193.03125,314940.84375,342321.71875,-0.033935546875,0.947998046875,-0.284912109375,-1.0986326932907104,0.6713866591453552,0.5187987685203552,93.33334350585938,62485.0,1.0
364138.28125,356141.0,360970.78125,311979.0625,322987.0,345165.75,314879.0625,342302.15625,-0.031494140625,0.948486328125,-0.283935546875,-1.0375975370407104,0.7629393935203552,0.4882812201976776,93.33334350585938,62486.0,1.0
364159.46875,356166.03125,361102.28125,311981.71875,323072.03125,345189.625,314910.4375,342349.78125,-0.033203125,0.9501953125,-0.283203125,-1.0070799589157104,0.7019042372703552,0.4882812201976776,93.33334350585938,62487.0,1.0
364175.125,356190.96875,361263.03125,311977.25,323209.375,345215.65625,314975.0625,342376.96875,-0.033203125,0.949951171875,-0.284912109375,-1.0375975370407104,0.8544921278953552,0.5187987685203552,93.33334350585938,62488.0,1.0
364156.875,356167.09375,361150.03125,311970.65625,323139.1875,345188.28125,314947.8125,342326.71875,-0.034423828125,0.950927734375,-0.28271484375,-0.9155272841453552,0.8544921278953552,0.4272460639476776,93.33334350585938,62489.0,1.0
364139.0,356138.5,360978.09375,311975.65625,322995.5,345158.96875,314880.75,342297.65625,-0.037841796875,0.951171875,-0.285400390625,-0.8850097060203552,0.8544921278953552,0.4272460639476776,93.33334350585938,62490.0,1.0
364158.9375,356162.46875,361069.03125,311982.90625,323047.28125,345185.4375,314901.125,342343.71875,-0.0380859375,0.951904296875,-0.288330078125,-0.8850097060203552,0.8239745497703552,0.3662109076976776,93.33334350585938,62491.0,1.0
364174.125,356192.40625,361253.28125,311976.0,323198.1875,345219.75,314971.84375,342381.0,-0.039306640625,0.95263671875,-0.2880859375,-0.9155272841453552,0.7324218153953552,0.3051757514476776,93.33334350585938,62492.0,1.0
364151.25,356173.1875,361186.3125,311964.5625,323166.71875,345205.09375,314967.46875,342345.0625,-0.0380859375,0.952392578125,-0.287353515625,-0.9765624403953552,0.7324218153953552,0.2441406100988388,93.33334350585938,62493.0,1.0
364128.09375,356141.09375,360992.125,311968.3125,323011.25,345170.5,314896.5625,342297.84375,-0.037841796875,0.953369140625,-0.286376953125,-0.8850097060203552,0.7324218153953552,0.2136230319738388,93.33334350585938,62494.0,1.0
364141.75,356156.125,361034.59375,311975.375,323021.0,345183.625,314897.90625,342326.90625,-0.0400390625,0.953369140625,-0.287109375,-0.8544921278953552,0.7324218153953552,0.2746581733226776,93.33334350585938,62495.0,1.0
364165.28125,356191.4375,361233.90625,311971.625,323178.6875,345221.71875,314971.3125,342367.9375,-0.037841796875,0.95361328125,-0.288818359375,-0.8544921278953552,0.4882812201976776,0.1525878757238388,93.33334350585938,62496.0,1.0
364153.84375,356181.40625,361215.28125,311964.75,323187.28125,345214.75,314981.96875,342344.15625,-0.039306640625,0.9521484375,-0.28759765625,-0.8544921278953552,0.3662109076976776,0.2136230319738388,93.33334350585938,62497.0,1.0
364130.40625,356143.40625,361012.34375,311966.625,323026.625,345173.8125,314912.9375,342296.6875,-0.03564453125,0.953857421875,-0.2880859375,-0.8850097060203552,0.3662109076976776,0.2746581733226776,93.33334350585938,62498.0,1.0
364145.25,356149.40625,361003.3125,311980.125,322997.21875,345174.0625,314893.1875,342319.84375,-0.034423828125,0.95068359375,-0.287841796875,-0.8239745497703552,0.4272460639476776,0.2746581733226776,93.33334350585938,62499.0,1.0
364172.0625,356184.90625,361204.46875,311980.84375,323149.28125,345208.9375,314955.40625,342371.96875,-0.033935546875,0.9501953125,-0.290283203125,-0.7019042372703552,0.3662109076976776,0.4577636420726776,93.33334350585938,62500.0,1.0
364166.4375,356182.3125,361235.59375,311972.15625,323197.84375,345206.53125,314978.03125,342358.65625,-0.03515625,0.953857421875,-0.288818359375,-0.7324218153953552,0.3356933295726776,0.5187987685203552,93.33334350585938,62501.0,1.0
364144.1875,356150.125,361043.0,311973.875,323054.96875,345170.75,314918.3125,342309.21875,-0.035400390625,0.954833984375,-0.28759765625,-0.7019042372703552,0.3356933295726776,0.5798339247703552,93.33334350585938,62502.0,1.0
364151.875,356148.78125,360985.6875,311983.96875,322988.0,345165.40625,314885.21875,342313.9375,-0.034912109375,0.954833984375,-0.287841796875,-0.7629393935203552,0.3662109076976776,0.7019042372703552,93.33334350585938,62503.0,1.0
364181.8125,356184.4375,361174.34375,311986.375,323123.625,345203.3125,314941.8125,342364.28125,-0.034423828125,0.950439453125,-0.287109375,-0.7934569716453552,0.4577636420726776,0.7324218153953552,93.33334350585938,62504.0,1.0
364187.375,356196.53125,361261.34375,311983.4375,323212.78125,345217.96875,314984.71875,342371.34375,-0.0341796875,0.947998046875,-0.287109375,-0.7324218153953552,0.3356933295726776,0.9155272841453552,93.33334350585938,62505.0,1.0
364161.0,356163.53125,361087.0,311979.3125,323091.09375,345184.625,314932.59375,342320.125,-0.033935546875,0.946044921875,-0.287841796875,-0.5798339247703552,0.4272460639476776,0.8850097060203552,93.33334350585938,62506.0,1.0
364155.53125,356151.0,360979.875,311985.21875,322989.25,345168.0,314883.4375,342310.46875,-0.033447265625,0.947998046875,-0.286376953125,-0.5493163466453552,0.5493163466453552,0.8850097060203552,93.33334350585938,62507.0,1.0
364185.3125,356185.875,361145.375,311993.8125,323103.78125,345206.09375,314931.71875,342364.625,-0.0341796875,0.94970703125,-0.28466796875,-0.5187987685203552,0.4882812201976776,0.9460448622703552,93.33334350585938,62508.0,1.0
364195.21875,356207.34375,361276.625,311988.4375,323224.9375,345231.46875,314991.875,342382.96875,-0.036865234375,0.95068359375,-0.286865234375,-0.3662109076976776,0.4882812201976776,0.8544921278953552,93.33334350585938,62509.0,1.0
364168.59375,356179.4375,361133.125,311982.4375,323128.8125,345202.9375,314953.875,342332.53125,-0.037841796875,0.953369140625,-0.28662109375,-0.3967284858226776,0.4882812201976776,0.7934569716453552,93.33334350585938,62510.0,1.0
364156.96875,356157.53125,360985.78125,311990.03125,322997.75,345177.65625,314889.25,342311.8125,-0.037353515625,0.95263671875,-0.2900390625,-0.4882812201976776,0.4577636420726776,0.6103515028953552,93.33334350585938,62511.0,1.0
364184.0625,356186.96875,361115.96875,311994.78125,323082.0625,345209.375,314923.84375,342363.03125,-0.035400390625,0.950927734375,-0.28759765625,-0.4882812201976776,0.3967284858226776,0.6103515028953552,93.33334350585938,62512.0,1.0
364204.25,356216.71875,361285.9375,311993.4375,323226.90625,345244.0,314995.28125,342394.40625,-0.03271484375,0.950439453125,-0.2890625,-0.4577636420726776,0.3356933295726776,0.5187987685203552,93.33334350585938,62513.0,1.0
364184.84375,356193.9375,361182.03125,311989.59375,323166.09375,345218.0625,314971.78125,342353.90625,-0.031494140625,0.950439453125,-0.28857421875,-0.3356933295726776,0.3662109076976776,0.4272460639476776,93.33334350585938,62514.0,1.0
364162.78125,356160.65625,360998.84375,311990.5,323013.3125,345180.5,314898.53125,342316.625,-0.031494140625,0.948974609375,-0.288818359375,-0.2746581733226776,0.3967284858226776,0.3967284858226776,93.33334350585938,62515.0,1.0
364181.71875,356175.59375,361079.3125,311994.4375,323053.0,345196.25,314907.84375,342344.875,-0.0302734375,0.947509765625,-0.290283203125,-0.2441406100988388,0.4577636420726776,0.3662109076976776,93.33334350585938,62516.0,1.0
364203.46875,356204.21875,361268.65625,311992.625,323209.0,345231.75,314982.125,342389.75,-0.029052734375,0.947265625,-0.29150390625,-0.1831054538488388,0.5493163466453552,0.3051757514476776,93.33334350585938,62517.0,1.0
364181.1875,356185.71875,361204.5625,311980.5625,323181.03125,345213.40625,314974.625,342357.21875,-0.02880859375,0.94677734375,-0.29052734375,-0.1220703050494194,0.5493163466453552,0.2441406100988388,93.33334350585938,62518.0,1.0
364158.84375,356156.1875,361010.46875,311981.90625,323024.75,345175.3125,314905.34375,342312.875,-0.03076171875,0.947509765625,-0.291259765625,0.0,0.7324218153953552,0.1525878757238388,93.33334350585938,62519.0,1.0
364179.3125,356176.3125,361050.0625,311996.21875,323034.84375,345189.90625,314907.40625,342344.34375,-0.029296875,0.9462890625,-0.291259765625,-0.03051757626235485,0.7629393935203552,0.1220703050494194,93.33334350585938,62520.0,1.0
364207.21875,356214.84375,361255.09375,312001.40625,323196.6875,345231.75,314981.0625,342395.03125,-0.030517578125,0.948486328125,-0.2900390625,0.03051757626235485,0.7629393935203552,0.2136230319738388,93.33334350585938,62521.0,1.0
364194.5,356205.28125,361243.625,311991.84375,323209.46875,345222.34375,314990.0,342369.5625,-0.031494140625,0.946533203125,-0.290283203125,0.0,0.8850097060203552,0.2441406100988388,93.33334350585938,62522.0,1.0
364169.03125,356167.03125,361039.78125,311991.28125,323050.21875,345181.65625,314918.46875,342321.4375,-0.031982421875,0.94775390625,-0.288330078125,0.0610351525247097,0.9155272841453552,0.2746581733226776,93.33334350585938,62523.0,1.0
364182.8125,356170.15625,361022.09375,312002.46875,323013.5625,345183.28125,314894.625,342333.96875,-0.0322265625,0.94921875,-0.2919921875,0.0915527269244194,0.9155272841453552,0.3051757514476776,93.33334350585938,62524.0,1.0
364215.96875,356205.5625,361223.78125,312006.125,323167.09375,345223.875,314960.21875,342386.625,-0.033935546875,0.950927734375,-0.292236328125,-0.0610351525247097,0.9765624403953552,0.3356933295726776,93.33334350585938,62525.0,1.0
364214.625,356206.53125,361266.0,311999.875,323221.96875,345227.28125,314989.8125,342378.84375,-0.033935546875,0.95166015625,-0.2900390625,-0.0610351525247097,1.0375975370407104,0.3662109076976776,93.33334350585938,62526.0,1.0
364188.4375,356171.75,361069.75,311997.1875,323075.34375,345183.28125,314923.3125,342322.09375,-0.03759765625,0.95166015625,-0.287841796875,-0.0610351525247097,1.1291502714157104,0.3967284858226776,93.33334350585938,62527.0,1.0
364188.4375,356163.96875,360997.40625,312003.53125,322998.28125,345170.75,314881.1875,342320.375,-0.03662109375,0.950439453125,-0.290771484375,-0.1525878757238388,1.0681151151657104,0.4272460639476776,93.33334350585938,62528.0,1.0
364213.1875,356201.53125,361186.40625,312004.15625,323134.53125,345210.71875,314939.21875,342378.59375,-0.03759765625,0.9501953125,-0.2919921875,-0.1831054538488388,1.0070799589157104,0.4577636420726776,93.33334350585938,62529.0,1.0
364212.125,356214.9375,361282.34375,311994.96875,323229.5,345230.84375,314990.28125,342384.84375,-0.037841796875,0.950439453125,-0.289794921875,-0.3051757514476776,1.0070799589157104,0.4272460639476776,93.33334350585938,62530.0,1.0
364183.0625,356180.96875,361111.03125,311991.375,323110.03125,345196.25,314942.625,342329.21875,-0.037841796875,0.94970703125,-0.2890625,-0.3967284858226776,0.9155272841453552,0.4577636420726776,93.33334350585938,62531.0,1.0
364178.25,356162.8125,360993.9375,311997.71875,323000.5,345173.96875,314886.28125,342318.15625,-0.03759765625,0.94970703125,-0.2880859375,-0.4577636420726776,0.7629393935203552,0.3967284858226776,93.33334350585938,62532.0,1.0
364206.59375,356193.75,361153.15625,311999.875,323107.96875,345205.09375,314928.3125,342371.15625,-0.037841796875,0.951171875,-0.2890625,-0.5798339247703552,0.8239745497703552,0.4272460639476776,93.33334350585938,62533.0,1.0
364219.375,356214.59375,361290.5,311998.71875,323232.4375,345231.125,314990.1875,342396.1875,-0.035888671875,0.952880859375,-0.29150390625,-0.5187987685203552,0.7934569716453552,0.3967284858226776,93.33334350585938,62534.0,1.0
364192.46875,356182.40625,361148.15625,311989.5,323137.75,345201.15625,314949.78125,342340.59375,-0.03515625,0.95263671875,-0.29296875,-0.6408690810203552,0.7324218153953552,0.4272460639476776,93.33334350585938,62535.0,1.0
364186.1875,356162.8125,360996.5,311998.90625,323006.59375,345177.46875,314887.71875,342318.875,-0.0341796875,0.95068359375,-0.291748046875,-0.6103515028953552,0.7934569716453552,0.3356933295726776,93.33334350585938,62536.0,1.0
364210.875,356193.3125,361121.15625,312006.0625,323085.71875,345206.625,314919.8125,342367.3125,-0.033447265625,0.95166015625,-0.292724609375,-0.7324218153953552,0.7019042372703552,0.3967284858226776,93.33334350585938,62537.0,1.0
364222.78125,356219.21875,361292.1875,312000.78125,323231.375,345237.8125,314991.09375,342396.09375,-0.033447265625,0.95263671875,-0.291015625,-0.7629393935203552,0.6103515028953552,0.4577636420726776,93.33334350585938,62538.0,1.0
364203.09375,356198.21875,361193.375,311995.78125,323175.46875,345217.6875,314972.21875,342354.8125,-0.03466796875,0.952392578125,-0.291259765625,-0.8544921278953552,0.4577636420726776,0.3662109076976776,93.33334350585938,62539.0,1.0
364186.75,356168.71875,361014.03125,312003.0,323025.09375,345186.78125,314905.53125,342323.78125,-0.034912109375,0.953125,-0.291015625,-1.0070799589157104,0.5798339247703552,0.3662109076976776,93.33334350585938,62540.0,1.0
364206.84375,356186.15625,361090.75,312013.90625,323063.28125,345205.375,314917.0625,342367.21875,-0.035400390625,0.9521484375,-0.293212890625,-1.0681151151657104,0.6103515028953552,0.3662109076976776,93.33334350585938,62541.0,1.0
364225.09375,356214.03125,361276.0,312009.0,323214.65625,345234.15625,314982.125,342394.9375,-0.033935546875,0.95166015625,-0.292724609375,-1.1291502714157104,0.5798339247703552,0.3662109076976776,93.33334350585938,62542.0,1.0
364206.6875,356197.15625,361218.59375,311998.90625,323190.3125,345214.9375,314975.4375,342356.3125,-0.035400390625,0.952392578125,-0.287841796875,-1.3732908964157104,0.5493163466453552,0.5187987685203552,93.33334350585938,62543.0,1.0
364194.6875,356176.21875,361031.375,312008.90625,323042.8125,345186.15625,314912.03125,342319.40625,-0.03466796875,0.951171875,-0.29150390625,-1.3427733182907104,0.6408690810203552,0.6103515028953552,93.33334350585938,62544.0,1.0
364210.6875,356191.4375,361062.3125,312017.65625,323044.6875,345197.59375,314909.8125,342350.96875,-0.03466796875,0.951904296875,-0.2900390625,-1.4343260526657104,0.6713866591453552,0.5493163466453552,93.33334350585938,62545.0,1.0
364236.90625,356229.78125,361267.5,312019.46875,323206.34375,345240.6875,314985.53125,342405.75,-0.033447265625,0.95166015625,-0.29052734375,-1.4648436307907104,0.6408690810203552,0.4882812201976776,93.33334350585938,62546.0,1.0
364219.5625,356218.6875,361262.6875,312004.15625,323223.9375,345234.96875,314996.09375,342377.96875,-0.033935546875,0.94921875,-0.288818359375,-1.3732908964157104,0.5493163466453552,0.4882812201976776,93.33334350585938,62547.0,1.0
364195.84375,356183.1875,361062.40625,312003.90625,323070.875,345199.28125,314925.625,342323.5,-0.033935546875,0.947998046875,-0.288818359375,-1.3732908964157104,0.5187987685203552,0.3662109076976776,93.33334350585938,62548.0,1.0
364210.15625,356189.71875,361041.40625,312016.40625,323033.78125,345203.65625,314907.75,342341.46875,-0.03271484375,0.948486328125,-0.28955078125,-1.4648436307907104,0.4272460639476776,0.4272460639476776,93.33334350585938,62549.0,1.0
364234.125,356222.375,361238.09375,312013.65625,323179.78125,345238.1875,314971.78125,342391.28125,-0.03466796875,0.94873046875,-0.290283203125,-1.4038084745407104,0.4882812201976776,0.4272460639476776,93.33334350585938,62550.0,1.0
364229.21875,356220.3125,361281.625,312001.75,323234.5,345236.21875,314997.15625,342380.1875,-0.0341796875,0.951416015625,-0.288330078125,-1.4648436307907104,0.4577636420726776,0.3662109076976776,93.33334350585938,62551.0,1.0
364200.3125,356183.03125,361089.59375,311997.5625,323090.375,345193.90625,314931.96875,342324.3125,-0.033447265625,0.95068359375,-0.28466796875,-1.4953612089157104,0.4272460639476776,0.3051757514476776,93.33334350585938,62552.0,1.0
364200.78125,356174.71875,361012.6875,312006.125,323010.71875,345184.4375,314894.6875,342327.53125,-0.032470703125,0.951416015625,-0.289306640625,-1.6174315214157104,0.4272460639476776,0.3662109076976776,93.33334350585938,62553.0,1.0
364230.90625,356213.15625,361199.125,312014.09375,323145.25,345227.34375,314956.84375,342388.15625,-0.03271484375,0.951904296875,-0.28955078125,-1.6174315214157104,0.4272460639476776,0.4577636420726776,93.33334350585938,62554.0,1.0
364238.3125,356229.96875,361300.21875,312008.375,323246.125,345249.96875,315008.15625,342401.28125,-0.0322265625,0.951416015625,-0.290283203125,-1.7089842557907104,0.4882812201976776,0.3967284858226776,93.33334350585938,62555.0,1.0
364212.65625,356197.15625,361130.09375,312002.90625,323126.3125,345212.53125,314951.84375,342336.21875,-0.031005859375,0.950439453125,-0.286376953125,-1.7395018339157104,0.5798339247703552,0.3662109076976776,93.33334350585938,62556.0,1.0
364209.4375,356183.46875,361011.71875,312014.8125,323015.625,345193.125,314896.125,342320.1875,-0.03271484375,0.95068359375,-0.28759765625,-1.6784666776657104,0.5798339247703552,0.3662109076976776,93.33334350585938,62557.0,1.0
364237.6875,356215.21875,361165.40625,312019.28125,323118.96875,345222.8125,314938.15625,342373.40625,-0.0341796875,0.948974609375,-0.287109375,-1.7395018339157104,0.7019042372703552,0.3356933295726776,93.33334350585938,62558.0,1.0
364242.53125,356230.3125,361299.25,312006.6875,323237.0,345239.53125,314993.6875,342392.8125,-0.0322265625,0.949951171875,-0.2880859375,-1.6174315214157104,0.6713866591453552,0.3662109076976776,93.33334350585938,62559.0,1.0
364216.5,356201.4375,361165.3125,312002.03125,323152.875,345211.0,314961.5625,342348.90625,-0.033935546875,0.9501953125,-0.287353515625,-1.6784666776657104,0.6103515028953552,0.4272460639476776,93.33334350585938,62560.0,1.0
364199.625,356176.21875,361004.375,312004.8125,323013.46875,345183.28125,314896.40625,342320.1875,-0.03564453125,0.949951171875,-0.285888671875,-1.7089842557907104,0.5493163466453552,0.4272460639476776,93.33334350585938,62561.0,1.0
364224.90625,356201.625,361120.53125,312009.28125,323082.3125,345210.625,314926.71875,342365.625,-0.03515625,0.949951171875,-0.284423828125,-1.6784666776657104,0.6103515028953552,0.3967284858226776,93.33334350585938,62562.0,1.0
364250.5625,356233.1875,361297.09375,312010.6875,323233.40625,345248.375,315000.28125,342406.03125,-0.032470703125,0.95166015625,-0.286376953125,-1.7700194120407104,0.6103515028953552,0.3051757514476776,93.33334350585938,62563.0,1.0
364231.625,356212.4375,361203.9375,312006.125,323181.90625,345228.625,314982.6875,342364.625,-0.032470703125,0.949462890625,-0.2900390625,-1.6479490995407104,0.6713866591453552,0.3356933295726776,93.33334350585938,62564.0,1.0
364212.40625,356181.40625,361020.75,312011.3125,323029.9375,345191.3125,314909.71875,342322.625,-0.032470703125,0.95068359375,-0.28759765625,-1.7089842557907104,0.6408690810203552,0.3967284858226776,93.33334350585938,62565.0,1.0
364234.375,356201.53125,361093.15625,312018.375,323063.8125,345209.125,314918.3125,342354.25,-0.033203125,0.950927734375,-0.289306640625,-1.6479490995407104,0.6713866591453552,0.3967284858226776,93.33334350585938,62566.0,1.0
364257.71875,356236.84375,361291.28125,312014.1875,323226.0,345247.65625,314993.125,342397.53125,-0.033203125,0.95068359375,-0.28515625,-1.5869139432907104,0.5798339247703552,0.2746581733226776,93.33334350585938,62567.0,1.0
364234.65625,356218.34375,361242.75,312003.46875,323210.8125,345229.9375,314984.5625,342359.8125,-0.032958984375,0.951171875,-0.283447265625,-1.6174315214157104,0.5798339247703552,0.4272460639476776,93.33334350585938,62568.0,1.0
364210.875,356184.28125,361041.125,312004.8125,323050.9375,345189.8125,314906.84375,342308.5,-0.034423828125,0.950439453125,-0.281005859375,-1.5869139432907104,0.5493163466453552,0.3051757514476776,93.33334350585938,62569.0,1.0
364228.03125,356199.21875,361063.21875,312017.65625,323045.125,345201.875,314904.1875,342340.5,-0.03271484375,0.95068359375,-0.28173828125,-1.6174315214157104,0.5493163466453552,0.3356933295726776,93.33334350585938,62570.0,1.0
364252.90625,356236.40625,361269.21875,312017.40625,323205.4375,345243.53125,314980.34375,342392.0,-0.032958984375,0.95166015625,-0.282958984375,-1.5563963651657104,0.5798339247703552,0.3051757514476776,93.33334350585938,62571.0,1.0
364240.5625,356228.96875,361268.21875,312002.03125,323226.1875,345237.28125,314994.65625,342364.8125,-0.033203125,0.94873046875,-0.281494140625,-1.5563963651657104,0.5187987685203552,0.3051757514476776,93.33334350585938,62572.0,1.0
364216.96875,356190.8125,361066.34375,311997.5625,323070.96875,345197.0625,314924.375,342307.6875,-0.0361328125,0.94873046875,-0.283203125,-1.4343260526657104,0.4882812201976776,0.2441406100988388,93.33334350585938,62573.0,1.0
364229.375,356188.46875,361033.96875,312006.9375,323022.40625,345194.8125,314896.65625,342322.25,-0.033447265625,0.94970703125,-0.28564453125,-1.4648436307907104,0.5187987685203552,0.2441406100988388,93.33334350585938,62574.0,1.0
364258.34375,356223.0,361231.375,312009.0,323170.3125,345233.09375,314960.59375,342378.40625,-0.03271484375,0.950927734375,-0.285888671875,-1.5869139432907104,0.6103515028953552,0.3356933295726776,93.33334350585938,62575.0,1.0
364256.65625,356229.6875,361290.5625,312004.8125,323239.59375,345241.84375,314997.96875,342380.625,-0.032470703125,0.953125,-0.283935546875,-1.4953612089157104,0.5187987685203552,0.3051757514476776,93.33334350585938,62576.0,1.0
364222.9375,356191.59375,361097.53125,311998.1875,323097.875,345200.1875,314936.625,342330.65625,-0.03369140625,0.9501953125,-0.28564453125,-1.4648436307907104,0.4577636420726776,0.2746581733226776,93.33334350585938,62577.0,1.0
364211.21875,356174.0,361007.5,312001.40625,323004.71875,345181.65625,314886.84375,342322.625,-0.03466796875,0.9521484375,-0.284912109375,-1.4953612089157104,0.4272460639476776,0.3967284858226776,93.33334350585938,62578.0,1.0
364231.15625,356208.0625,361188.46875,312005.5,323133.375,345219.21875,314944.0625,342381.71875,-0.03173828125,0.949462890625,-0.28466796875,-1.4648436307907104,0.5187987685203552,0.3356933295726776,93.33334350585938,62579.0,1.0
364233.125,356225.125,361298.875,312002.125,323239.84375,345242.5625,315003.25,342397.0,-0.0322265625,0.951904296875,-0.283447265625,-1.4343260526657104,0.4882812201976776,0.3662109076976776,93.33334350585938,62580.0,1.0
364204.53125,356193.5625,361133.125,312001.5,323127.65625,345212.25,314960.78125,342349.0,-0.033447265625,0.951904296875,-0.28369140625,-1.4038084745407104,0.4272460639476776,0.2746581733226776,93.33334350585938,62581.0,1.0
364193.625,356172.84375,361001.34375,312004.09375,323006.59375,345185.96875,314899.09375,342325.75,-0.033935546875,0.9521484375,-0.285400390625,-1.4038084745407104,0.3967284858226776,0.3967284858226776,93.33334350585938,62582.0,1.0
364227.0625,356206.28125,361155.84375,312013.90625,323110.65625,345218.0625,314940.65625,342381.34375,-0.03271484375,0.9521484375,-0.282958984375,-1.3732908964157104,0.3662109076976776,0.3051757514476776,93.33334350585938,62583.0,1.0
364238.15625,356224.6875,361298.8125,312004.09375,323237.1875,345240.59375,314999.9375,342402.71875,-0.034423828125,0.95166015625,-0.284423828125,-1.3427733182907104,0.3662109076976776,0.3051757514476776,93.33334350585938,62584.0,1.0
364216.5,356196.78125,361164.5,311994.875,323148.21875,345209.5625,314962.75,342346.3125,-0.03564453125,0.9501953125,-0.28173828125,-1.3122557401657104,0.3967284858226776,0.3662109076976776,93.33334350585938,62585.0,1.0
364209.90625,356178.09375,361004.21875,312003.8125,323009.46875,345179.625,314894.6875,342312.4375,-0.033447265625,0.951416015625,-0.284912109375,-1.2817381620407104,0.4272460639476776,0.2441406100988388,93.33334350585938,62586.0,1.0
364236.53125,356208.5,361114.4375,312013.1875,323077.5,345206.96875,314918.46875,342355.53125,-0.033447265625,0.949951171875,-0.283447265625,-1.3122557401657104,0.3662109076976776,0.1525878757238388,93.33334350585938,62587.0,1.0
364256.46875,356239.0,361297.71875,312009.28125,323231.375,345243.53125,314991.34375,342391.71875,-0.033447265625,0.950927734375,-0.2861328125,-1.2207030057907104,0.4272460639476776,0.2441406100988388,93.33334350585938,62588.0,1.0
364230.53125,356210.90625,361204.3125,311996.46875,323179.15625,345216.90625,314969.25,342338.875,-0.034423828125,0.95068359375,-0.2841796875,-1.2512205839157104,0.3967284858226776,0.2136230319738388,93.33334350585938,62589.0,1.0
364214.4375,356185.0,361020.375,312007.375,323029.03125,345184.1875,314903.0,342305.09375,-0.03466796875,0.951416015625,-0.2822265625,-1.0986326932907104,0.3967284858226776,0.3051757514476776,93.33334350585938,62590.0,1.0
364232.34375,356201.96875,361085.84375,312014.71875,323055.78125,345199.46875,314908.46875,342341.21875,-0.033935546875,0.950439453125,-0.28369140625,-1.0986326932907104,0.3051757514476776,0.3356933295726776,93.33334350585938,62591.0,1.0
364250.125,356229.34375,361275.03125,312007.375,323208.28125,345230.03125,314974.375,342381.8125,-0.032470703125,0.94970703125,-0.28125,-1.0681151151657104,0.4272460639476776,0.4272460639476776,93.33334350585938,62592.0,1.0
364234.84375,356214.59375,361234.53125,311995.59375,323198.28125,345213.78125,314974.1875,342349.96875,-0.03271484375,0.951171875,-0.2841796875,-1.0986326932907104,0.5187987685203552,0.4577636420726776,93.33334350585938,62593.0,1.0
364211.15625,356176.0625,361027.53125,311994.25,323034.5,345170.6875,314900.40625,342301.6875,-0.034423828125,0.95166015625,-0.281494140625,-0.9765624403953552,0.6408690810203552,0.3662109076976776,93.33334350585938,62594.0,1.0
364224.65625,356180.0625,361034.25,311999.78125,323015.0,345172.65625,314886.03125,342322.4375,-0.037109375,0.9521484375,-0.2822265625,-0.9460448622703552,0.5493163466453552,0.3967284858226776,93.33334350585938,62595.0,1.0
364248.6875,356213.78125,361239.34375,311998.4375,323173.96875,345213.15625,314958.09375,342373.65625,-0.03515625,0.951416015625,-0.283447265625,-1.0070799589157104,0.4882812201976776,0.2746581733226776,93.33334350585938,62596.0,1.0
364238.21875,356207.6875,361251.0625,311990.65625,323205.78125,345212.0625,314976.5,342359.8125,-0.034912109375,0.95068359375,-0.281982421875,-0.9765624403953552,0.4272460639476776,0.1831054538488388,93.33334350585938,62597.0,1.0
364208.0,356171.40625,361048.71875,311982.53125,323051.65625,345172.5625,314906.59375,342308.9375,-0.036376953125,0.94873046875,-0.2822265625,-0.9765624403953552,0.5187987685203552,0.2136230319738388,93.33334350585938,62598.0,1.0
364209.8125,356171.40625,361005.46875,311987.71875,322996.9375,345171.9375,314878.96875,342320.46875,-0.0341796875,0.9501953125,-0.28125,-0.9155272841453552,0.4577636420726776,0.1831054538488388,93.33334350585938,62599.0,1.0
364232.4375,356208.40625,361202.34375,311989.59375,323145.71875,345216.375,314948.4375,342379.125,-0.034423828125,0.952392578125,-0.285400390625,-0.8544921278953552,0.4272460639476776,0.2136230319738388,93.33334350585938,62600.0,1.0
364226.53125,356216.71875,361268.21875,311980.65625,323218.3125,345228.6875,314987.875,342371.875,-0.03271484375,0.953369140625,-0.28271484375,-0.8850097060203552,0.4272460639476776,0.2136230319738388,93.33334350585938,62601.0,1.0
364206.84375,356194.375,361093.0,311988.15625,323091.71875,345203.40625,314939.75,342325.125,-0.031494140625,0.954833984375,-0.281982421875,-0.7934569716453552,0.4272460639476776,0.3051757514476776,93.33334350585938,62602.0,1.0
364214.375,356193.46875,361010.90625,312006.59375,323009.1875,345196.25,314899.78125,342325.03125,-0.03173828125,0.952880859375,-0.282958984375,-0.8239745497703552,0.4577636420726776,0.2746581733226776,93.33334350585938,62603.0,1.0
364248.875,356233.71875,361195.0,312015.09375,323142.125,345235.59375,314956.125,342380.90625,-0.030517578125,0.9482421875,-0.2822265625,-0.7934569716453552,0.5798339247703552,0.3662109076976776,93.33334350585938,62604.0,1.0
364260.3125,356250.6875,361309.34375,312011.21875,323251.21875,345254.4375,315007.09375,342389.65625,-0.029052734375,0.947021484375,-0.28271484375,-0.7324218153953552,0.5187987685203552,0.3967284858226776,93.33334350585938,62605.0,1.0
364241.4375,356224.96875,361152.71875,312013.46875,323144.625,345222.96875,314962.125,342339.6875,-0.030029296875,0.948974609375,-0.284912109375,-0.5798339247703552,0.7324218153953552,0.3662109076976776,93.33334350585938,62606.0,1.0
364236.34375,356207.59375,361017.34375,312019.5625,323021.25,345196.4375,314897.125,342312.0625,-0.031982421875,0.94921875,-0.285400390625,-0.5187987685203552,0.7629393935203552,0.4577636420726776,93.33334350585938,62607.0,1.0
364265.3125,356235.6875,361165.6875,312024.03125,323119.34375,345228.625,314936.09375,342363.125,-0.03076171875,0.94970703125,-0.285888671875,-0.4272460639476776,0.7934569716453552,0.4577636420726776,93.33334350585938,62608.0,1.0
364278.5625,356257.59375,361317.75,312017.3125,323253.0,345257.40625,315000.28125,342389.65625,-0.030029296875,0.95263671875,-0.283447265625,-0.4577636420726776,0.8850097060203552,0.4577636420726776,93.33334350585938,62609.0,1.0
364250.84375,356226.46875,361189.09375,312009.1875,323169.9375,345225.125,314966.03125,342337.8125,-0.031982421875,0.9501953125,-0.28369140625,-0.4882812201976776,0.8544921278953552,0.4577636420726776,93.33334350585938,62610.0,1.0
364230.09375,356193.125,361015.5625,312010.59375,323021.53125,345185.15625,314894.15625,342301.59375,-0.034423828125,0.949462890625,-0.28271484375,-0.3662109076976776,0.8239745497703552,0.4577636420726776,93.33334350585938,62611.0,1.0
364245.03125,356209.125,361113.5625,312015.25,323076.0625,345202.15625,314911.78125,342345.5,-0.034423828125,0.947509765625,-0.282470703125,-0.2441406100988388,0.8239745497703552,0.4577636420726776,93.33334350585938,62612.0,1.0
364258.4375,356236.125,361292.09375,312007.75,323225.09375,345231.46875,314979.0,342384.75,-0.036865234375,0.946533203125,-0.282470703125,-0.2441406100988388,0.9155272841453552,0.3662109076976776,93.33334350585938,62613.0,1.0
364237.25,356214.21875,361207.34375,311996.75,323179.0625,345206.53125,314962.90625,342340.125,-0.0380859375,0.9462890625,-0.283935546875,-0.0915527269244194,0.7934569716453552,0.2746581733226776,93.33334350585938,62614.0,1.0
364213.28125,356178.65625,361010.8125,311998.09375,323020.28125,345165.75,314887.0,342298.9375,-0.0380859375,0.948974609375,-0.285888671875,-0.1831054538488388,0.7934569716453552,0.3051757514476776,93.33334350585938,62615.0,1.0
364232.59375,356197.3125,361071.34375,312007.5625,323044.3125,345182.75,314894.34375,342336.46875,-0.040771484375,0.953857421875,-0.28662109375,-0.1525878757238388,0.5798339247703552,0.0915527269244194,93.33334350585938,62616.0,1.0
364258.0,356228.1875,361268.03125,312004.53125,323199.0,345220.03125,314964.0,342379.21875,-0.042236328125,0.95458984375,-0.28662109375,-0.1220703050494194,0.5187987685203552,-0.1525878757238388,93.33334350585938,62617.0,1.0
364248.34375,356219.84375,361238.1875,312001.59375,323201.15625,345215.75,314974.0,342358.8125,-0.040283203125,0.957763671875,-0.288818359375,-0.1525878757238388,0.3356933295726776,-0.2746581733226776,93.33334350585938,62618.0,1.0
364220.4375,356185.53125,361037.46875,311995.84375,323044.3125,345179.4375,314904.4375,342310.71875,-0.0380859375,0.95849609375,-0.28857421875,-0.2746581733226776,0.1525878757238388,-0.5493163466453552,93.33334350585938,62619.0,1.0
364229.5625,356188.9375,361038.90625,312000.9375,323020.625,345182.9375,314889.34375,342332.4375,-0.037109375,0.958740234375,-0.289306640625,-0.4272460639476776,0.03051757626235485,-0.6103515028953552,93.33334350585938,62620.0,1.0
364254.875,356224.59375,361245.34375,312001.65625,323179.25,345225.9375,314962.65625,342383.6875,-0.0361328125,0.958984375,-0.291015625,-0.7019042372703552,0.0,-0.5187987685203552,93.33334350585938,62621.0,1.0
364244.5,356222.71875,361263.125,311992.90625,323217.40625,345227.71875,314984.5625,342360.34375,-0.034912109375,0.956787109375,-0.289794921875,-0.7324218153953552,0.0915527269244194,-0.5798339247703552,93.33334350585938,62622.0,1.0
364219.46875,356191.34375,361070.375,311995.78125,323072.84375,345193.5625,314922.40625,342306.4375,-0.033203125,0.9560546875,-0.285888671875,-0.8239745497703552,0.0915527269244194,-0.5493163466453552,93.33334350585938,62623.0,1.0
364225.28125,356195.375,361028.34375,312010.34375,323019.46875,345195.1875,314895.0625,342319.9375,-0.032470703125,0.954345703125,-0.2880859375,-0.8239745497703552,0.0915527269244194,-0.4882812201976776,93.33334350585938,62624.0,1.0
364256.65625,356234.78125,361225.40625,312016.875,323166.625,345235.59375,314959.59375,342377.0625,-0.0341796875,0.95166015625,-0.28564453125,-1.0375975370407104,0.1831054538488388,-0.3662109076976776,93.33334350585938,62625.0,1.0
364255.3125,356239.71875,361299.15625,312011.5,323244.59375,345243.53125,315000.65625,342377.40625,-0.034423828125,0.95068359375,-0.284423828125,-0.9765624403953552,0.2441406100988388,-0.3051757514476776,93.33334350585938,62626.0,1.0
364229.375,356203.84375,361116.84375,312006.9375,323113.34375,345205.09375,314943.78125,342323.0625,-0.031982421875,0.950439453125,-0.287109375,-0.9155272841453552,0.3356933295726776,-0.1220703050494194,93.33334350585938,62627.0,1.0
364226.0625,356185.4375,361017.25,312006.0625,323013.65625,345184.96875,314890.3125,342312.78125,-0.0322265625,0.950927734375,-0.285888671875,-0.8239745497703552,0.4272460639476776,0.03051757626235485,93.33334350585938,62628.0,1.0
364258.25,356218.96875,361193.3125,312012.125,323138.03125,345221.8125,314944.21875,342371.0625,-0.032958984375,0.949951171875,-0.28515625,-0.8850097060203552,0.5187987685203552,0.1525878757238388,93.33334350585938,62629.0,1.0
364267.28125,356232.1875,361309.0,312009.1875,323247.28125,345236.75,314994.375,342380.5625,-0.035400390625,0.951416015625,-0.28271484375,-0.8544921278953552,0.3967284858226776,0.1525878757238388,93.33334350585938,62630.0,1.0
364238.40625,356193.65625,361148.34375,311999.625,323136.15625,345196.875,314943.34375,342319.125,-0.03662109375,0.951416015625,-0.2841796875,-0.8544921278953552,0.4882812201976776,0.3051757514476776,93.33334350585938,62631.0,1.0
364228.75,356173.28125,361010.46875,312005.6875,323012.125,345168.96875,314880.46875,342298.125,-0.034912109375,0.94921875,-0.28271484375,-0.8850097060203552,0.5187987685203552,0.4577636420726776,93.33334350585938,62632.0,1.0
364252.71875,356204.65625,361151.53125,312012.3125,323104.21875,345201.96875,314918.9375,342351.75,-0.035888671875,0.950439453125,-0.280029296875,-0.9460448622703552,0.5493163466453552,0.4882812201976776,93.33334350585938,62633.0,1.0
364263.28125,356231.65625,361306.03125,312005.0625,323239.84375,345234.875,314986.96875,342380.71875,-0.03662109375,0.950927734375,-0.28125,-0.7934569716453552,0.4577636420726776,0.5493163466453552,93.33334350585938,62634.0,1.0
364238.59375,356210.5625,361186.25,311998.28125,323166.8125,345208.40625,314956.5625,342329.3125,-0.03564453125,0.9521484375,-0.281982421875,-0.8544921278953552,0.4577636420726776,0.6103515028953552,93.33334350585938,62635.0,1.0
364219.09375,356181.9375,361011.90625,312001.40625,323017.3125,345175.5,314881.28125,342290.15625,-0.0341796875,0.949951171875,-0.2861328125,-0.9155272841453552,0.5493163466453552,0.4882812201976776,93.33334350585938,62636.0,1.0
364238.6875,356206.09375,361111.75,312007.46875,323073.28125,345199.03125,314901.3125,342333.0625,-0.033447265625,0.948974609375,-0.282958984375,-0.9155272841453552,0.5187987685203552,0.4577636420726776,93.33334350585938,62637.0,1.0
364256.5625,356234.78125,361296.28125,312000.25,323227.78125,345233.53125,314974.1875,342371.0625,-0.034423828125,0.949951171875,-0.28173828125,-1.0375975370407104,0.3967284858226776,0.4272460639476776,93.33334350585938,62638.0,1.0
364242.15625,356215.375,361221.90625,311997.1875,323191.5625,345213.9375,314962.5625,342336.65625,-0.03466796875,0.948486328125,-0.281005859375,-0.9765624403953552,0.4577636420726776,0.3662109076976776,93.33334350585938,62639.0,1.0
364219.0,356178.09375,361025.03125,312000.78125,323030.375,345173.625,314888.09375,342299.375,-0.03466796875,0.949462890625,-0.28173828125,-1.0070799589157104,0.3967284858226776,0.3662109076976776,93.33334350585938,62640.0,1.0
364230.90625,356185.09375,361068.75,312005.34375,323040.84375,345183.71875,314887.90625,342330.21875,-0.03369140625,0.948974609375,-0.2802734375,-1.0070799589157104,0.3662109076976776,0.3051757514476776,93.33334350585938,62641.0,1.0
364251.5625,356213.96875,361263.40625,312001.65625,323194.25,345221.375,314957.375,342370.90625,-0.03125,0.948974609375,-0.2802734375,-0.9765624403953552,0.5493163466453552,0.3051757514476776,93.33334350585938,62642.0,1.0
364233.59375,356202.34375,361238.0,311994.15625,323198.375,345214.75,314966.125,342350.78125,-0.030517578125,0.947509765625,-0.281494140625,-0.8850097060203552,0.6408690810203552,0.2746581733226776,93.33334350585938,62643.0,1.0
364204.15625,356165.59375,361036.65625,311994.6875,323041.8125,345176.75,314895.78125,342305.28125,-0.029296875,0.946533203125,-0.282958984375,-1.0375975370407104,0.6103515028953552,0.2136230319738388,93.33334350585938,62644.0,1.0
364210.78125,356168.1875,361029.6875,312002.28125,323012.6875,345178.09375,314876.625,342323.25,-0.030029296875,0.9453125,-0.28466796875,-1.0070799589157104,0.7019042372703552,0.1831054538488388,93.33334350585938,62645.0,1.0
364233.9375,356203.5,361234.78125,312002.21875,323169.6875,345219.21875,314948.4375,342381.34375,-0.0302734375,0.945068359375,-0.285888671875,-0.8544921278953552,0.7629393935203552,0.2136230319738388,93.33334350585938,62646.0,1.0
364231.96875,356204.21875,361267.25,312001.84375,323219.46875,345225.46875,314981.96875,342381.90625,-0.031494140625,0.946044921875,-0.284423828125,-0.7629393935203552,0.7934569716453552,0.1831054538488388,93.33334350585938,62647.0,1.0
364206.84375,356167.28125,361072.6875,312002.28125,323074.0,345184.8125,314916.4375,342326.90625,-0.032470703125,0.94482421875,-0.283203125,-0.7629393935203552,0.9460448622703552,0.2441406100988388,93.33334350585938,62648.0,1.0
364213.75,356164.15625,361018.6875,312009.53125,323010.96875,345177.65625,314881.46875,342332.53125,-0.032470703125,0.946533203125,-0.28564453125,-0.6713866591453552,0.9765624403953552,0.2136230319738388,93.33334350585938,62649.0,1.0
364247.09375,356204.125,361217.8125,312013.03125,323156.96875,345217.25,314944.0625,342387.875,-0.033935546875,0.94775390625,-0.284912109375,-0.6103515028953552,1.0681151151657104,0.2441406100988388,93.33334350585938,62650.0,1.0
364252.4375,356214.6875,361298.625,312005.4375,323241.1875,345226.28125,314983.5625,342381.71875,-0.03515625,0.9462890625,-0.281494140625,-0.5798339247703552,1.0375975370407104,0.2136230319738388,93.33334350585938,62651.0,1.0
364228.125,356182.9375,361118.65625,312001.5,323111.28125,345185.25,314925.1875,342322.15625,-0.035888671875,0.949462890625,-0.283203125,-0.5187987685203552,0.8850097060203552,0.1831054538488388,93.33334350585938,62652.0,1.0
364227.25,356173.625,361015.90625,312008.71875,323011.15625,345164.0625,314873.59375,342307.15625,-0.038330078125,0.94970703125,-0.285888671875,-0.4577636420726776,0.9155272841453552,0.2136230319738388,93.33334350585938,62653.0,1.0
364258.0,356209.84375,361187.3125,312014.375,323131.3125,345197.0625,314924.84375,342358.5625,-0.037353515625,0.94921875,-0.283203125,-0.3967284858226776,0.8239745497703552,0.0915527269244194,93.33334350585938,62654.0,1.0
364269.25,356229.875,361312.03125,312012.5,323247.90625,345220.75,314980.4375,342372.5,-0.0361328125,0.950439453125,-0.2841796875,-0.4272460639476776,0.7934569716453552,0.1525878757238388,93.33334350585938,62655.0,1.0
364243.40625,356200.1875,361158.78125,312006.75,323145.53125,345191.5,314936.625,342314.65625,-0.037109375,0.95361328125,-0.287109375,-0.4272460639476776,0.7324218153953552,0.2136230319738388,93.33334350585938,62656.0,1.0
364234.75,356185.625,361016.90625,312014.625,323019.03125,345171.375,314878.96875,342289.1875,-0.037353515625,0.953125,-0.2900390625,-0.3967284858226776,0.8239745497703552,0.1220703050494194,93.33334350585938,62657.0,1.0
364268.09375,356222.1875,361157.1875,312026.875,323110.65625,345206.875,314919.1875,342336.5625,-0.03857421875,0.955078125,-0.286376953125,-0.4882812201976776,0.7629393935203552,0.1525878757238388,93.33334350585938,62658.0,1.0
364285.09375,356248.375,361317.75,312023.21875,323247.8125,345235.5,314980.96875,342362.125,-0.0400390625,0.955322265625,-0.2861328125,-0.5493163466453552,0.5493163466453552,0.0610351525247097,93.33334350585938,62659.0,1.0
364265.59375,356225.75,361204.5625,312013.90625,323180.125,345211.25,314951.28125,342314.5625,-0.041748046875,0.957763671875,-0.2890625,-0.6103515028953552,0.5798339247703552,0.0,93.33334350585938,62660.0,1.0
364247.53125,356196.875,361032.375,312019.46875,323034.65625,345180.0625,314885.125,342285.96875,-0.039306640625,0.9560546875,-0.28857421875,-0.6103515028953552,0.5493163466453552,0.0610351525247097,93.33334350585938,62661.0,1.0
364265.5,356213.59375,361119.375,312025.90625,323080.28125,345200.90625,314903.375,342333.0,-0.037109375,0.95703125,-0.28662109375,-0.7629393935203552,0.3662109076976776,0.1220703050494194,93.33334350585938,62662.0,1.0
364281.25,356239.25,361301.40625,312022.15625,323229.75,345236.46875,314974.53125,342376.875,-0.03369140625,0.955322265625,-0.28564453125,-0.8239745497703552,0.3051757514476776,0.1525878757238388,93.33334350585938,62663.0,1.0
364259.96875,356218.34375,361235.40625,312015.15625,323199.09375,345221.46875,314969.4375,342344.15625,-0.031005859375,0.953125,-0.286865234375,-0.8544921278953552,0.3662109076976776,0.2441406100988388,93.33334350585938,62664.0,1.0
364231.53125,356179.8125,361038.09375,312014.1875,323040.75,345183.46875,314896.65625,342301.0625,-0.03076171875,0.952392578125,-0.290283203125,-0.8544921278953552,0.3356933295726776,0.3051757514476776,93.33334350585938,62665.0,1.0
364241.0,356187.21875,361076.0,312020.09375,323047.1875,345193.75,314893.0,342337.0,-0.031005859375,0.9541015625,-0.285888671875,-0.8239745497703552,0.4272460639476776,0.4882812201976776,93.33334350585938,62666.0,1.0
364260.75,356223.25,361278.59375,312017.59375,323208.75,345234.875,314970.78125,342393.0625,-0.032958984375,0.95458984375,-0.28662109375,-0.9155272841453552,0.5187987685203552,0.5493163466453552,93.33334350585938,62667.0,1.0
364245.03125,356216.46875,361266.15625,312012.75,323223.5,345231.65625,314988.9375,342375.625,-0.0341796875,0.9560546875,-0.288330078125,-0.9460448622703552,0.5798339247703552,0.6103515028953552,93.33334350585938,62668.0,1.0
364214.90625,356178.71875,361064.65625,312013.65625,323066.5,345193.03125,314921.625,342327.71875,-0.034423828125,0.952880859375,-0.2890625,-0.8850097060203552,0.4577636420726776,0.6408690810203552,93.33334350585938,62669.0,1.0
364224.46875,356182.65625,361055.0625,312022.5,323036.0,345196.4375,314901.03125,342349.15625,-0.0341796875,0.9501953125,-0.287109375,-0.8239745497703552,0.4272460639476776,0.6408690810203552,93.33334350585938,62670.0,1.0
364250.9375,356219.15625,361256.25,312016.59375,323190.25,345235.59375,314970.15625,342402.1875,-0.033935546875,0.946533203125,-0.287353515625,-0.8239745497703552,0.5798339247703552,0.7324218153953552,93.33334350585938,62671.0,1.0
364245.9375,356222.53125,361289.9375,312008.03125,323239.40625,345239.4375,315001.625,342390.84375,-0.03369140625,0.945068359375,-0.28857421875,-0.7629393935203552,0.5187987685203552,0.7019042372703552,93.33334350585938,62672.0,1.0
364219.5625,356183.8125,361090.9375,312001.40625,323088.75,345195.71875,314934.9375,342324.9375,-0.03369140625,0.946533203125,-0.289794921875,-0.5493163466453552,0.5798339247703552,0.5187987685203552,93.33334350585938,62673.0,1.0
364221.5,356175.15625,361025.03125,312005.4375,323016.59375,345182.21875,314896.03125,342323.78125,-0.03466796875,0.948486328125,-0.2880859375,-0.4882812201976776,0.6713866591453552,0.4882812201976776,93.33334350585938,62674.0,1.0
364250.3125,356210.03125,361212.6875,312007.21875,323152.25,345216.0,314950.40625,342379.375,-0.034423828125,0.94921875,-0.288818359375,-0.3662109076976776,0.6103515028953552,0.4272460639476776,93.33334350585938,62675.0,1.0
364253.78125,356219.59375,361297.0,311999.0,323237.8125,345226.65625,314991.34375,342378.5,-0.036865234375,0.948974609375,-0.2890625,-0.3356933295726776,0.5798339247703552,0.2746581733226776,93.33334350585938,62676.0,1.0
364231.25,356189.28125,361122.75,312001.21875,323114.40625,345189.09375,314938.6875,342325.84375,-0.035888671875,0.946044921875,-0.289306640625,-0.3356933295726776,0.6408690810203552,0.2136230319738388,93.33334350585938,62677.0,1.0
364230.53125,356180.78125,361017.625,312012.125,323013.3125,345167.90625,314884.59375,342313.75,-0.03271484375,0.947998046875,-0.2919921875,-0.3356933295726776,0.5187987685203552,0.03051757626235485,93.33334350585938,62678.0,1.0
364260.5,356214.03125,361181.0625,312014.28125,323125.78125,345200.09375,314926.625,342360.4375,-0.033203125,0.947998046875,-0.28955078125,-0.3051757514476776,0.4882812201976776,0.0,93.33334350585938,62679.0,1.0
364274.8125,356234.0625,361311.9375,312012.21875,323247.0,345223.25,314984.28125,342373.5,-0.031005859375,0.9482421875,-0.288330078125,-0.1831054538488388,0.5493163466453552,-0.1220703050494194,93.33334350585938,62680.0,1.0
364254.59375,356207.15625,361168.28125,312013.375,323152.3125,345195.34375,314944.5,342320.1875,-0.031494140625,0.94921875,-0.291259765625,-0.03051757626235485,0.6103515028953552,-0.1220703050494194,93.33334350585938,62681.0,1.0
364248.78125,356187.84375,361026.28125,312020.34375,323025.8125,345171.84375,314884.0625,342297.9375,-0.03173828125,0.95068359375,-0.291259765625,-0.0915527269244194,0.5798339247703552,-0.1831054538488388,93.33334350585938,62682.0,1.0
364278.03125,356218.0625,361157.90625,312031.25,323110.03125,345204.65625,314919.28125,342349.96875,-0.031005859375,0.951416015625,-0.290283203125,-0.1525878757238388,0.7324218153953552,-0.1831054538488388,93.33334350585938,62683.0,1.0
364294.1875,356245.53125,361320.625,312027.6875,323249.4375,345234.59375,314985.53125,342381.625,-0.031005859375,0.95263671875,-0.28857421875,-0.03051757626235485,0.7019042372703552,-0.1220703050494194,93.33334350585938,62684.0,1.0
364266.9375,356218.53125,361211.4375,312013.28125,323182.46875,345207.40625,314959.4375,342328.15625,-0.03125,0.95263671875,-0.291015625,-0.0915527269244194,0.7019042372703552,-0.0610351525247097,93.33334350585938,62685.0,1.0
364247.0,356193.03125,361030.3125,312014.8125,323033.15625,345178.53125,314893.4375,342295.34375,-0.03271484375,0.95361328125,-0.289306640625,-0.1831054538488388,0.8239745497703552,0.0610351525247097,93.33334350585938,62686.0,1.0
364264.96875,356214.75,361113.71875,312023.9375,323077.125,345200.71875,314910.0625,342339.875,-0.033203125,0.9521484375,-0.286865234375,-0.2441406100988388,0.9155272841453552,0.1525878757238388,93.33334350585938,62687.0,1.0
364287.9375,356246.40625,361306.5,312025.375,323235.03125,345240.40625,314984.1875,342381.0,-0.0341796875,0.95166015625,-0.28564453125,-0.2441406100988388,0.8239745497703552,0.2136230319738388,93.33334350585938,62688.0,1.0
364264.53125,356223.875,361241.9375,312015.875,323206.78125,345221.28125,314974.375,342343.90625,-0.036376953125,0.94921875,-0.287353515625,-0.3356933295726776,0.7934569716453552,0.1525878757238388,93.33334350585938,62689.0,1.0
364241.375,356191.0625,361049.90625,312024.1875,323053.1875,345185.875,314902.21875,342307.875,-0.037109375,0.94921875,-0.28857421875,-0.2441406100988388,0.8239745497703552,0.2441406100988388,93.33334350585938,62690.0,1.0
364256.375,356202.875,361085.21875,312035.65625,323058.1875,345196.34375,314895.6875,342342.1875,-0.035888671875,0.95166015625,-0.2900390625,-0.2746581733226776,0.8544921278953552,0.2746581733226776,93.33334350585938,62691.0,1.0
364281.5,356239.78125,361291.125,312037.96875,323220.09375,345237.09375,314969.53125,342398.875,-0.039306640625,0.951171875,-0.28955078125,-0.3967284858226776,0.7629393935203552,0.2441406100988388,93.33334350585938,62692.0,1.0
364271.65625,356231.9375,361281.375,312029.75,323237.0,345231.125,314981.59375,342375.46875,-0.037841796875,0.95068359375,-0.291748046875,-0.3967284858226776,0.6713866591453552,0.3051757514476776,93.33334350585938,62693.0,1.0
364243.5,356191.53125,361078.6875,312027.15625,323080.28125,345189.0,314907.84375,342319.65625,-0.037841796875,0.949951171875,-0.29150390625,-0.3662109076976776,0.6713866591453552,0.3356933295726776,93.33334350585938,62694.0,1.0
364251.90625,356191.4375,361061.96875,312033.84375,323043.875,345190.34375,314884.875,342336.75,-0.037353515625,0.9501953125,-0.289306640625,-0.5187987685203552,0.5493163466453552,0.3356933295726776,93.33334350585938,62695.0,1.0
364283.21875,356228.875,361262.78125,312035.28125,323196.75,345233.53125,314955.0625,342391.90625,-0.036865234375,0.95361328125,-0.29248046875,-0.6103515028953552,0.4882812201976776,0.3662109076976776,93.33334350585938,62696.0,1.0
364277.21875,356227.53125,361298.71875,312020.53125,323244.5,345231.84375,314980.71875,342375.90625,-0.036376953125,0.950927734375,-0.289306640625,-0.6408690810203552,0.3662109076976776,0.3051757514476776,93.33334350585938,62697.0,1.0
364247.1875,356187.9375,361103.96875,312013.8125,323099.03125,345187.75,314914.71875,342311.53125,-0.03564453125,0.95166015625,-0.288818359375,-0.7019042372703552,0.2746581733226776,0.3967284858226776,93.33334350585938,62698.0,1.0
364242.53125,356179.4375,361031.5625,312016.40625,323019.75,345176.5625,314877.4375,342308.40625,-0.034423828125,0.952880859375,-0.290771484375,-0.7324218153953552,0.3356933295726776,0.2746581733226776,93.33334350585938,62699.0,1.0
364267.8125,356216.28125,361214.3125,312014.375,323151.0625,345214.84375,314937.25,342360.875,-0.033447265625,0.95263671875,-0.2890625,-0.8850097060203552,0.2441406100988388,0.3662109076976776,93.33334350585938,62700.0,1.0
364266.3125,356223.625,361297.46875,312000.9375,323234.21875,345222.625,314979.53125,342362.5,-0.033447265625,0.953857421875,-0.288818359375,-1.0681151151657104,0.3662109076976776,0.4272460639476776,93.33334350585938,62701.0,1.0
364238.78125,356189.90625,361121.40625,311993.8125,323109.15625,345182.46875,314924.375,342300.34375,-0.0341796875,0.95458984375,-0.28955078125,-1.0681151151657104,0.3967284858226776,0.2746581733226776,93.33334350585938,62702.0,1.0
364233.125,356173.625,361002.6875,311996.65625,322997.84375,345158.96875,314868.0625,342283.28125,-0.031982421875,0.95361328125,-0.28759765625,-1.1596678495407104,0.3967284858226776,0.3356933295726776,93.33334350585938,62703.0,1.0
364263.8125,356208.40625,361160.75,312003.0,323104.40625,345192.125,314912.3125,342338.09375,-0.032470703125,0.952392578125,-0.2900390625,-1.1596678495407104,0.4272460639476776,0.3356933295726776,93.33334350585938,62704.0,1.0
364276.0625,356232.1875,361297.0,311996.03125,323227.25,345215.125,314970.15625,342348.8125,-0.03271484375,0.951416015625,-0.289794921875,-1.2512205839157104,0.4577636420726776,0.3051757514476776,93.33334350585938,62705.0,1.0
364250.84375,356203.21875,361152.25,311990.21875,323132.75,345185.0625,314933.78125,342299.375,-0.031005859375,0.951171875,-0.28955078125,-1.3122557401657104,0.4272460639476776,0.3051757514476776,93.33334350585938,62706.0,1.0
364243.5,356182.9375,361001.0,311999.625,323001.40625,345158.34375,314870.65625,342279.53125,-0.03125,0.951416015625,-0.2919921875,-1.4343260526657104,0.3662109076976776,0.3662109076976776,93.33334350585938,62707.0,1.0
364268.28125,356213.34375,361128.65625,312009.53125,323080.4375,345188.8125,314899.625,342329.21875,-0.031005859375,0.951416015625,-0.292236328125,-1.4648436307907104,0.4577636420726776,0.2441406100988388,93.33334350585938,62708.0,1.0
364282.125,356238.90625,361298.875,312007.84375,323226.28125,345222.625,314966.5,342359.09375,-0.033447265625,0.950927734375,-0.288818359375,-1.4648436307907104,0.5187987685203552,0.1831054538488388,93.33334350585938,62709.0,1.0
364256.5625,356212.71875,361199.375,312003.375,323171.0,345198.65625,314944.0625,342317.4375,-0.032958984375,0.950927734375,-0.289306640625,-1.4953612089157104,0.4882812201976776,0.1831054538488388,93.33334350585938,62710.0,1.0
364243.59375,356188.375,361026.5625,312014.1875,323029.46875,345170.5,314880.75,342288.90625,-0.0322265625,0.94970703125,-0.287841796875,-1.4343260526657104,0.4882812201976776,0.0915527269244194,93.33334350585938,62711.0,1.0
364268.28125,356213.25,361108.625,312026.96875,323074.8125,345195.0,314896.84375,342337.0,-0.030517578125,0.948486328125,-0.287109375,-1.5563963651657104,0.5187987685203552,0.03051757626235485,93.33334350585938,62712.0,1.0
364293.3125,356246.21875,361305.9375,312030.625,323236.28125,345235.5,314971.0625,342386.53125,-0.033203125,0.947509765625,-0.28857421875,-1.5258787870407104,0.4577636420726776,0.0610351525247097,93.33334350585938,62713.0,1.0
364276.3125,356229.6875,361255.875,312024.1875,323217.78125,345222.09375,314967.9375,342354.53125,-0.033203125,0.94775390625,-0.287109375,-1.5869139432907104,0.5493163466453552,0.0610351525247097,93.33334350585938,62714.0,1.0
364255.40625,356195.53125,361061.6875,312022.40625,323063.09375,345184.34375,314898.1875,342310.90625,-0.03369140625,0.9482421875,-0.287109375,-1.4648436307907104,0.5493163466453552,0.0610351525247097,93.33334350585938,62715.0,1.0
364266.65625,356202.25,361088.96875,312027.3125,323061.125,345191.78125,314893.53125,342343.625,-0.034912109375,0.94921875,-0.28662109375,-1.5258787870407104,0.4272460639476776,0.03051757626235485,93.33334350585938,62716.0,1.0
364281.875,356232.375,361286.5625,312019.71875,323214.8125,345227.09375,314965.25,342393.0625,-0.033935546875,0.9501953125,-0.285400390625,-1.4953612089157104,0.5493163466453552,0.03051757626235485,93.33334350585938,62717.0,1.0
364264.875,356221.8125,361281.71875,312006.5,323234.9375,345221.71875,314985.09375,342371.0,-0.0341796875,0.950927734375,-0.28369140625,-1.4343260526657104,0.5493163466453552,0.03051757626235485,93.33334350585938,62718.0,1.0
364235.5625,356189.71875,361082.4375,312006.0625,323080.53125,345188.09375,314924.65625,342327.09375,-0.034423828125,0.95166015625,-0.2841796875,-1.4343260526657104,0.5798339247703552,0.0610351525247097,93.33334350585938,62719.0,1.0
364233.21875,356184.09375,361047.375,312005.4375,323029.3125,345181.75,314898.625,342337.375,-0.03466796875,0.950927734375,-0.285400390625,-1.3732908964157104,0.5187987685203552,0.0915527269244194,93.33334350585938,62720.0,1.0
364260.9375,356222.4375,361244.8125,312005.78125,323175.65625,345223.78125,314964.96875,342386.53125,-0.0341796875,0.948974609375,-0.2841796875,-1.4343260526657104,0.4577636420726776,0.1220703050494194,93.33334350585938,62721.0,1.0
364256.84375,356229.0625,361294.15625,311992.625,323238.34375,345231.28125,314995.8125,342375.28125,-0.034912109375,0.948974609375,-0.28369140625,-1.4038084745407104,0.5187987685203552,0.0915527269244194,93.33334350585938,62722.0,1.0
364231.71875,356198.75,361099.34375,311986.8125,323095.8125,345192.40625,314935.90625,342320.90625,-0.03515625,0.950439453125,-0.284912109375,-1.4343260526657104,0.5187987685203552,0.1220703050494194,93.33334350585938,62723.0,1.0
364236.71875,356196.875,361023.25,311998.1875,323013.65625,345185.96875,314899.25,342324.9375,-0.0361328125,0.95166015625,-0.290283203125,-1.3427733182907104,0.4577636420726776,0.2136230319738388,93.33334350585938,62724.0,1.0
364265.15625,356229.59375,361203.21875,311998.53125,323141.78125,345221.1875,314949.6875,342374.46875,-0.037353515625,0.951416015625,-0.285888671875,-1.3732908964157104,0.3967284858226776,0.2136230319738388,93.33334350585938,62725.0,1.0
364269.875,356239.71875,361299.25,311991.65625,323235.84375,345234.15625,314992.875,342377.25,-0.035888671875,0.951416015625,-0.285888671875,-1.5258787870407104,0.3662109076976776,0.1525878757238388,93.33334350585938,62726.0,1.0
364242.78125,356206.1875,361130.34375,311990.65625,323117.8125,345198.21875,314944.40625,342325.9375,-0.035400390625,0.950439453125,-0.287353515625,-1.4648436307907104,0.3967284858226776,0.2746581733226776,93.33334350585938,62727.0,1.0
364236.34375,356187.5,361007.5,312002.5625,323005.15625,345175.0625,314886.21875,342316.0,-0.035400390625,0.95166015625,-0.28759765625,-1.4953612089157104,0.3967284858226776,0.2746581733226776,93.33334350585938,62728.0,1.0
364266.40625,356219.40625,361162.8125,312010.0625,323110.125,345204.75,314925.28125,342369.5625,-0.03564453125,0.954345703125,-0.285400390625,-1.3732908964157104,0.3356933295726776,0.3051757514476776,93.33334350585938,62729.0,1.0
364282.40625,356238.09375,361304.0,312008.46875,323235.46875,345223.4375,314980.875,342388.40625,-0.03369140625,0.953369140625,-0.285400390625,-1.3427733182907104,0.3356933295726776,0.3662109076976776,93.33334350585938,62730.0,1.0
364263.28125,356210.1875,361171.84375,312011.21875,323150.4375,345190.6875,314942.4375,342338.09375,-0.0361328125,0.95263671875,-0.284423828125,-1.4343260526657104,0.3356933295726776,0.3967284858226776,93.33334350585938,62731.0,1.0
364254.15625,356186.34375,361013.9375,312019.8125,323015.34375,345155.75,314873.0625,342307.0625,-0.03515625,0.9541015625,-0.28271484375,-1.4038084745407104,0.3356933295726776,0.2746581733226776,93.33334350585938,62732.0,1.0
364287.59375,356219.5,361137.78125,312030.0,323092.78125,345183.625,314901.9375,342349.875,-0.034912109375,0.955322265625,-0.28466796875,-1.2512205839157104,0.3356933295726776,0.3356933295726776,93.33334350585938,62733.0,1.0
364307.78125,356249.09375,361314.53125,312028.21875,323241.8125,345217.15625,314970.78125,342379.03125,-0.0361328125,0.952880859375,-0.285888671875,-1.3427733182907104,0.2441406100988388,0.4577636420726776,93.33334350585938,62734.0,1.0
364287.75,356229.875,361224.6875,312022.59375,323193.0,345197.84375,314953.0,342334.96875,-0.036865234375,0.95263671875,-0.28662109375,-1.3427733182907104,0.2441406100988388,0.3662109076976776,93.33334350585938,62735.0,1.0
364261.5625,356199.28125,361039.25,312022.40625,323040.03125,345162.28125,314881.75,342294.90625,-0.03564453125,0.9521484375,-0.28515625,-1.3427733182907104,0.3356933295726776,0.3356933295726776,93.33334350585938,62736.0,1.0
364280.0625,356218.34375,361110.59375,312028.40625,323072.65625,345180.0625,314891.5625,342327.8125,-0.034912109375,0.95166015625,-0.2822265625,-1.2817381620407104,0.3967284858226776,0.3051757514476776,93.33334350585938,62737.0,1.0
364299.46875,356249.09375,361304.15625,312022.21875,323230.1875,345220.03125,314963.0,342365.53125,-0.0341796875,0.951904296875,-0.28662109375,-1.1596678495407104,0.3051757514476776,0.3356933295726776,93.33334350585938,62738.0,1.0
364285.71875,356236.5625,361262.0625,312018.21875,323223.3125,345214.46875,314967.75,342341.46875,-0.03515625,0.951171875,-0.28369140625,-1.0986326932907104,0.3662109076976776,0.3051757514476776,93.33334350585938,62739.0,1.0
364260.9375,356201.25,361062.9375,312017.59375,323065.34375,345180.96875,314898.09375,342298.125,-0.03564453125,0.9521484375,-0.281005859375,-1.1901854276657104,0.3356933295726776,0.2746581733226776,93.33334350585938,62740.0,1.0
364268.71875,356210.03125,361077.78125,312022.59375,323051.84375,345193.5625,314887.1875,342321.375,-0.03466796875,0.95166015625,-0.283203125,-1.0986326932907104,0.3967284858226776,0.2136230319738388,93.33334350585938,62741.0,1.0
364285.09375,356244.625,361280.375,312020.625,323208.75,345239.0625,314961.21875,342376.71875,-0.033935546875,0.949462890625,-0.2802734375,-1.0986326932907104,0.3051757514476776,0.1525878757238388,93.33334350585938,62742.0,1.0
364267.125,356238.1875,361281.0,312004.96875,323233.34375,345240.78125,314980.25,342365.1875,-0.03369140625,0.95068359375,-0.28125,-1.0681151151657104,0.3967284858226776,0.1525878757238388,93.33334350585938,62743.0,1.0
364229.65625,356195.53125,361071.09375,311994.25,323071.0625,345201.34375,314910.875,342317.96875,-0.032470703125,0.950439453125,-0.280029296875,-1.1291502714157104,0.3662109076976776,0.2441406100988388,93.33334350585938,62744.0,1.0
364240.375,356204.46875,361047.03125,312007.65625,323031.625,345210.90625,314896.3125,342344.34375,-0.0322265625,0.950439453125,-0.281494140625,-1.1596678495407104,0.3356933295726776,0.2441406100988388,93.33334350585938,62745.0,1.0
364271.59375,356243.71875,361248.71875,312009.96875,323181.03125,345254.53125,314967.125,342400.03125,-0.032958984375,0.948486328125,-0.28076171875,-1.0681151151657104,0.4272460639476776,0.2441406100988388,93.33334350585938,62746.0,1.0
364268.0,356243.375,361302.09375,312001.59375,323243.25,345257.21875,314999.125,342398.625,-0.0341796875,0.950439453125,-0.284423828125,-1.0681151151657104,0.4577636420726776,0.1525878757238388,93.33334350585938,62747.0,1.0
364245.21875,356209.5,361114.25,312004.625,323107.625,345219.59375,314940.84375,342350.6875,-0.03466796875,0.94970703125,-0.283447265625,-0.9155272841453552,0.4882812201976776,0.2136230319738388,93.33334350585938,62748.0,1.0
364249.0625,356201.96875,361033.71875,312017.75,323024.375,345207.34375,314899.78125,342354.34375,-0.034423828125,0.948974609375,-0.28369140625,-0.8850097060203552,0.4272460639476776,0.2136230319738388,93.33334350585938,62749.0,1.0
364275.15625,356231.9375,361211.4375,312019.5625,323149.75,345235.6875,314950.40625,342405.40625,-0.036376953125,0.94921875,-0.2822265625,-0.7934569716453552,0.5187987685203552,0.1525878757238388,93.33334350585938,62750.0,1.0
