83207.5,83293.5078125,83529.28125,83428.875,83548.0546875,83740.7265625,83608.8515625,83658.3828125,-0.5126953125,-0.00146484375,-0.811279296875,-0.6713866591453552,0.4577636420726776,0.4882812201976776,80.0,1251.0,1.0,O,F,I,0
83260.1640625,83346.171875,83582.203125,83481.4453125,83600.8046875,83793.3828125,83661.6015625,83711.0390625,-0.512939453125,0.001708984375,-0.810302734375,-0.6103515028953552,0.4272460639476776,0.4882812201976776,80.0,1252.0,1.0,O,F,I,0
84161.3828125,84247.125,84483.4296875,84382.21875,84501.7578125,84694.875,84562.734375,84612.265625,-0.5146484375,0.00146484375,-0.8115234375,-0.6408690810203552,0.4272460639476776,0.4577636420726776,80.0,1253.0,1.0,O,F,I,0
84321.3359375,84407.078125,84642.84375,84541.8984375,84661.3515625,84854.6484375,84722.5,84772.125,-0.514892578125,0.000244140625,-0.809814453125,-0.5798339247703552,0.3967284858226776,0.4272460639476776,80.0,1254.0,1.0,O,F,I,0
83536.5234375,83622.7109375,83858.296875,83757.7109375,83876.625,84070.0078125,83937.8671875,83987.3984375,-0.51318359375,0.0,-0.808349609375,-0.7629393935203552,0.5493163466453552,0.3967284858226776,80.0,1255.0,1.0,O,F,I,0
83370.3125,83456.6796875,83692.0,83591.328125,83710.859375,83904.1640625,83772.015625,83821.1953125,-0.51220703125,0.000244140625,-0.80859375,-0.7019042372703552,0.5493163466453552,0.3967284858226776,80.0,1256.0,1.0,O,F,I,0
84227.9921875,84314.0,84550.3046875,84448.828125,84568.6328125,84761.9296875,84630.0546875,84679.0546875,-0.5107421875,0.000732421875,-0.810791015625,-0.7324218153953552,0.4577636420726776,0.4577636420726776,80.0,1257.0,1.0,O,F,I,0
84598.5859375,84684.859375,84921.078125,84819.421875,84938.9609375,85132.609375,85000.6484375,85050.0,-0.512451171875,0.00146484375,-0.812255859375,-0.8239745497703552,0.4577636420726776,0.4577636420726776,80.0,1258.0,1.0,O,F,I,0
83880.828125,83967.1953125,84202.6875,84101.5703125,84221.46875,84414.5859375,84282.7109375,84331.9765625,-0.51318359375,-0.000732421875,-0.810302734375,-0.7934569716453552,0.5798339247703552,0.4577636420726776,80.0,1259.0,1.0,O,F,I,0
83512.9140625,83599.1953125,83834.78125,83733.9296875,83853.5546875,84046.5,83914.53125,83963.703125,-0.513916015625,0.000244140625,-0.810546875,-0.7934569716453552,0.5187987685203552,0.3967284858226776,80.0,1260.0,1.0,O,F,I,0
84279.3125,84365.765625,84601.7109375,84500.8671875,84620.21875,84813.34375,84681.2890625,84730.8203125,-0.514404296875,0.001708984375,-0.81201171875,-0.7324218153953552,0.3967284858226776,0.3967284858226776,80.0,1261.0,1.0,O,F,I,0
84837.03125,84923.671875,85159.6171875,85058.671875,85178.125,85371.2421875,85239.546875,85289.34375,-0.513427734375,0.0009765625,-0.8125,-0.7629393935203552,0.5187987685203552,0.3967284858226776,80.0,1262.0,1.0,O,F,I,0
84235.5,84322.046875,84557.640625,84456.7890625,84576.234375,84769.265625,84637.2109375,84687.0078125,-0.512939453125,0.002685546875,-0.81201171875,-0.7324218153953552,0.4882812201976776,0.4577636420726776,80.0,1263.0,1.0,O,F,I,0
83696.5546875,83782.921875,84018.0625,83917.3046875,84037.0234375,84229.6953125,84097.7265625,84147.078125,-0.51318359375,0.00341796875,-0.812744140625,-0.7324218153953552,0.5187987685203552,0.3356933295726776,80.0,1264.0,1.0,O,F,I,0
84324.4609375,84410.7421875,84646.4140625,84545.4765625,84664.75,84857.6875,84726.2578125,84775.7890625,-0.51318359375,0.001708984375,-0.810302734375,-0.6713866591453552,0.4272460639476776,0.4272460639476776,80.0,1265.0,1.0,O,F,I,0
85038.203125,85125.1015625,85360.78125,85259.6640625,85378.9296875,85572.5859375,85440.7109375,85490.1484375,-0.5146484375,0.0009765625,-0.810791015625,-0.7019042372703552,0.3356933295726776,0.4882812201976776,80.0,1266.0,1.0,O,F,I,0
84597.6875,84684.234375,84920.2734375,84819.421875,84938.5078125,85131.8984375,85000.0234375,85049.5546875,-0.5146484375,0.00048828125,-0.813720703125,-0.6713866591453552,0.4272460639476776,0.4272460639476776,80.0,1267.0,1.0,O,F,I,0
83921.5078125,84007.9609375,84243.4609375,84142.7890625,84262.4140625,84455.4453125,84323.390625,84372.4765625,-0.51318359375,0.0009765625,-0.811767578125,-0.6713866591453552,0.4272460639476776,0.3662109076976776,80.0,1268.0,1.0,O,F,I,0
84369.2578125,84455.890625,84691.65625,84590.71875,84710.5234375,84903.734375,84771.5,84820.7578125,-0.512939453125,0.002685546875,-0.81103515625,-0.6408690810203552,0.4272460639476776,0.3662109076976776,80.0,1269.0,1.0,O,F,I,0
85195.734375,85282.28125,85518.3125,85417.28125,85537.09375,85730.65625,85598.2421875,85647.953125,-0.5126953125,0.001953125,-0.811767578125,-0.6408690810203552,0.5493163466453552,0.3967284858226776,80.0,1270.0,1.0,O,F,I,0
84945.84375,85031.8515625,85268.15625,85166.6796875,85286.484375,85480.3203125,85347.8125,85397.796875,-0.515380859375,0.0,-0.812255859375,-0.6103515028953552,0.5187987685203552,0.4577636420726776,80.0,1271.0,1.0,O,F,I,0
84179.53125,84265.6328125,84501.578125,84400.640625,84520.171875,84713.828125,84581.5078125,84630.953125,-0.515380859375,-0.001220703125,-0.81201171875,-0.5493163466453552,0.4577636420726776,0.3967284858226776,80.0,1272.0,1.0,O,F,I,0
84426.2109375,84512.484375,84748.0703125,84647.4921875,84766.8515625,84960.4140625,84828.359375,84877.7109375,-0.51318359375,0.001220703125,-0.81298828125,-0.5187987685203552,0.4272460639476776,0.3356933295726776,80.0,1273.0,1.0,O,F,I,0
85317.328125,85403.6953125,85639.8203125,85538.703125,85658.234375,85852.1640625,85719.65625,85769.8203125,-0.51318359375,-0.000244140625,-0.810791015625,-0.6713866591453552,0.4882812201976776,0.2746581733226776,80.0,1274.0,1.0,O,F,I,0
85281.2109375,85367.6640625,85603.6953125,85502.4921875,85621.8515625,85815.7734375,85683.453125,85733.515625,-0.514892578125,0.0,-0.8095703125,-0.7629393935203552,0.4882812201976776,0.3662109076976776,80.0,1275.0,1.0,O,F,I,0
84478.3359375,84564.609375,84800.6484375,84699.6171875,84819.1484375,85012.71875,84880.21875,84930.015625,-0.515625,0.000244140625,-0.810302734375,-0.6713866591453552,0.5187987685203552,0.5187987685203552,80.0,1276.0,1.0,O,F,I,0
84506.8515625,84593.1328125,84829.1640625,84728.2265625,84847.765625,85041.0625,84908.6484375,84958.359375,-0.514892578125,0.00146484375,-0.81201171875,-0.7324218153953552,0.4882812201976776,0.4577636420726776,80.0,1277.0,1.0,O,F,I,0
85407.0,85493.640625,85730.03125,85628.734375,85748.359375,85942.015625,85809.78125,85859.4921875,-0.514404296875,0.001220703125,-0.813232421875,-0.7629393935203552,0.4882812201976776,0.4272460639476776,80.0,1278.0,1.0,O,F,I,0
85586.4453125,85672.8125,85909.0234375,85807.8125,85927.171875,86121.09375,85988.8671875,86038.6640625,-0.515869140625,0.001220703125,-0.811279296875,-0.7629393935203552,0.5187987685203552,0.4882812201976776,80.0,1279.0,1.0,O,F,I,0
84801.5390625,84888.0859375,85124.296875,85023.0859375,85142.4453125,85335.921875,85204.2265625,85253.4921875,-0.515380859375,0.00146484375,-0.81201171875,-0.7019042372703552,0.4272460639476776,0.3662109076976776,80.0,1280.0,1.0,O,F,I,0
84614.765625,84701.671875,84937.4375,84836.765625,84955.6796875,85149.2421875,85017.28125,85066.8125,-0.51416015625,0.0,-0.813720703125,-0.7629393935203552,0.4882812201976776,0.3967284858226776,80.0,1281.0,1.0,O,F,I,0
85467.53125,85554.5234375,85790.2890625,85689.53125,85808.4375,86002.453125,85870.1328125,85920.5546875,-0.513427734375,-0.000244140625,-0.812744140625,-0.7934569716453552,0.4577636420726776,0.4577636420726776,80.0,1282.0,1.0,O,F,I,0
85858.421875,85945.4140625,86181.0859375,86080.4140625,86199.328125,86393.4296875,86260.8359375,86311.53125,-0.51416015625,0.002197265625,-0.811279296875,-0.7629393935203552,0.4577636420726776,0.5187987685203552,80.0,1283.0,1.0,O,F,I,0
85150.765625,85237.7578125,85473.34375,85372.3125,85492.1171875,85685.328125,85553.0078125,85602.890625,-0.513671875,-0.000732421875,-0.812744140625,-0.7934569716453552,0.5187987685203552,0.4882812201976776,80.0,1284.0,1.0,O,F,I,0
84764.703125,84851.7890625,85087.640625,84986.5234375,85106.328125,85299.265625,85166.9453125,85217.015625,-0.513427734375,0.000732421875,-0.81103515625,-0.7324218153953552,0.5187987685203552,0.4272460639476776,80.0,1285.0,1.0,O,F,I,0
85517.0625,85604.1484375,85840.4453125,85739.0625,85858.7734375,86052.4296875,85919.84375,85969.90625,-0.51416015625,0.001220703125,-0.8115234375,-0.7324218153953552,0.4882812201976776,0.4577636420726776,80.0,1286.0,1.0,O,F,I,0
86090.0703125,86176.6171875,86413.0078125,86311.53125,86431.15625,86624.9921875,86492.5859375,86543.09375,-0.513671875,0.001708984375,-0.809814453125,-0.6713866591453552,0.5187987685203552,0.4272460639476776,80.0,1287.0,1.0,O,F,I,0
85504.6328125,85590.8203125,85827.21875,85725.7421875,85845.453125,86039.5546875,85907.234375,85957.03125,-0.51318359375,0.000244140625,-0.811767578125,-0.6408690810203552,0.4882812201976776,0.4272460639476776,80.0,1288.0,1.0,O,F,I,0
84946.9140625,85033.375,85269.5859375,85168.5546875,85287.9140625,85481.9296875,85349.515625,85399.40625,-0.513427734375,0.0,-0.813232421875,-0.7324218153953552,0.5187987685203552,0.4577636420726776,80.0,1289.0,1.0,O,F,I,0
85554.7890625,85641.515625,85877.734375,85776.609375,85896.0625,86089.8046875,85957.484375,86007.546875,-0.51416015625,-0.00048828125,-0.811767578125,-0.7019042372703552,0.4577636420726776,0.4272460639476776,80.0,1290.0,1.0,O,F,I,0
86281.7578125,86368.484375,86604.7890625,86503.671875,86623.03125,86817.484375,86684.625,86735.0546875,-0.51416015625,0.00048828125,-0.81201171875,-0.7629393935203552,0.4577636420726776,0.5187987685203552,80.0,1291.0,1.0,O,F,I,0
85861.1015625,85947.734375,86183.953125,86082.7421875,86202.28125,86396.3828125,86263.609375,86314.21875,-0.5126953125,0.001220703125,-0.814208984375,-0.7019042372703552,0.5187987685203552,0.4882812201976776,80.0,1292.0,1.0,O,F,I,0
85173.203125,85259.75,85496.234375,85395.109375,85514.3828125,85708.125,85575.5390625,85625.78125,-0.515380859375,-0.00048828125,-0.809814453125,-0.7324218153953552,0.4577636420726776,0.4272460639476776,80.0,1293.0,1.0,O,F,I,0
85598.515625,85684.96875,85920.9140625,85819.8828125,85939.5078125,86133.4375,86000.578125,86051.0,-0.51318359375,0.0009765625,-0.810302734375,-0.7934569716453552,0.4882812201976776,0.4882812201976776,80.0,1294.0,1.0,O,F,I,0
86432.5,86519.046875,86755.53125,86653.9609375,86774.125,86968.046875,86835.0078125,86886.0625,-0.51220703125,0.000732421875,-0.812744140625,-0.7629393935203552,0.5493163466453552,0.4882812201976776,80.0,1295.0,1.0,O,F,I,0
86207.375,86294.1015625,86530.671875,86429.015625,86549.0,86742.8359375,86610.0625,86661.1171875,-0.514404296875,0.0009765625,-0.810302734375,-0.6713866591453552,0.4577636420726776,0.5187987685203552,80.0,1296.0,1.0,O,F,I,0
85434.1796875,85521.0859375,85757.296875,85656.0,85775.8046875,85969.5546875,85836.875,85887.390625,-0.51416015625,0.00146484375,-0.811767578125,-0.7019042372703552,0.4577636420726776,0.5187987685203552,80.0,1297.0,1.0,O,F,I,0
85654.2109375,85740.9375,85976.96875,85875.9453125,85995.65625,86189.5859375,86056.7265625,86107.0625,-0.513916015625,0.0,-0.81201171875,-0.6713866591453552,0.4577636420726776,0.4882812201976776,80.0,1298.0,1.0,O,F,I,0
86546.765625,86633.21875,86869.703125,86768.046875,86888.2109375,87082.0390625,86949.453125,86999.96875,-0.513916015625,0.000244140625,-0.81201171875,-0.7629393935203552,0.5187987685203552,0.4882812201976776,80.0,1299.0,1.0,O,F,I,0
86533.4453125,86620.078125,86855.9296875,86754.546875,86874.796875,87068.6328125,86936.0390625,86986.6484375,-0.5146484375,0.000732421875,-0.81201171875,-0.8544921278953552,0.4577636420726776,0.5187987685203552,80.0,1300.0,1.0,O,F,I,0
85731.7265625,85818.453125,86054.0390625,85952.921875,86072.640625,86266.46875,86133.8828125,86184.6640625,-0.5146484375,0.002197265625,-0.810302734375,-0.7629393935203552,0.5187987685203552,0.3356933295726776,80.0,1301.0,1.0,O,F,I,0
85735.84375,85822.4765625,86058.6015625,85957.484375,86076.84375,86270.4921875,86138.171875,86188.421875,-0.512451171875,0.000732421875,-0.812744140625,-0.8239745497703552,0.4882812201976776,0.3662109076976776,80.0,1302.0,1.0,O,F,I,0
86630.5390625,86716.90625,86953.2109375,86852.0859375,86971.359375,87165.640625,87032.8671875,87083.5625,-0.51220703125,0.000244140625,-0.81103515625,-0.7019042372703552,0.4577636420726776,0.5187987685203552,80.0,1303.0,1.0,O,F,I,0
86831.8828125,86918.25,87154.5546875,87053.4296875,87172.7890625,87367.34375,87234.03125,87284.8203125,-0.512939453125,-0.00146484375,-0.809814453125,-0.6713866591453552,0.4882812201976776,0.5187987685203552,80.0,1304.0,1.0,O,F,I,0
86056.7265625,86143.09375,86379.0390625,86278.0078125,86397.453125,86591.5546875,86458.7890625,86509.03125,-0.514404296875,0.000244140625,-0.811279296875,-0.6408690810203552,0.4577636420726776,0.4272460639476776,80.0,1305.0,1.0,O,F,I,0
85847.6875,85934.4140625,86169.9140625,86069.0625,86188.78125,86382.4296875,86249.84375,86300.359375,-0.5126953125,0.000732421875,-0.81103515625,-0.7629393935203552,0.4577636420726776,0.3967284858226776,80.0,1306.0,1.0,O,F,I,0
86690.2578125,86776.8046875,87012.6640625,86911.453125,87031.2578125,87225.359375,87092.5,87143.46875,-0.51318359375,0.000732421875,-0.81005859375,-0.7324218153953552,0.4272460639476776,0.3356933295726776,80.0,1307.0,1.0,O,F,I,0
87098.765625,87185.484375,87421.34375,87320.3125,87440.2109375,87634.3984375,87501.2734375,87552.1484375,-0.513916015625,0.000244140625,-0.810791015625,-0.7629393935203552,0.4882812201976776,0.5187987685203552,80.0,1308.0,1.0,O,F,I,0
86400.7578125,86487.578125,86723.5234375,86622.3984375,86742.03125,86935.6875,86803.2734375,86853.7890625,-0.513427734375,0.000732421875,-0.810302734375,-0.7934569716453552,0.5187987685203552,0.5493163466453552,80.0,1309.0,1.0,O,F,I,0
85996.4609375,86083.546875,86319.4921875,86217.921875,86338.1796875,86531.5625,86398.9765625,86449.578125,-0.515380859375,-0.000732421875,-0.8115234375,-0.7629393935203552,0.4577636420726776,0.5187987685203552,80.0,1310.0,1.0,O,F,I,0
86735.59375,86822.671875,87058.7109375,86957.3203125,87077.21875,87271.2265625,87138.1015625,87189.15625,-0.514892578125,-0.0009765625,-0.81201171875,-0.7934569716453552,0.4577636420726776,0.4272460639476776,80.0,1311.0,1.0,O,F,I,0
87327.015625,87414.1015625,87650.40625,87548.9296875,87668.640625,87862.921875,87729.9765625,87780.8515625,-0.5146484375,-0.00048828125,-0.811279296875,-0.7934569716453552,0.4577636420726776,0.3967284858226776,80.0,1312.0,1.0,O,F,I,0
86756.421875,86843.5078125,87079.6328125,86978.328125,87098.1328125,87291.96875,87159.109375,87210.25,-0.516357421875,0.000244140625,-0.8095703125,-0.7324218153953552,0.4577636420726776,0.4577636420726776,80.0,1313.0,1.0,O,F,I,0
86182.609375,86269.6015625,86505.1875,86404.15625,86523.9609375,86717.890625,86585.1171875,86635.8984375,-0.5146484375,-0.00048828125,-0.809326171875,-0.6713866591453552,0.3967284858226776,0.3662109076976776,80.0,1314.0,1.0,O,F,I,0
86770.7265625,86857.453125,87093.7578125,86992.1875,87112.171875,87306.1875,87173.4140625,87224.375,-0.514892578125,0.0,-0.811767578125,-0.7019042372703552,0.3967284858226776,0.3356933295726776,80.0,1315.0,1.0,O,F,I,0
87509.6796875,87596.3984375,87832.6171875,87731.140625,87851.03125,88045.3125,87912.3671875,87963.8671875,-0.514892578125,0.002197265625,-0.810791015625,-0.6713866591453552,0.4272460639476776,0.3967284858226776,80.0,1316.0,1.0,O,F,I,0
87104.84375,87190.8515625,87427.6015625,87325.9453125,87445.75,87639.8515625,87506.9921875,87558.40625,-0.51220703125,0.001708984375,-0.812255859375,-0.5798339247703552,0.5187987685203552,0.4577636420726776,80.0,1317.0,1.0,O,F,I,0
86404.3359375,86490.5234375,86727.09375,86625.796875,86745.515625,86939.2578125,86806.671875,86857.453125,-0.514892578125,0.00146484375,-0.811279296875,-0.6408690810203552,0.5187987685203552,0.3967284858226776,80.0,1318.0,1.0,O,F,I,0
86810.2421875,86897.1484375,87133.6328125,87032.15625,87151.515625,87345.796875,87213.203125,87263.984375,-0.515869140625,0.001220703125,-0.8134765625,-0.6408690810203552,0.4272460639476776,0.4577636420726776,80.0,1319.0,1.0,O,F,I,0
87655.3203125,87742.2265625,87978.703125,87877.3203125,87996.5,88191.3125,88058.546875,88109.6875,-0.51513671875,0.001220703125,-0.810791015625,-0.7324218153953552,0.4882812201976776,0.4272460639476776,80.0,1320.0,1.0,O,F,I,0
87449.234375,87535.875,87772.625,87670.96875,87790.5,87984.6953125,87852.1953125,87903.2421875,-0.5146484375,-0.000244140625,-0.811279296875,-0.7019042372703552,0.3967284858226776,0.4882812201976776,80.0,1321.0,1.0,O,F,I,0
86671.21875,86757.8515625,86994.15625,86892.765625,87012.3046875,87206.2265625,87073.8203125,87124.6875,-0.513916015625,-0.00048828125,-0.809814453125,-0.6103515028953552,0.3967284858226776,0.4577636420726776,80.0,1322.0,1.0,O,F,I,0
86868.2734375,86955.265625,87191.390625,87090.0859375,87209.359375,87403.7265625,87271.2265625,87322.1015625,-0.513916015625,0.0009765625,-0.808349609375,-0.6713866591453552,0.4577636420726776,0.4577636420726776,80.0,1323.0,1.0,O,F,I,0
87762.875,87850.2265625,88086.6171875,87985.5,88104.59375,88298.9609375,88166.1015625,88217.8671875,-0.511962890625,0.001708984375,-0.81298828125,-0.6713866591453552,0.5493163466453552,0.4272460639476776,80.0,1324.0,1.0,O,F,I,0
87769.5859375,87856.9296875,88093.0546875,87991.8515625,88111.203125,88305.578125,88172.6328125,88224.484375,-0.514404296875,0.002685546875,-0.810546875,-0.6408690810203552,0.4882812201976776,0.4577636420726776,80.0,1325.0,1.0,O,F,I,0
86966.7109375,87053.4296875,87289.734375,87188.3515625,87307.9765625,87501.984375,87369.3046875,87420.5390625,-0.513671875,0.001708984375,-0.81201171875,-0.7629393935203552,0.4577636420726776,0.4577636420726776,80.0,1326.0,1.0,O,F,I,0
86950.1640625,87036.984375,87273.375,87171.8046875,87291.4375,87485.4453125,87352.9453125,87404.0859375,-0.513671875,-0.000244140625,-0.811279296875,-0.7324218153953552,0.5187987685203552,0.4272460639476776,80.0,1327.0,1.0,O,F,I,0
87841.734375,87928.8203125,88164.7578125,88063.5546875,88183.09375,88377.640625,88244.9609375,88296.1875,-0.5126953125,0.0,-0.81005859375,-0.7324218153953552,0.4272460639476776,0.4577636420726776,80.0,1328.0,1.0,O,F,I,0
88063.9140625,88151.0859375,88387.3828125,88285.8203125,88405.265625,88600.171875,88466.78125,88518.546875,-0.511474609375,0.001220703125,-0.813720703125,-0.7629393935203552,0.5187987685203552,0.3967284858226776,80.0,1329.0,1.0,O,F,I,0
87290.8046875,87377.7109375,87614.015625,87512.625,87632.25,87826.53125,87693.5,87744.7265625,-0.510986328125,0.001953125,-0.809814453125,-0.6713866591453552,0.5187987685203552,0.4577636420726776,80.0,1330.0,1.0,O,F,I,0
87059.2421875,87145.96875,87382.2734375,87280.9765625,87400.2421875,87594.703125,87461.7578125,87512.8046875,-0.5146484375,0.002197265625,-0.808837890625,-0.6713866591453552,0.3662109076976776,0.4272460639476776,80.0,1331.0,1.0,O,F,I,0
87891.890625,87978.8828125,88214.921875,88113.6171875,88232.9765625,88427.8828125,88294.671875,88346.2578125,-0.51123046875,0.000732421875,-0.810302734375,-0.6713866591453552,0.4577636420726776,0.3967284858226776,80.0,1332.0,1.0,O,F,I,0
88316.75,88404.015625,88639.9609375,88538.6640625,88657.9296875,88852.8359375,88719.53125,88771.1171875,-0.511962890625,0.00048828125,-0.808837890625,-0.7324218153953552,0.4577636420726776,0.3967284858226776,80.0,1333.0,1.0,O,F,I,0
87628.5859375,87715.671875,87951.796875,87850.765625,87969.9453125,88164.3125,88031.3671875,88082.7734375,-0.513671875,0.00048828125,-0.81103515625,-0.7324218153953552,0.4882812201976776,0.3967284858226776,80.0,1334.0,1.0,O,F,I,0
87203.546875,87290.6328125,87526.9296875,87425.7265625,87544.90625,87739.2734375,87606.1484375,87657.5546875,-0.513916015625,0.000732421875,-0.809814453125,-0.8239745497703552,0.4882812201976776,0.4272460639476776,80.0,1335.0,1.0,O,F,I,0
87927.8359375,88015.0078125,88251.578125,88149.7421875,88269.3671875,88464.2734375,88331.1484375,88382.6484375,-0.512451171875,0.0009765625,-0.810546875,-0.7629393935203552,0.4272460639476776,0.3967284858226776,80.0,1336.0,1.0,O,F,I,0
88534.015625,88621.453125,88857.7578125,88756.1875,88875.8125,89070.6328125,88937.6875,88989.5390625,-0.51171875,0.00048828125,-0.81201171875,-0.7019042372703552,0.4882812201976776,0.3967284858226776,80.0,1337.0,1.0,O,F,I,0
87977.6328125,88064.4453125,88300.9296875,88199.6328125,88319.078125,88513.2734375,88380.859375,88432.265625,-0.51220703125,0.001953125,-0.81396484375,-0.7934569716453552,0.5187987685203552,0.4272460639476776,80.0,1338.0,1.0,O,F,I,0
87388.9765625,87475.7890625,87712.0078125,87610.703125,87730.6015625,87924.5234375,87792.109375,87843.1640625,-0.5126953125,0.000244140625,-0.81201171875,-0.7934569716453552,0.5187987685203552,0.4272460639476776,80.0,1339.0,1.0,O,F,I,0
87963.328125,88050.140625,88286.53125,88185.0546875,88304.859375,88499.0546875,88366.28125,88417.6953125,-0.51318359375,0.001220703125,-0.813232421875,-0.7324218153953552,0.4577636420726776,0.4272460639476776,80.0,1340.0,1.0,O,F,I,0
88715.5078125,88802.4140625,89038.890625,88937.4140625,89057.1328125,89251.859375,89118.734375,89170.59375,-0.513427734375,0.00244140625,-0.81103515625,-0.7629393935203552,0.4882812201976776,0.4577636420726776,80.0,1341.0,1.0,O,F,I,0
88326.140625,88413.046875,88649.8828125,88548.2265625,88668.03125,88862.40625,88729.7265625,88781.21875,-0.515625,0.00048828125,-0.81103515625,-0.7629393935203552,0.4882812201976776,0.4882812201976776,80.0,1342.0,1.0,O,F,I,0
87613.5703125,87700.7421875,87937.0390625,87835.5625,87955.546875,88149.828125,88016.8828125,88068.203125,-0.51513671875,0.001953125,-0.809326171875,-0.7934569716453552,0.5187987685203552,0.4577636420726776,80.0,1343.0,1.0,O,F,I,0
88000.5234375,88087.6015625,88324.0859375,88222.515625,88342.234375,88536.9609375,88403.65625,88455.15625,-0.514404296875,0.00146484375,-0.81005859375,-0.7324218153953552,0.4577636420726776,0.5187987685203552,80.0,1344.0,1.0,O,F,I,0
88851.140625,88937.6875,89174.8828125,89073.1328125,89192.671875,89387.578125,89254.453125,89306.578125,-0.51416015625,0.000244140625,-0.80810546875,-0.7324218153953552,0.4272460639476776,0.4882812201976776,80.0,1345.0,1.0,O,F,I,0
88660.96875,88747.6953125,88984.4453125,88882.96875,89002.5078125,89197.140625,89064.015625,89116.234375,-0.513916015625,0.0,-0.81201171875,-0.7324218153953552,0.4272460639476776,0.3967284858226776,80.0,1346.0,1.0,O,F,I,0
87875.3515625,87961.8046875,88198.5546875,88097.078125,88216.6171875,88411.1640625,88278.3046875,88329.8984375,-0.513671875,0.000244140625,-0.810302734375,-0.6713866591453552,0.4577636420726776,0.3662109076976776,80.0,1347.0,1.0,O,F,I,0
88055.0625,88141.6015625,88378.4453125,88276.6953125,88396.328125,88591.234375,88458.5546875,88509.6953125,-0.514892578125,0.000732421875,-0.811767578125,-0.7324218153953552,0.4882812201976776,0.4272460639476776,80.0,1348.0,1.0,O,F,I,0
88952.9765625,89040.0546875,89276.5390625,89175.0625,89294.59375,89489.59375,89356.5546875,89408.5,-0.51611328125,0.0009765625,-0.8125,-0.7324218153953552,0.4882812201976776,0.4882812201976776,80.0,1349.0,1.0,O,F,I,0
88979.8828125,89066.609375,89303.2734375,89201.6171875,89321.328125,89516.328125,89382.9296875,89435.0546875,-0.514404296875,-0.00048828125,-0.8125,-0.7324218153953552,0.4577636420726776,0.3662109076976776,80.0,1350.0,1.0,O,F,I,0
88176.203125,88263.109375,88499.6796875,88397.9375,88517.828125,88712.203125,88579.0703125,88630.84375,-0.51513671875,0.001708984375,-0.810791015625,-0.7324218153953552,0.3967284858226776,0.4577636420726776,80.0,1351.0,1.0,O,F,I,0
88139.1015625,88225.9140625,88462.484375,88361.0078125,88480.6328125,88675.2734375,88542.234375,88593.828125,-0.512939453125,0.000244140625,-0.811767578125,-0.6713866591453552,0.4577636420726776,0.5187987685203552,80.0,1352.0,1.0,O,F,I,0
89027.8046875,89114.4453125,89351.28125,89249.4453125,89369.25,89564.609375,89431.03125,89482.9765625,-0.513916015625,0.0009765625,-0.813232421875,-0.7019042372703552,0.5187987685203552,0.3967284858226776,80.0,1353.0,1.0,O,F,I,0
89267.59375,89354.4140625,89591.1640625,89489.328125,89608.953125,89804.578125,89671.1796875,89723.0390625,-0.513427734375,0.00146484375,-0.81005859375,-0.7934569716453552,0.4882812201976776,0.4272460639476776,80.0,1354.0,1.0,O,F,I,0
88496.90625,88583.9921875,88820.1171875,88718.640625,88838.265625,89033.0859375,88900.3125,88951.8125,-0.512939453125,0.001220703125,-0.81005859375,-0.7019042372703552,0.4272460639476776,0.4272460639476776,80.0,1355.0,1.0,O,F,I,0
88248.359375,88335.078125,88571.5625,88470.0859375,88589.625,88784.4375,88651.3125,88703.171875,-0.515625,0.00244140625,-0.81298828125,-0.7324218153953552,0.4577636420726776,0.4272460639476776,80.0,1356.0,1.0,O,F,I,0
89075.546875,89162.1875,89398.9375,89297.28125,89416.90625,89611.7265625,89478.7734375,89530.5390625,-0.514404296875,0.000732421875,-0.814697265625,-0.7629393935203552,0.4882812201976776,0.4272460639476776,80.0,1357.0,1.0,O,F,I,0
89520.7109375,89607.4296875,89844.359375,89742.6171875,89862.328125,90057.4140625,89924.0234375,89975.96875,-0.512451171875,-0.001220703125,-0.81494140625,-0.8239745497703552,0.4577636420726776,0.4272460639476776,80.0,1358.0,1.0,O,F,I,0
88837.9921875,88924.5390625,89161.203125,89059.7265625,89179.4375,89374.171875,89240.953125,89293.078125,-0.512451171875,-0.00048828125,-0.812744140625,-0.8239745497703552,0.5187987685203552,0.4577636420726776,80.0,1359.0,1.0,O,F,I,0
88397.21875,88483.6796875,88720.15625,88619.0390625,88738.3984375,88933.0390625,88800.1796875,88852.03125,-0.51171875,0.00048828125,-0.812744140625,-0.7324218153953552,0.4577636420726776,0.4882812201976776,80.0,1360.0,1.0,O,F,I,0
89113.4609375,89200.6328125,89437.0234375,89335.546875,89455.0859375,89649.8125,89516.859375,89568.8984375,-0.5126953125,-0.00048828125,-0.810302734375,-0.7324218153953552,0.4577636420726776,0.5187987685203552,80.0,1361.0,1.0,O,F,I,0
89737.25,89824.2421875,90060.8125,89958.890625,90078.7890625,90273.9609375,90140.4765625,90192.6875,-0.512939453125,-0.00048828125,-0.810791015625,-0.7934569716453552,0.4577636420726776,0.4577636420726776,80.0,1362.0,1.0,O,F,I,0
89193.5703125,89280.3828125,89517.0390625,89415.296875,89535.1953125,89730.0078125,89596.6171875,89648.6484375,-0.513427734375,-0.001220703125,-0.81201171875,-0.7324218153953552,0.3662109076976776,0.4272460639476776,80.0,1363.0,1.0,O,F,I,0
88589.1796875,88676.171875,88912.296875,88810.90625,88930.53125,89125.171875,88992.046875,89043.8984375,-0.513916015625,0.0,-0.809814453125,-0.6408690810203552,0.4272460639476776,0.3967284858226776,80.0,1364.0,1.0,O,F,I,0
89142.6953125,89229.78125,89466.2578125,89364.421875,89484.140625,89679.046875,89545.828125,89597.953125,-0.5146484375,0.00048828125,-0.8134765625,-0.7324218153953552,0.4882812201976776,0.3662109076976776,80.0,1365.0,1.0,O,F,I,0
89903.9921875,89991.2578125,90228.09375,90126.3515625,90245.7109375,90440.8828125,90307.21875,90359.96875,-0.513671875,0.000732421875,-0.810791015625,-0.6713866591453552,0.4577636420726776,0.3662109076976776,80.0,1366.0,1.0,O,F,I,0
89534.5625,89621.5625,89858.1328125,89756.4765625,89875.7421875,90071.1875,89937.703125,89990.09375,-0.513427734375,0.0,-0.81103515625,-0.6103515028953552,0.3662109076976776,0.3051757514476776,80.0,1367.0,1.0,O,F,I,0
88814.03125,88901.1171875,89137.78125,89035.9453125,89155.390625,89350.5625,89217.171875,89269.3828125,-0.513671875,0.0009765625,-0.810546875,-0.6103515028953552,0.4882812201976776,0.3662109076976776,80.0,1368.0,1.0,O,F,I,0
89178.6328125,89266.078125,89502.46875,89400.8125,89520.3515625,89715.5234375,89581.859375,89634.34375,-0.5126953125,-0.00048828125,-0.8115234375,-0.6103515028953552,0.4272460639476776,0.4272460639476776,80.0,1369.0,1.0,O,F,I,0
90036.671875,90124.1171875,90360.2421875,90258.40625,90377.9453125,90573.5625,90439.8984375,90492.7421875,-0.514892578125,-0.000244140625,-0.813720703125,-0.6713866591453552,0.4272460639476776,0.4272460639476776,80.0,1370.0,1.0,O,F,I,0
89869.125,89956.296875,90192.6875,90090.6796875,90210.484375,90405.9296875,90272.53125,90325.1015625,-0.511962890625,0.001708984375,-0.8115234375,-0.7019042372703552,0.4272460639476776,0.4882812201976776,80.0,1371.0,1.0,O,F,I,0
89078.859375,89165.8515625,89402.3359375,89300.5,89420.125,89615.2109375,89481.90625,89534.03125,-0.512451171875,0.0009765625,-0.8125,-0.7324218153953552,0.4577636420726776,0.4577636420726776,80.0,1372.0,1.0,O,F,I,0
89236.75,89323.65625,89559.78125,89458.3046875,89577.9296875,89773.1015625,89639.53125,89691.4765625,-0.510986328125,0.001708984375,-0.8115234375,-0.7324218153953552,0.4272460639476776,0.4882812201976776,80.0,1373.0,1.0,O,F,I,0
90134.9375,90222.1953125,90458.6796875,90357.0234375,90476.3828125,90671.8203125,90538.515625,90590.8203125,-0.5126953125,0.0029296875,-0.814208984375,-0.7629393935203552,0.4577636420726776,0.4577636420726776,80.0,1374.0,1.0,O,F,I,0
90181.421875,90268.2421875,90505.078125,90403.3359375,90522.8671875,90718.2265625,90584.921875,90637.3125,-0.51318359375,0.0009765625,-0.812744140625,-0.7324218153953552,0.4577636420726776,0.5187987685203552,80.0,1375.0,1.0,O,F,I,0
89375.78125,89462.59375,89699.1640625,89597.1484375,89717.1328125,89912.1328125,89778.9140625,89831.0390625,-0.512939453125,0.0,-0.8134765625,-0.7019042372703552,0.4272460639476776,0.4882812201976776,80.0,1376.0,1.0,O,F,I,0
89316.7734375,89403.9453125,89640.6015625,89538.3203125,89658.484375,89853.390625,89720.171875,89772.1171875,-0.514404296875,0.00146484375,-0.813232421875,-0.7019042372703552,0.4272460639476776,0.4577636420726776,80.0,1377.0,1.0,O,F,I,0
90202.2578125,90289.609375,90526.4453125,90424.5234375,90544.328125,90739.5,90606.2890625,90658.5,-0.5146484375,-0.000732421875,-0.81396484375,-0.6713866591453552,0.3967284858226776,0.3967284858226776,80.0,1378.0,1.0,O,F,I,0
90463.859375,90550.765625,90787.6953125,90685.4140625,90805.3984375,91000.9296875,90867.359375,90920.1953125,-0.514404296875,-0.000732421875,-0.811767578125,-0.6103515028953552,0.5187987685203552,0.4882812201976776,80.0,1379.0,1.0,O,F,I,0
89698.8984375,89785.7109375,90022.546875,89920.4453125,90040.1640625,90235.609375,90102.296875,90154.78125,-0.51513671875,0.00244140625,-0.810791015625,-0.7934569716453552,0.4577636420726776,0.4272460639476776,80.0,1380.0,1.0,O,F,I,0
89426.921875,89513.734375,89750.125,89648.2890625,89768.0078125,89963.359375,89830.0546875,89882.359375,-0.511962890625,0.001220703125,-0.81201171875,-0.7629393935203552,0.4272460639476776,0.4577636420726776,80.0,1381.0,1.0,O,F,I,0
90241.953125,90329.484375,90565.875,90463.5078125,90583.6640625,90779.3828125,90645.359375,90698.015625,-0.514404296875,0.0,-0.814453125,-0.7324218153953552,0.4882812201976776,0.3967284858226776,80.0,1382.0,1.0,O,F,I,0
90704.8125,90792.25,91029.09375,90926.8125,91046.5234375,91241.96875,91108.21875,91161.1484375,-0.512939453125,0.001220703125,-0.812744140625,-0.7019042372703552,0.4882812201976776,0.3662109076976776,80.0,1383.0,1.0,O,F,I,0
90037.2109375,90124.4765625,90360.7734375,90259.1171875,90378.296875,90573.8359375,90440.5234375,90493.1015625,-0.511474609375,0.00048828125,-0.814208984375,-0.7629393935203552,0.4272460639476776,0.4272460639476776,80.0,1384.0,1.0,O,F,I,0
89576.5,89663.578125,89899.703125,89798.046875,89917.40625,90113.1171875,89979.7265625,90032.203125,-0.51318359375,0.002685546875,-0.81396484375,-0.6408690810203552,0.4577636420726776,0.4577636420726776,80.0,1385.0,1.0,O,F,I,0
90272.890625,90360.0625,90596.5390625,90494.7109375,90614.6015625,90809.953125,90676.46875,90729.1328125,-0.51220703125,0.001220703125,-0.81396484375,-0.6713866591453552,0.5187987685203552,0.4882812201976776,80.0,1386.0,1.0,O,F,I,0
90909.109375,90996.1015625,91232.765625,91131.015625,91250.640625,91446.4453125,91312.515625,91365.3515625,-0.512939453125,0.000732421875,-0.81298828125,-0.7019042372703552,0.5798339247703552,0.4882812201976776,80.0,1387.0,1.0,O,F,I,0
90381.1640625,90468.15625,90704.8125,90602.890625,90722.609375,90917.9609375,90784.5625,90837.2265625,-0.513427734375,-0.000244140625,-0.813232421875,-0.8239745497703552,0.5798339247703552,0.4577636420726776,80.0,1388.0,1.0,O,F,I,0
89764.96875,89851.9609375,90088.4453125,89986.875,90106.6796875,90301.859375,90168.4609375,90220.40625,-0.5126953125,0.0009765625,-0.8115234375,-0.7629393935203552,0.5798339247703552,0.4577636420726776,80.0,1389.0,1.0,O,F,I,0
90300.78125,90387.6875,90624.6171875,90522.9609375,90642.40625,90837.8515625,90704.1875,90756.4921875,-0.51611328125,0.001220703125,-0.80810546875,-0.7629393935203552,0.5187987685203552,0.4272460639476776,80.0,1390.0,1.0,O,F,I,0
91075.046875,91161.859375,91398.703125,91296.953125,91416.3125,91612.296875,91478.453125,91531.5625,-0.514892578125,0.0,-0.8095703125,-0.6713866591453552,0.6103515028953552,0.3967284858226776,80.0,1391.0,1.0,O,F,I,0
90727.2578125,90813.890625,91050.7265625,90949.0703125,91068.1640625,91264.0546875,91130.65625,91183.40625,-0.513671875,-0.000732421875,-0.812255859375,-0.6713866591453552,0.6103515028953552,0.4272460639476776,80.0,1392.0,1.0,O,F,I,0
89996.0859375,90082.71875,90319.5625,90217.7265625,90337.2578125,90533.15625,90399.21875,90451.7890625,-0.512939453125,-0.00048828125,-0.812255859375,-0.6713866591453552,0.4577636420726776,0.4577636420726776,80.0,1393.0,1.0,O,F,I,0
90337.9765625,90424.96875,90661.8125,90559.796875,90679.5078125,90875.3125,90741.0234375,90794.21875,-0.51513671875,-0.001708984375,-0.81201171875,-0.7019042372703552,0.4882812201976776,0.4577636420726776,80.0,1394.0,1.0,O,F,I,0
91199.234375,91286.40625,91523.3359375,91421.3203125,91540.5,91736.9296875,91602.7265625,91656.1015625,-0.515625,-0.000244140625,-0.811279296875,-0.7934569716453552,0.4882812201976776,0.3967284858226776,80.0,1395.0,1.0,O,F,I,0
91051.8046875,91138.6171875,91375.2734375,91273.6171875,91392.9765625,91588.8671875,91455.3828125,91508.40625,-0.514404296875,0.000732421875,-0.811279296875,-0.7629393935203552,0.4577636420726776,0.4577636420726776,80.0,1396.0,1.0,O,F,I,0
90256.9765625,90343.875,90580.09375,90478.6171875,90598.1484375,90794.0390625,90660.0234375,90712.859375,-0.512939453125,0.000244140625,-0.81103515625,-0.7019042372703552,0.4577636420726776,0.4577636420726776,80.0,1397.0,1.0,O,F,I,0
90390.7265625,90477.8984375,90714.203125,90612.546875,90731.9921875,90928.15625,90794.0390625,90846.96875,-0.5126953125,0.001953125,-0.810302734375,-0.5798339247703552,0.4882812201976776,0.4272460639476776,80.0,1398.0,1.0,O,F,I,0
91290.34375,91376.9765625,91614.0859375,91511.9765625,91631.6953125,91827.5859375,91693.65625,91746.671875,-0.514404296875,0.00146484375,-0.81201171875,-0.7019042372703552,0.4272460639476776,0.4272460639476776,80.0,1399.0,1.0,O,F,I,0
91359.0078125,91445.8203125,91682.65625,91580.734375,91700.359375,91896.4296875,91762.5,91815.609375,-0.5146484375,0.0029296875,-0.8115234375,-0.7629393935203552,0.5187987685203552,0.4577636420726776,80.0,1400.0,1.0,O,F,I,0
90557.0234375,90643.75,90880.3203125,90778.75,90898.3828125,91093.9140625,90960.3359375,91013.1796875,-0.514404296875,0.002197265625,-0.8125,-0.7629393935203552,0.4577636420726776,0.4577636420726776,80.0,1401.0,1.0,O,F,I,0
90473.1640625,90560.0625,90796.7265625,90694.890625,90814.515625,91009.9609375,90876.296875,90929.40625,-0.513916015625,0.002197265625,-0.8134765625,-0.7629393935203552,0.6103515028953552,0.3967284858226776,80.0,1402.0,1.0,O,F,I,0
91353.5546875,91440.3671875,91677.203125,91575.1875,91694.7265625,91890.4375,91756.421875,91810.1484375,-0.513671875,0.001953125,-0.810302734375,-0.7629393935203552,0.4882812201976776,0.3967284858226776,80.0,1403.0,1.0,O,F,I,0
91635.8125,91722.8046875,91959.640625,91857.5390625,91977.1640625,92172.875,92038.8515625,92092.765625,-0.511962890625,0.000244140625,-0.81201171875,-0.6713866591453552,0.4272460639476776,0.5187987685203552,80.0,1404.0,1.0,O,F,I,0
90879.78125,90966.5078125,91203.5234375,91101.6015625,91221.40625,91417.03125,91283.0078125,91336.296875,-0.51318359375,0.000244140625,-0.81005859375,-0.7934569716453552,0.3967284858226776,0.4577636420726776,80.0,1405.0,1.0,O,F,I,0
90587.0625,90673.703125,90910.8046875,90809.0625,90928.5078125,91124.3125,90990.2890625,91043.3125,-0.514404296875,0.000732421875,-0.80908203125,-0.6713866591453552,0.4577636420726776,0.3967284858226776,80.0,1406.0,1.0,O,F,I,0
91391.640625,91478.453125,91715.3828125,91613.6328125,91732.8125,91929.0625,91794.953125,91848.59375,-0.516357421875,0.001953125,-0.808837890625,-0.5798339247703552,0.4882812201976776,0.3967284858226776,80.0,1407.0,1.0,O,F,I,0
91872.0234375,91958.921875,92195.8515625,92093.9296875,92213.375,92409.5390625,92275.4296875,92329.0703125,-0.51416015625,-0.0009765625,-0.808837890625,-0.6713866591453552,0.3967284858226776,0.3967284858226776,80.0,1408.0,1.0,O,F,I,0
91215.1484375,91302.234375,91539.0703125,91437.234375,91556.59375,91752.3984375,91618.640625,91671.9296875,-0.514892578125,-0.001708984375,-0.80810546875,-0.6408690810203552,0.3967284858226776,0.4882812201976776,80.0,1409.0,1.0,O,F,I,0
90736.9140625,90823.90625,91060.8359375,90959.0,91078.359375,91274.0703125,91140.5859375,91192.796875,-0.5126953125,0.000244140625,-0.806640625,-0.7324218153953552,0.3967284858226776,0.4882812201976776,80.0,1410.0,1.0,O,F,I,0
91420.6953125,91507.2421875,91744.6171875,91642.78125,91762.140625,91958.03125,91824.0078125,91877.1171875,-0.513671875,0.001220703125,-0.80908203125,-0.6408690810203552,0.4577636420726776,0.4882812201976776,80.0,1411.0,1.0,O,F,I,0
92072.1171875,92158.75,92395.9453125,92293.84375,92413.6484375,92609.71875,92475.4296875,92529.34375,-0.515380859375,0.00244140625,-0.8125,-0.6713866591453552,0.4882812201976776,0.5187987685203552,80.0,1412.0,1.0,O,F,I,0
91559.7265625,91646.71875,91883.6484375,91781.2734375,91901.078125,92097.1484375,91962.9453125,92016.328125,-0.51318359375,0.000732421875,-0.812744140625,-0.6408690810203552,0.4882812201976776,0.4882812201976776,80.0,1413.0,1.0,O,F,I,0
90927.4375,91014.1640625,91251.1796875,91149.1640625,91268.6171875,91464.4140625,91330.390625,91383.59375,-0.511474609375,0.001220703125,-0.81005859375,-0.7629393935203552,0.5798339247703552,0.3967284858226776,80.0,1414.0,1.0,O,F,I,0
91446.4453125,91533.5234375,91770.3671875,91668.6171875,91787.796875,91983.421875,91849.9375,91903.046875,-0.51318359375,0.000732421875,-0.8115234375,-0.7324218153953552,0.5798339247703552,0.3662109076976776,80.0,1415.0,1.0,O,F,I,0
92228.9375,92316.4609375,92553.03125,92451.2890625,92570.3828125,92766.5390625,92632.609375,92686.34375,-0.5126953125,0.001220703125,-0.816650390625,-0.6713866591453552,0.6103515028953552,0.3051757514476776,80.0,1416.0,1.0,O,F,I,0
91897.234375,91984.671875,92221.421875,92119.4140625,92238.6796875,92434.9296875,92300.8203125,92354.5546875,-0.513427734375,0.000244140625,-0.81201171875,-0.7019042372703552,0.5187987685203552,0.3967284858226776,80.0,1417.0,1.0,O,F,I,0
91156.5859375,91243.9375,91480.328125,91378.4921875,91497.9453125,91693.8359375,91559.9921875,91613.1875,-0.512939453125,0.001220703125,-0.8115234375,-0.7324218153953552,0.4882812201976776,0.4882812201976776,80.0,1418.0,1.0,O,F,I,0
91480.421875,91567.859375,91804.25,91702.4140625,91821.953125,92018.0234375,91884.1796875,91937.46875,-0.514404296875,0.0009765625,-0.814697265625,-0.7934569716453552,0.4577636420726776,0.4882812201976776,80.0,1419.0,1.0,O,F,I,0
92348.1171875,92435.9140625,92672.2109375,92570.0234375,92689.3828125,92885.71875,92751.7890625,92805.34375,-0.51416015625,0.00048828125,-0.81396484375,-0.6103515028953552,0.3967284858226776,0.4577636420726776,80.0,1420.0,1.0,O,F,I,0
92219.8125,92307.609375,92544.359375,92441.8984375,92561.3515625,92757.6015625,92623.484375,92677.3125,-0.516845703125,0.001708984375,-0.8134765625,-0.7019042372703552,0.4272460639476776,0.4577636420726776,80.0,1421.0,1.0,O,F,I,0
91420.515625,91507.8671875,91744.6171875,91642.515625,91761.9609375,91958.03125,91824.0078125,91877.1171875,-0.513671875,0.002197265625,-0.812744140625,-0.6713866591453552,0.3967284858226776,0.3967284858226776,80.0,1422.0,1.0,O,F,I,0
91535.1328125,91622.3984375,91859.1484375,91756.953125,91876.40625,92072.5625,91938.1796875,91991.734375,-0.51513671875,0.0,-0.811767578125,-0.7324218153953552,0.3967284858226776,0.4272460639476776,80.0,1423.0,1.0,O,F,I,0
92433.046875,92520.3125,92757.6875,92655.2265625,92774.5859375,92971.1015625,92836.2734375,92890.6328125,-0.51513671875,0.003662109375,-0.8134765625,-0.7019042372703552,0.4577636420726776,0.5798339247703552,80.0,1424.0,1.0,O,F,I,0
92521.828125,92608.828125,92845.75,92743.7421875,92863.2734375,93059.34375,92925.0546875,92979.1484375,-0.51513671875,0.001953125,-0.814697265625,-0.7324218153953552,0.5187987685203552,0.3967284858226776,80.0,1425.0,1.0,O,F,I,0
91720.1171875,91807.6484375,92044.0390625,91942.203125,92061.3828125,92257.1015625,92123.703125,92177.078125,-0.515869140625,0.00048828125,-0.811279296875,-0.7934569716453552,0.4577636420726776,0.4272460639476776,80.0,1426.0,1.0,O,F,I,0
91615.421875,91703.0390625,91939.6171875,91837.421875,91956.78125,92152.578125,92019.09375,92072.46875,-0.513427734375,0.002685546875,-0.81005859375,-0.7324218153953552,0.3662109076976776,0.4577636420726776,80.0,1427.0,1.0,O,F,I,0
92489.109375,92576.7265625,92813.296875,92711.015625,92830.9140625,93026.625,92892.9609375,92946.875,-0.513427734375,0.00048828125,-0.8134765625,-0.7629393935203552,0.4272460639476776,0.4882812201976776,80.0,1428.0,1.0,O,F,I,0
92792.109375,92879.7265625,93116.296875,93014.109375,93134.1796875,93329.984375,93195.875,93249.9609375,-0.513916015625,0.00146484375,-0.811279296875,-0.7324218153953552,0.4882812201976776,0.4882812201976776,80.0,1429.0,1.0,O,F,I,0
92041.5390625,92129.15625,92365.8203125,92263.7109375,92383.515625,92579.234375,92445.296875,92498.765625,-0.5146484375,0.0009765625,-0.811279296875,-0.7934569716453552,0.4882812201976776,0.4577636420726776,80.0,1430.0,1.0,O,F,I,0
91729.1484375,91816.4140625,92053.0703125,91951.1484375,92070.6875,92266.3984375,92132.375,92186.015625,-0.513671875,0.0,-0.809814453125,-0.7934569716453552,0.4882812201976776,0.3967284858226776,80.0,1431.0,1.0,O,F,I,0
92523.890625,92611.6875,92848.2578125,92745.9765625,92865.515625,93061.7578125,92927.6484375,92981.5625,-0.5126953125,-0.0009765625,-0.81298828125,-0.7324218153953552,0.4272460639476776,0.4577636420726776,80.0,1432.0,1.0,O,F,I,0
93020.7265625,93108.34375,93345.4453125,93243.078125,93362.703125,93559.1328125,93424.84375,93478.84375,-0.51611328125,-0.000244140625,-0.809814453125,-0.6713866591453552,0.4882812201976776,0.4272460639476776,80.0,1433.0,1.0,O,F,I,0
92373.7734375,92461.3046875,92698.3203125,92596.0390625,92715.3125,92911.828125,92777.890625,92831.359375,-0.515380859375,0.00048828125,-0.814697265625,-0.6408690810203552,0.4882812201976776,0.3967284858226776,80.0,1434.0,1.0,O,F,I,0
91878.1015625,91965.5390625,92202.109375,92100.0078125,92219.8125,92415.8828125,92281.953125,92335.328125,-0.514404296875,0.00048828125,-0.81396484375,-0.6408690810203552,0.4272460639476776,0.4882812201976776,80.0,1435.0,1.0,O,F,I,0
92547.2265625,92634.484375,92871.0546875,92768.953125,92888.7578125,93085.09375,92950.71875,93004.6328125,-0.515625,0.002197265625,-0.81103515625,-0.6713866591453552,0.4272460639476776,0.4577636420726776,80.0,1436.0,1.0,O,F,I,0
93213.125,93300.7421875,93537.140625,93435.03125,93554.84375,93751.265625,93616.9765625,93670.890625,-0.515625,0.001953125,-0.810791015625,-0.6713866591453552,0.4882812201976776,0.3967284858226776,80.0,1437.0,1.0,O,F,I,0
92716.2890625,92803.640625,93040.125,92938.203125,93057.6484375,93254.1640625,93119.875,93173.609375,-0.513916015625,-0.00048828125,-0.811767578125,-0.7629393935203552,0.3967284858226776,0.3967284858226776,80.0,1438.0,1.0,O,F,I,0
92070.953125,92158.03125,92394.78125,92292.59375,92412.21875,92608.5546875,92474.4453125,92528.1796875,-0.5146484375,-0.00146484375,-0.810791015625,-0.6713866591453552,0.3967284858226776,0.4272460639476776,80.0,1439.0,1.0,O,F,I,0
92570.6484375,92658.5390625,92895.4609375,92793.09375,92912.5390625,93109.1484375,92974.859375,93028.765625,-0.514892578125,-0.00048828125,-0.811279296875,-0.7019042372703552,0.4272460639476776,0.5493163466453552,80.0,1440.0,1.0,O,F,I,0
93364.1328125,93452.0234375,93689.21875,93586.671875,93706.203125,93902.9921875,93768.5234375,93822.6171875,-0.512939453125,-0.00048828125,-0.8115234375,-0.7019042372703552,0.4577636420726776,0.4272460639476776,80.0,1441.0,1.0,O,F,I,0
93052.734375,93140.796875,93377.546875,93275.171875,93395.25,93591.5,93456.8515625,93510.8515625,-0.513916015625,-0.00146484375,-0.810546875,-0.8239745497703552,0.4272460639476776,0.4577636420726776,80.0,1442.0,1.0,O,F,I,0
92304.21875,92391.8359375,92628.671875,92526.8359375,92646.2890625,92842.265625,92708.0703125,92761.796875,-0.51416015625,0.001220703125,-0.8115234375,-0.7324218153953552,0.4577636420726776,0.5493163466453552,80.0,1443.0,1.0,O,F,I,0
92605.4296875,92692.421875,92929.53125,92827.421875,92946.6953125,93143.1171875,93008.7421875,93062.8359375,-0.514404296875,-0.0009765625,-0.81298828125,-0.7629393935203552,0.5493163466453552,0.4577636420726776,80.0,1444.0,1.0,O,F,I,0
93476.0703125,93563.6015625,93800.4375,93698.4296875,93817.6953125,94014.484375,93880.1015625,93934.375,-0.5146484375,0.00048828125,-0.812744140625,-0.6408690810203552,0.4882812201976776,0.5493163466453552,80.0,1445.0,1.0,O,F,I,0
93367.53125,93455.2421875,93691.8984375,93589.53125,93709.15625,93906.1171875,93771.296875,93825.7421875,-0.512451171875,0.001708984375,-0.810546875,-0.6103515028953552,0.5187987685203552,0.4882812201976776,80.0,1446.0,1.0,O,F,I,0
92566.0,92654.0625,92890.3671875,92788.265625,92907.8046875,93104.3203125,92969.9375,93023.8515625,-0.512939453125,0.001708984375,-0.810546875,-0.7324218153953552,0.5187987685203552,0.4577636420726776,80.0,1447.0,1.0,O,F,I,0
92655.4921875,92743.5625,92980.21875,92878.03125,92997.03125,93193.7265625,93059.6171875,93113.5234375,-0.513916015625,0.00048828125,-0.811279296875,-0.7324218153953552,0.4272460639476776,0.4577636420726776,80.0,1448.0,1.0,O,F,I,0
93553.0546875,93640.9375,93877.78125,93775.5,93894.765625,94091.8203125,93956.9921875,94011.796875,-0.513916015625,0.0,-0.81640625,-0.6713866591453552,0.4272460639476776,0.4577636420726776,80.0,1449.0,1.0,O,F,I,0
93662.7578125,93750.015625,93987.2109375,93885.1953125,94004.6484375,94201.5234375,94066.4296875,94121.0546875,-0.515380859375,0.000244140625,-0.81103515625,-0.6713866591453552,0.4577636420726776,0.4577636420726776,80.0,1450.0,1.0,O,F,I,0
92865.0625,92952.1484375,93188.984375,93087.2421875,93206.78125,93403.1171875,93268.5625,93322.7421875,-0.514404296875,0.00048828125,-0.810791015625,-0.7324218153953552,0.5493163466453552,0.4272460639476776,80.0,1451.0,1.0,O,F,I,0
92739.2734375,92826.4453125,93063.3671875,92961.1796875,93081.0703125,93277.5,93142.765625,93196.8515625,-0.512451171875,-0.000244140625,-0.812255859375,-0.7629393935203552,0.4272460639476776,0.4577636420726776,80.0,1452.0,1.0,O,F,I,0
93606.6953125,93694.3125,93931.421875,93828.9609375,93948.3203125,94145.1953125,94010.7265625,94065.171875,-0.5126953125,-0.000244140625,-0.810546875,-0.7019042372703552,0.3967284858226776,0.3967284858226776,80.0,1453.0,1.0,O,F,I,0
93927.9375,94015.9140625,94252.6640625,94150.3828125,94269.7421875,94466.609375,94332.234375,94386.7734375,-0.51416015625,-0.000732421875,-0.81298828125,-0.7324218153953552,0.4272460639476776,0.4882812201976776,80.0,1454.0,1.0,O,F,I,0
93186.125,93273.921875,93510.8515625,93408.484375,93528.015625,93724.984375,93590.15625,93644.25,-0.514404296875,0.001220703125,-0.8134765625,-0.7934569716453552,0.4272460639476776,0.5187987685203552,80.0,1455.0,1.0,O,F,I,0
92852.1875,92940.5234375,93177.1875,93074.8125,93194.3515625,93391.046875,93256.7578125,93310.3984375,-0.513916015625,0.00048828125,-0.8095703125,-0.6713866591453552,0.4577636420726776,0.3967284858226776,80.0,1456.0,1.0,O,F,I,0
93635.0390625,93723.1953125,93959.765625,93857.484375,93977.109375,94173.71875,94039.4296875,94093.875,-0.51416015625,0.000732421875,-0.813720703125,-0.6713866591453552,0.5187987685203552,0.3967284858226776,80.0,1457.0,1.0,O,F,I,0
94151.0078125,94238.7109375,94475.5546875,94373.2734375,94492.8125,94689.5078125,94555.3046875,94609.84375,-0.512939453125,0.0,-0.813232421875,-0.6713866591453552,0.5187987685203552,0.4577636420726776,80.0,1458.0,1.0,O,F,I,0
93519.078125,93606.515625,93843.7109375,93741.25,93860.703125,94057.578125,93923.2890625,93977.375,-0.512939453125,0.000732421875,-0.812744140625,-0.6713866591453552,0.4577636420726776,0.4577636420726776,80.0,1459.0,1.0,O,F,I,0
93006.59375,93093.9453125,93330.6953125,93228.59375,93348.3984375,93544.828125,93410.71875,93464.625,-0.512939453125,-0.00146484375,-0.814453125,-0.6408690810203552,0.4882812201976776,0.4577636420726776,80.0,1460.0,1.0,O,F,I,0
93657.9296875,93745.2734375,93982.296875,93880.28125,94000.0,94196.421875,94062.2265625,94116.3125,-0.513427734375,0.00048828125,-0.813232421875,-0.6713866591453552,0.4272460639476776,0.4882812201976776,80.0,1461.0,1.0,O,F,I,0
94337.2421875,94425.3046875,94662.234375,94559.8671875,94679.7578125,94876.3671875,94741.984375,94796.5234375,-0.515380859375,0.001220703125,-0.8115234375,-0.6408690810203552,0.3967284858226776,0.4882812201976776,80.0,1462.0,1.0,O,F,I,0
93857.0390625,93945.1015625,94182.1171875,94079.5703125,94199.2890625,94396.0703125,94261.6953125,94315.9609375,-0.516357421875,0.001953125,-0.81298828125,-0.6408690810203552,0.3967284858226776,0.4272460639476776,80.0,1463.0,1.0,O,F,I,0
93198.5546875,93286.0859375,93523.4609375,93420.7265625,93540.625,93736.875,93602.9375,93656.765625,-0.51513671875,0.001953125,-0.812744140625,-0.6713866591453552,0.3967284858226776,0.4272460639476776,80.0,1464.0,1.0,O,F,I,0
93678.046875,93765.484375,94002.59375,93899.859375,94019.84375,94216.2734375,94082.5234375,94136.5234375,-0.514892578125,0.000244140625,-0.811279296875,-0.5493163466453552,0.4577636420726776,0.4272460639476776,80.0,1465.0,1.0,O,F,I,0
94481.2734375,94568.71875,94806.0,94703.5390625,94823.34375,95020.21875,94885.5703125,94940.5625,-0.513916015625,0.0009765625,-0.8095703125,-0.6408690810203552,0.3662109076976776,0.5798339247703552,80.0,1466.0,1.0,O,F,I,0
94187.75,94275.015625,94511.9453125,94409.75,94529.640625,94726.515625,94591.515625,94646.3203125,-0.512451171875,0.000244140625,-0.810546875,-0.5798339247703552,0.4577636420726776,0.4272460639476776,80.0,1467.0,1.0,O,F,I,0
93429.671875,93517.203125,93754.3046875,93652.1171875,93771.7421875,93968.2578125,93833.8828125,93888.0625,-0.513916015625,0.0009765625,-0.811279296875,-0.6408690810203552,0.3662109076976776,0.4272460639476776,80.0,1468.0,1.0,O,F,I,0
93713.359375,93801.15625,94037.9921875,93935.8046875,94055.515625,94252.484375,94117.4765625,94172.1953125,-0.51416015625,0.00146484375,-0.81201171875,-0.6408690810203552,0.3662109076976776,0.4272460639476776,80.0,1469.0,1.0,O,F,I,0
94591.6953125,94679.578125,94916.5078125,94813.6875,94933.765625,95131.0859375,94995.8984375,95050.4375,-0.513427734375,0.000244140625,-0.8134765625,-0.7019042372703552,0.4882812201976776,0.4272460639476776,80.0,1470.0,1.0,O,F,I,0
94503.265625,94591.15625,94827.9921875,94725.265625,94845.34375,95042.5703125,94907.65625,94961.9296875,-0.512451171875,0.0,-0.812255859375,-0.8544921278953552,0.5187987685203552,0.4577636420726776,80.0,1471.0,1.0,O,F,I,0
93698.875,93786.5859375,94023.6015625,93920.9609375,94040.859375,94237.734375,94103.3515625,94157.265625,-0.51416015625,0.001708984375,-0.815673828125,-0.7934569716453552,0.4577636420726776,0.4882812201976776,80.0,1472.0,1.0,O,F,I,0
93767.09375,93854.625,94091.90625,93989.1796875,94109.1640625,94305.4140625,94171.125,94225.6640625,-0.51318359375,0.001953125,-0.8154296875,-0.7324218153953552,0.4577636420726776,0.4272460639476776,80.0,1473.0,1.0,O,F,I,0
94661.0703125,94748.6015625,94986.0703125,94883.0703125,95003.0546875,95200.015625,95064.921875,95120.265625,-0.513671875,0.0009765625,-0.813720703125,-0.7324218153953552,0.4577636420726776,0.4882812201976776,80.0,1474.0,1.0,O,F,I,0
94788.4765625,94876.09375,95113.203125,95010.4765625,95130.4609375,95327.421875,95192.5078125,95247.671875,-0.513427734375,0.00048828125,-0.813232421875,-0.7629393935203552,0.3662109076976776,0.3967284858226776,80.0,1475.0,1.0,O,F,I,0
93992.3046875,94079.75,94316.859375,94214.484375,94334.0234375,94530.4453125,94396.4296875,94450.96875,-0.513671875,0.000244140625,-0.8125,-0.6408690810203552,0.3967284858226776,0.5187987685203552,80.0,1476.0,1.0,O,F,I,0
93845.5,93933.03125,94170.140625,94067.6796875,94187.6640625,94384.0,94249.53125,94304.0703125,-0.5126953125,0.001220703125,-0.81494140625,-0.6713866591453552,0.4272460639476776,0.4882812201976776,80.0,1477.0,1.0,O,F,I,0
94708.0078125,94795.71875,95032.828125,94930.1015625,95049.9921875,95247.046875,95112.21875,95166.8515625,-0.5126953125,0.001708984375,-0.814697265625,-0.7934569716453552,0.5187987685203552,0.3662109076976776,80.0,1478.0,1.0,O,F,I,0
95049.3671875,95136.984375,95373.734375,95271.546875,95391.3515625,95588.2265625,95453.578125,95508.3828125,-0.513427734375,0.0009765625,-0.810791015625,-0.6408690810203552,0.4882812201976776,0.3662109076976776,80.0,1479.0,1.0,O,F,I,0
94315.25,94402.2421875,94638.9921875,94536.9765625,94656.6015625,94853.390625,94718.921875,94773.1875,-0.514892578125,0.001708984375,-0.813232421875,-0.5187987685203552,0.5187987685203552,0.3967284858226776,80.0,1480.0,1.0,O,F,I,0
93961.8203125,94049.078125,94286.0078125,94183.8203125,94303.1796875,94500.2265625,94365.5859375,94419.671875,-0.513671875,0.0009765625,-0.811767578125,-0.6713866591453552,0.4882812201976776,0.4882812201976776,80.0,1481.0,1.0,O,F,I,0
94734.5625,94822.359375,95059.3828125,94956.7421875,95076.1875,95273.6875,95138.8671875,95193.671875,-0.51171875,0.00048828125,-0.81201171875,-0.7629393935203552,0.4882812201976776,0.3967284858226776,80.0,1482.0,1.0,O,F,I,0
95266.71875,95354.421875,95591.4453125,95488.7109375,95608.4296875,95805.9296875,95670.7421875,95726.0859375,-0.511474609375,0.00048828125,-0.811767578125,-0.7934569716453552,0.5187987685203552,0.3967284858226776,80.0,1483.0,1.0,O,F,I,0
94642.7421875,94730.09375,94967.2890625,94864.4765625,94984.28125,95181.421875,95046.5078125,95101.671875,-0.512451171875,0.00048828125,-0.81298828125,-0.8239745497703552,0.5798339247703552,0.5187987685203552,80.0,1484.0,1.0,O,F,I,0
94113.3671875,94200.8046875,94438.09375,94335.359375,94455.078125,94652.3125,94517.3984375,94572.203125,-0.512451171875,0.00048828125,-0.81201171875,-0.7019042372703552,0.4882812201976776,0.4272460639476776,80.0,1485.0,1.0,O,F,I,0
94751.5546875,94839.2578125,95076.546875,94974.0,95093.0859375,95290.765625,95155.8515625,95211.015625,-0.513916015625,0.0,-0.8115234375,-0.6408690810203552,0.4272460639476776,0.4272460639476776,80.0,1486.0,1.0,O,F,I,0
95445.4375,95533.4140625,95770.6171875,95667.8828125,95786.9765625,95984.4765625,95849.6484375,95905.3515625,-0.510986328125,-0.0009765625,-0.8115234375,-0.6408690810203552,0.4882812201976776,0.4882812201976776,80.0,1487.0,1.0,O,F,I,0
94979.984375,95067.6953125,95305.0703125,95202.5234375,95321.5234375,95518.484375,95383.8359375,95439.8046875,-0.513916015625,0.001220703125,-0.812255859375,-0.6713866591453552,0.4272460639476776,0.4577636420726776,80.0,1488.0,1.0,O,F,I,0
94308.6328125,94396.15625,94633.7109375,94530.8984375,94650.34375,94847.3046875,94712.484375,94767.9140625,-0.513916015625,0.0,-0.811279296875,-0.7629393935203552,0.5493163466453552,0.4882812201976776,80.0,1489.0,1.0,O,F,I,0
94772.3828125,94859.828125,95097.46875,94994.2890625,95114.1875,95311.328125,95176.234375,95231.9375,-0.513916015625,-0.000244140625,-0.81298828125,-0.7019042372703552,0.4882812201976776,0.4272460639476776,80.0,1490.0,1.0,O,F,I,0
95584.2890625,95672.0859375,95909.4609375,95806.5546875,95926.1796875,96123.3203125,95988.5,96044.46875,-0.513427734375,-0.000244140625,-0.810791015625,-0.6408690810203552,0.3967284858226776,0.4577636420726776,80.0,1491.0,1.0,O,F,I,0
95309.359375,95397.4296875,95634.4453125,95531.71875,95651.1640625,95848.578125,95713.6640625,95769.2734375,-0.5146484375,0.000732421875,-0.80859375,-0.7629393935203552,0.4882812201976776,0.5187987685203552,80.0,1492.0,1.0,O,F,I,0
94546.3671875,94634.0703125,94871.0,94768.5390625,94888.34375,95085.1328125,94950.75,95005.5546875,-0.514892578125,-0.00048828125,-0.810546875,-0.6408690810203552,0.5493163466453552,0.3967284858226776,80.0,1493.0,1.0,O,F,I,0
94808.0546875,94895.765625,95132.6015625,95030.1484375,95149.953125,95346.6484375,95212.0859375,95267.34375,-0.515625,0.0029296875,-0.810546875,-0.7019042372703552,0.4882812201976776,0.3051757514476776,80.0,1494.0,1.0,O,F,I,0
95687.2890625,95775.265625,96012.4609375,95909.640625,96029.359375,96226.5859375,96091.4921875,96147.375,-0.513427734375,0.0009765625,-0.809326171875,-0.7324218153953552,0.4577636420726776,0.4272460639476776,80.0,1495.0,1.0,O,F,I,0
95619.875,95707.9375,95944.78125,95842.046875,95962.2109375,96159.0859375,96024.171875,96079.78125,-0.51318359375,0.0,-0.810546875,-0.6408690810203552,0.4882812201976776,0.4272460639476776,80.0,1496.0,1.0,O,F,I,0
94814.3125,94901.7578125,95138.59375,95036.1328125,95156.1171875,95353.0859375,95218.2578125,95273.5078125,-0.51416015625,-0.00048828125,-0.810546875,-0.6713866591453552,0.3967284858226776,0.4272460639476776,80.0,1497.0,1.0,O,F,I,0
94862.953125,94950.6640625,95187.765625,95085.3125,95204.84375,95402.078125,95266.890625,95322.1484375,-0.5146484375,0.0,-0.808837890625,-0.6408690810203552,0.4577636420726776,0.3662109076976776,80.0,1498.0,1.0,O,F,I,0
95759.6171875,95847.6796875,96084.96875,95982.2421875,96101.8671875,96299.0078125,96163.828125,96219.4375,-0.514404296875,0.0,-0.80859375,-0.6408690810203552,0.4577636420726776,0.4882812201976776,80.0,1499.0,1.0,O,F,I,0
95908.75,95996.8125,96233.7421875,96131.1015625,96250.90625,96448.140625,96312.8671875,96368.75,-0.512451171875,0.001220703125,-0.810791015625,-0.7324218153953552,0.4577636420726776,0.3662109076976776,80.0,1500.0,1.0,O,F,I,0
95112.6640625,95200.640625,95437.390625,95335.0234375,95454.828125,95651.703125,95516.6953125,95572.3984375,-0.51318359375,0.001708984375,-0.81201171875,-0.7019042372703552,0.5493163466453552,0.3967284858226776,80.0,1501.0,1.0,O,M,O,0
94944.1328125,95032.2890625,95269.1328125,95166.4921875,95286.203125,95483.078125,95348.1640625,95403.421875,-0.512939453125,-0.00048828125,-0.8115234375,-0.6713866591453552,0.5493163466453552,0.4272460639476776,80.0,1502.0,1.0,O,M,O,0
95798.1484375,95886.484375,96123.3203125,96020.6875,96140.1328125,96337.6328125,96202.2734375,96257.8828125,-0.511474609375,0.00146484375,-0.811767578125,-0.7324218153953552,0.4577636420726776,0.4272460639476776,80.0,1503.0,1.0,O,M,O,0
96155.5078125,96243.3984375,96480.4140625,96377.8671875,96497.4921875,96695.078125,96559.8125,96615.328125,-0.512939453125,0.00048828125,-0.8115234375,-0.7324218153953552,0.3967284858226776,0.5798339247703552,80.0,1504.0,1.0,O,M,O,0
95426.578125,95514.015625,95751.125,95648.6640625,95768.2890625,95965.4296875,95830.515625,95885.859375,-0.513916015625,-0.000244140625,-0.809326171875,-0.6408690810203552,0.4577636420726776,0.4272460639476776,80.0,1505.0,1.0,O,M,O,0
95058.6640625,95146.109375,95383.484375,95280.3984375,95400.0234375,95597.609375,95462.609375,95517.7734375,-0.5146484375,0.00048828125,-0.814208984375,-0.7019042372703552,0.4577636420726776,0.4577636420726776,80.0,1506.0,1.0,O,M,O,0
95821.0390625,95908.8359375,96146.125,96043.125,96163.109375,96360.5234375,96225.3359375,96280.859375,-0.513427734375,0.001220703125,-0.8115234375,-0.6713866591453552,0.5187987685203552,0.3662109076976776,80.0,1507.0,1.0,O,M,O,0
96368.65625,96456.2734375,96693.921875,96590.7421875,96710.3671875,96908.3203125,96772.8671875,96829.1953125,-0.512939453125,0.000244140625,-0.810791015625,-0.6713866591453552,0.4882812201976776,0.4272460639476776,80.0,1508.0,1.0,O,M,O,0
95758.6328125,95845.890625,96083.359375,95980.453125,96100.078125,96298.296875,96162.84375,96218.2734375,-0.512939453125,0.00146484375,-0.81103515625,-0.6713866591453552,0.4272460639476776,0.4272460639476776,80.0,1509.0,1.0,O,M,O,0
95213.609375,95301.2265625,95538.15625,95435.6015625,95555.5859375,95752.640625,95617.90625,95672.984375,-0.513916015625,0.0,-0.811279296875,-0.7324218153953552,0.4577636420726776,0.4577636420726776,80.0,1510.0,1.0,O,M,O,0
95835.2578125,95923.234375,96160.15625,96057.609375,96177.59375,96374.734375,96239.8203125,96295.1640625,-0.51416015625,0.000244140625,-0.815185546875,-0.7019042372703552,0.4882812201976776,0.4577636420726776,80.0,1511.0,1.0,O,M,O,0
96541.125,96629.3671875,96866.3828125,96763.65625,96883.1953125,97081.3203125,96946.046875,97001.65625,-0.511962890625,0.0009765625,-0.812255859375,-0.7019042372703552,0.4577636420726776,0.4272460639476776,80.0,1512.0,1.0,O,M,O,0
96093.1015625,96181.171875,96418.28125,96315.7265625,96435.0859375,96632.8515625,96497.4921875,96552.921875,-0.512451171875,0.0009765625,-0.81005859375,-0.7934569716453552,0.4272460639476776,0.4577636420726776,80.0,1513.0,1.0,O,M,O,0
95410.8359375,95498.546875,95735.7421875,95633.109375,95752.9140625,95950.234375,95815.140625,95870.125,-0.514404296875,0.0009765625,-0.81201171875,-0.7019042372703552,0.5187987685203552,0.5798339247703552,80.0,1514.0,1.0,O,M,O,0
95854.4765625,95942.2734375,96179.6484375,96076.921875,96196.4609375,96394.140625,96258.59375,96314.4765625,-0.5146484375,0.00048828125,-0.8125,-0.7629393935203552,0.3967284858226776,0.4882812201976776,80.0,1515.0,1.0,O,M,O,0
96674.515625,96762.5859375,96999.9609375,96897.0546875,97016.5,97214.359375,97078.90625,97135.140625,-0.511474609375,-0.00048828125,-0.81298828125,-0.7019042372703552,0.4577636420726776,0.4577636420726776,80.0,1516.0,1.0,O,M,O,0
96415.7734375,96504.015625,96741.3046875,96638.3984375,96757.7578125,96955.8828125,96820.4296875,96875.953125,-0.512451171875,0.00146484375,-0.8154296875,-0.7629393935203552,0.4882812201976776,0.3356933295726776,80.0,1517.0,1.0,O,M,O,0
95644.015625,95731.9921875,95969.453125,95866.4609375,95985.8125,96183.765625,96048.4921875,96103.7421875,-0.512939453125,0.001953125,-0.811279296875,-0.6713866591453552,0.5187987685203552,0.3662109076976776,80.0,1518.0,1.0,O,M,O,0
95885.0546875,95972.765625,96210.2265625,96107.6796875,96226.859375,96424.71875,96289.3515625,96344.875,-0.51220703125,-0.0009765625,-0.810546875,-0.5798339247703552,0.5493163466453552,0.4272460639476776,80.0,1519.0,1.0,O,M,O,0
96768.125,96855.7421875,97093.03125,96990.3046875,97109.484375,97307.7890625,97172.515625,97228.390625,-0.513916015625,-0.000244140625,-0.812744140625,-0.7019042372703552,0.5798339247703552,0.5493163466453552,80.0,1520.0,1.0,O,M,O,0
96721.28125,96808.8984375,97046.359375,96943.453125,97063.171875,97261.1171875,97125.84375,97181.90625,-0.512939453125,0.00048828125,-0.813720703125,-0.7019042372703552,0.4272460639476776,0.4882812201976776,80.0,1521.0,1.0,O,M,O,0
95912.1484375,96000.2109375,96237.3203125,96134.6796875,96254.484375,96452.1640625,96316.53125,96372.5,-0.514404296875,0.001953125,-0.8115234375,-0.6408690810203552,0.4882812201976776,0.4577636420726776,80.0,1522.0,1.0,O,M,O,0
95936.734375,96024.890625,96261.7265625,96159.4453125,96278.890625,96476.390625,96341.1171875,96396.90625,-0.5126953125,0.000244140625,-0.811279296875,-0.7019042372703552,0.4272460639476776,0.3967284858226776,80.0,1523.0,1.0,O,M,O,0
96829.1953125,96917.171875,97154.3671875,97051.3671875,97171.265625,97369.1171875,97233.7578125,97289.8203125,-0.513671875,0.00146484375,-0.810791015625,-0.6713866591453552,0.4577636420726776,0.4577636420726776,80.0,1524.0,1.0,O,M,O,0
96999.2421875,97087.21875,97324.2421875,97221.0625,97341.2265625,97539.265625,97403.6328125,97459.78125,-0.5146484375,0.002685546875,-0.81005859375,-0.7019042372703552,0.4577636420726776,0.4272460639476776,80.0,1525.0,1.0,O,M,O,0
96209.15625,96297.3125,96534.1484375,96431.5078125,96551.3125,96748.90625,96613.6328125,96669.3359375,-0.5146484375,0.00146484375,-0.8115234375,-0.7629393935203552,0.3967284858226776,0.4272460639476776,80.0,1526.0,1.0,O,M,O,0
96019.2578125,96107.5,96344.3359375,96241.7890625,96361.59375,96559.1796875,96423.734375,96479.5234375,-0.51318359375,0.000732421875,-0.813720703125,-0.7629393935203552,0.4272460639476776,0.3356933295726776,80.0,1527.0,1.0,O,M,O,0
96864.421875,96953.0234375,97189.953125,97087.1328125,97206.9375,97404.703125,97269.078125,97325.3984375,-0.511962890625,0.000732421875,-0.810791015625,-0.7629393935203552,0.4577636420726776,0.3356933295726776,80.0,1528.0,1.0,O,M,O,0
97242.5234375,97330.6796875,97567.875,97465.140625,97584.4140625,97782.8984375,97647.1796875,97703.4140625,-0.513916015625,-0.000244140625,-0.8115234375,-0.7934569716453552,0.4577636420726776,0.4577636420726776,80.0,1529.0,1.0,O,M,O,0
96525.390625,96613.453125,96850.7421875,96748.0078125,96867.3671875,97065.4921875,96930.046875,96985.5625,-0.513671875,-0.00146484375,-0.808349609375,-0.7629393935203552,0.4577636420726776,0.4272460639476776,80.0,1530.0,1.0,O,M,O,0
96136.734375,96224.7109375,96461.640625,96359.09375,96478.4453125,96676.578125,96541.03125,96596.5546875,-0.514404296875,-0.001220703125,-0.81103515625,-0.6713866591453552,0.4272460639476776,0.4577636420726776,80.0,1531.0,1.0,O,M,O,0
96885.515625,96973.671875,97210.515625,97107.875,97227.3203125,97425.4453125,97289.90625,97345.7890625,-0.51318359375,0.000732421875,-0.81201171875,-0.7324218153953552,0.5187987685203552,0.4272460639476776,80.0,1532.0,1.0,O,M,O,0
97450.03125,97538.6328125,97775.2109375,97672.75,97792.1953125,97990.5859375,97855.40625,97911.109375,-0.51318359375,0.002197265625,-0.81103515625,-0.6103515028953552,0.5187987685203552,0.4272460639476776,80.0,1533.0,1.0,O,M,O,0
96853.15625,96941.7578125,97178.5078125,97075.7734375,97195.3125,97393.3515625,97258.5234375,97314.1328125,-0.51220703125,0.002197265625,-0.811767578125,-0.7019042372703552,0.4577636420726776,0.4272460639476776,80.0,1534.0,1.0,O,M,O,0
96293.015625,96381.4453125,96618.4609375,96515.5546875,96635.0859375,96832.859375,96698.03125,96753.375,-0.51416015625,0.0009765625,-0.8154296875,-0.7629393935203552,0.4577636420726776,0.4272460639476776,80.0,1535.0,1.0,O,M,O,0
96898.3046875,96986.7265625,97223.921875,97120.75,97240.4609375,97438.4140625,97303.046875,97359.109375,-0.514892578125,0.000244140625,-0.81689453125,-0.7019042372703552,0.5187987685203552,0.3356933295726776,80.0,1536.0,1.0,O,M,O,0
97614.0078125,97702.7890625,97939.4453125,97836.2734375,97956.078125,98154.6484375,98018.9296875,98074.8984375,-0.513916015625,0.001220703125,-0.81201171875,-0.7324218153953552,0.4882812201976776,0.4272460639476776,80.0,1537.0,1.0,O,M,O,0
97179.3984375,97267.8203125,97504.484375,97401.6640625,97521.6484375,97719.6875,97584.0546875,97639.9375,-0.5146484375,0.00146484375,-0.81103515625,-0.6713866591453552,0.4577636420726776,0.4272460639476776,80.0,1538.0,1.0,O,M,O,0
96486.2265625,96574.2890625,96811.3125,96708.3125,96828.390625,97025.7109375,96890.796875,96946.3125,-0.5146484375,0.000244140625,-0.8134765625,-0.6408690810203552,0.4577636420726776,0.3967284858226776,80.0,1539.0,1.0,O,M,O,0
96911.890625,97000.40625,97237.421875,97134.15625,97254.4140625,97452.1796875,97316.90625,97372.6953125,-0.51416015625,-0.000732421875,-0.8095703125,-0.7629393935203552,0.4882812201976776,0.4272460639476776,80.0,1540.0,1.0,O,M,O,0
97739.8046875,97828.3125,98065.9609375,97962.6015625,98082.5,98280.5390625,98145.265625,98201.5,-0.51513671875,0.002685546875,-0.81201171875,-0.7019042372703552,0.5187987685203552,0.4577636420726776,80.0,1541.0,1.0,O,M,O,0
97499.921875,97588.2578125,97825.8984375,97722.7265625,97842.3515625,98040.4765625,97905.203125,97961.3515625,-0.514404296875,0.001220703125,-0.810546875,-0.7324218153953552,0.4882812201976776,0.4577636420726776,80.0,1542.0,1.0,O,M,O,0
96721.90625,96810.5078125,97047.5234375,96944.796875,97064.3359375,97262.1015625,97126.46875,97182.8828125,-0.514892578125,0.000244140625,-0.81005859375,-0.7019042372703552,0.4272460639476776,0.3356933295726776,80.0,1543.0,1.0,O,M,O,0
96944.078125,97032.328125,97269.609375,97166.5234375,97286.6015625,97484.3671875,97349.1796875,97404.703125,-0.51513671875,0.00048828125,-0.812255859375,-0.7934569716453552,0.3051757514476776,0.4272460639476776,80.0,1544.0,1.0,O,M,O,0
97831.7109375,97920.046875,98157.6015625,98054.3359375,98174.234375,98372.625,98237.171875,98292.875,-0.515869140625,0.0,-0.81298828125,-0.7324218153953552,0.3967284858226776,0.4882812201976776,80.0,1545.0,1.0,O,M,O,0
97804.0859375,97892.6015625,98130.2421875,98026.9765625,98146.78125,98344.90625,98209.4609375,98265.6953125,-0.512939453125,-0.0009765625,-0.810302734375,-0.7934569716453552,0.4577636420726776,0.4272460639476776,80.0,1546.0,1.0,O,M,O,0
96993.96875,97082.390625,97319.859375,97216.953125,97336.7578125,97534.34375,97399.25,97455.0390625,-0.515380859375,0.001953125,-0.81201171875,-0.7324218153953552,0.3967284858226776,0.4272460639476776,80.0,1547.0,1.0,O,M,O,0
96999.2421875,97087.9375,97325.046875,97222.40625,97342.1171875,97539.7109375,97404.5234375,97460.40625,-0.513916015625,0.001953125,-0.8115234375,-0.7629393935203552,0.4882812201976776,0.4882812201976776,80.0,1548.0,1.0,O,M,O,0
97890.8984375,97979.234375,98216.609375,98113.5234375,98233.0625,98431.2734375,98295.734375,98352.2421875,-0.5146484375,0.001953125,-0.812255859375,-0.6713866591453552,0.5493163466453552,0.3967284858226776,80.0,1549.0,1.0,O,M,O,0
98079.8203125,98168.0625,98405.2578125,98302.0859375,98421.9765625,98619.921875,98484.921875,98541.0703125,-0.515625,0.0009765625,-0.810546875,-0.6713866591453552,0.5187987685203552,0.3967284858226776,80.0,1550.0,1.0,O,M,O,0
97293.2109375,97381.546875,97618.8359375,97515.65625,97635.640625,97833.4140625,97697.9609375,97754.109375,-0.513916015625,0.000244140625,-0.810302734375,-0.7934569716453552,0.5187987685203552,0.4882812201976776,80.0,1551.0,1.0,O,M,O,0
97086.59375,97174.5703125,97411.859375,97308.859375,97428.484375,97626.5234375,97491.0703125,97546.953125,-0.51416015625,0.000244140625,-0.811279296875,-0.8239745497703552,0.4272460639476776,0.4577636420726776,80.0,1552.0,1.0,O,M,O,0
97925.59375,98013.65625,98250.9453125,98147.859375,98267.484375,98466.234375,98330.6015625,98386.75,-0.514404296875,0.000732421875,-0.810791015625,-0.7324218153953552,0.4882812201976776,0.3967284858226776,80.0,1553.0,1.0,O,M,O,0
98319.7890625,98408.1171875,98645.140625,98542.3203125,98661.859375,98860.609375,98724.9765625,98781.390625,-0.5146484375,0.00146484375,-0.814208984375,-0.7324218153953552,0.4272460639476776,0.4882812201976776,80.0,1554.0,1.0,O,M,O,0
97610.4296875,97698.765625,97935.78125,97833.234375,97952.7734375,98150.8984375,98015.171875,98071.5,-0.51611328125,0.00048828125,-0.813232421875,-0.7019042372703552,0.4882812201976776,0.3967284858226776,80.0,1555.0,1.0,O,M,O,0
97205.234375,97293.5703125,97530.4140625,97428.1328125,97547.3984375,97745.34375,97609.984375,97666.1328125,-0.515869140625,0.001220703125,-0.8125,-0.7019042372703552,0.4577636420726776,0.4882812201976776,80.0,1556.0,1.0,O,M,O,0
97942.578125,98030.734375,98267.8359375,98165.109375,98284.6484375,98483.4921875,98347.59375,98403.828125,-0.515625,0.000732421875,-0.8154296875,-0.6713866591453552,0.4577636420726776,0.4272460639476776,80.0,1557.0,1.0,O,M,O,0
98523.3671875,98611.34375,98848.984375,98746.078125,98865.703125,99064.3671875,98928.46875,98985.0625,-0.514404296875,-0.000244140625,-0.813232421875,-0.7629393935203552,0.4272460639476776,0.4272460639476776,80.0,1558.0,1.0,O,M,O,0
97939.5390625,98027.9609375,98265.3359375,98162.6953125,98282.234375,98480.2734375,98344.90625,98400.96875,-0.512451171875,0.000732421875,-0.810302734375,-0.7629393935203552,0.3967284858226776,0.3356933295726776,80.0,1559.0,1.0,O,M,O,0
97362.7734375,97451.1953125,97688.2109375,97585.578125,97705.46875,97903.4140625,97767.6953125,97823.6640625,-0.513427734375,0.0,-0.81201171875,-0.7629393935203552,0.3662109076976776,0.4577636420726776,80.0,1560.0,1.0,O,M,O,0
97949.7265625,98038.2421875,98275.078125,98172.4453125,98292.3359375,98490.5546875,98354.8359375,98411.15625,-0.513671875,0.000244140625,-0.81005859375,-0.7324218153953552,0.3967284858226776,0.5493163466453552,80.0,1561.0,1.0,O,M,O,0
98679.0234375,98767.5390625,99004.28125,98901.734375,99021.6328125,99220.1171875,99084.21875,99140.71875,-0.513916015625,-0.000244140625,-0.81298828125,-0.6713866591453552,0.4882812201976776,0.4577636420726776,80.0,1562.0,1.0,O,M,O,0
98263.1015625,98351.5234375,98588.5390625,98485.9921875,98605.53125,98803.8359375,98668.296875,98724.53125,-0.5126953125,-0.001220703125,-0.8115234375,-0.7629393935203552,0.4882812201976776,0.5187987685203552,80.0,1563.0,1.0,O,M,O,0
97559.3828125,97647.265625,97884.4609375,97782.0,97901.453125,98099.7578125,97964.03125,98020.359375,-0.51318359375,-0.0009765625,-0.810546875,-0.6408690810203552,0.4577636420726776,0.5798339247703552,80.0,1564.0,1.0,O,M,O,0
97964.03125,98052.1015625,98289.65625,98186.4765625,98306.4609375,98504.5859375,98368.9609375,98425.2890625,-0.512451171875,0.001953125,-0.810546875,-0.6713866591453552,0.4272460639476776,0.5493163466453552,80.0,1565.0,1.0,O,M,O,0
98797.7578125,98886.0859375,99123.8203125,99020.2890625,99140.453125,99339.0234375,99203.0390625,99259.8984375,-0.51318359375,0.001220703125,-0.810546875,-0.7019042372703552,0.5493163466453552,0.4272460639476776,80.0,1566.0,1.0,O,M,O,0
98579.0625,98667.3125,98904.8671875,98801.421875,98921.4921875,99120.0703125,98983.8984375,99041.03125,-0.5126953125,0.002197265625,-0.809814453125,-0.7324218153953552,0.5187987685203552,0.4577636420726776,80.0,1567.0,1.0,O,M,O,0
97795.5,97884.015625,98121.3046875,98017.859375,98137.84375,98336.328125,98200.4296875,98256.75,-0.513427734375,0.002685546875,-0.812744140625,-0.6713866591453552,0.4882812201976776,0.4272460639476776,80.0,1568.0,1.0,O,M,O,0
97995.1484375,98083.5703125,98320.6796875,98217.59375,98337.21875,98535.6171875,98400.0703125,98456.21875,-0.514404296875,0.002685546875,-0.813720703125,-0.7324218153953552,0.5187987685203552,0.3967284858226776,80.0,1569.0,1.0,O,M,O,0
98881.796875,98970.3125,99207.59375,99104.2421875,99224.140625,99422.9765625,99287.078125,99343.765625,-0.512939453125,0.000244140625,-0.81396484375,-0.6103515028953552,0.5493163466453552,0.3967284858226776,80.0,1570.0,1.0,O,M,O,0
98875.2734375,98963.6015625,99201.0703125,99097.4453125,99217.25,99416.453125,99280.640625,99337.1484375,-0.51318359375,0.000732421875,-0.81298828125,-0.6408690810203552,0.5187987685203552,0.3051757514476776,80.0,1571.0,1.0,O,M,O,0
98065.3359375,98153.6640625,98390.7734375,98287.6875,98407.3125,98605.9765625,98470.078125,98527.03125,-0.513671875,0.002685546875,-0.81005859375,-0.7019042372703552,0.4882812201976776,0.3356933295726776,80.0,1572.0,1.0,O,M,O,0
98048.8828125,98137.3046875,98374.3203125,98270.96875,98391.1328125,98589.34375,98453.8046875,98510.046875,-0.51318359375,0.001953125,-0.8115234375,-0.6713866591453552,0.4577636420726776,0.3967284858226776,80.0,1573.0,1.0,O,M,O,0
98933.8359375,99022.34375,99259.71875,99156.2734375,99276.4375,99474.8359375,99338.84375,99395.796875,-0.51318359375,0.00048828125,-0.81298828125,-0.5493163466453552,0.5187987685203552,0.4272460639476776,80.0,1574.0,1.0,O,M,O,0
99139.734375,99228.1640625,99465.359375,99362.1796875,99481.984375,99680.7421875,99544.9296875,99601.8828125,-0.511962890625,0.00048828125,-0.811279296875,-0.6408690810203552,0.4577636420726776,0.4577636420726776,80.0,1575.0,1.0,O,M,O,0
98357.0703125,98445.3984375,98683.046875,98579.515625,98699.3203125,98897.890625,98762.2578125,98818.9453125,-0.512939453125,0.000244140625,-0.810302734375,-0.7324218153953552,0.5493163466453552,0.4272460639476776,80.0,1576.0,1.0,O,M,O,0
98127.109375,98215.1796875,98452.8203125,98349.203125,98469.453125,98667.4921875,98532.21875,98588.6328125,-0.512939453125,-0.0009765625,-0.812744140625,-0.7019042372703552,0.4882812201976776,0.5187987685203552,80.0,1577.0,1.0,O,M,O,0
98957.078125,99045.59375,99282.96875,99179.5234375,99299.6875,99498.078125,99362.5390625,99419.1328125,-0.5146484375,0.0,-0.813720703125,-0.6103515028953552,0.4577636420726776,0.4577636420726776,80.0,1578.0,1.0,O,M,O,0
99374.4296875,99463.296875,99700.6796875,99597.5,99717.3984375,99915.7890625,99780.25,99837.109375,-0.513916015625,-0.00146484375,-0.81298828125,-0.7019042372703552,0.3967284858226776,0.3051757514476776,80.0,1579.0,1.0,O,M,O,0
98678.578125,98767.0,99004.4609375,98901.6484375,99021.1796875,99220.0234375,99084.21875,99140.5390625,-0.51318359375,-0.000244140625,-0.8125,-0.7324218153953552,0.5187987685203552,0.2746581733226776,80.0,1580.0,1.0,O,M,O,0
98252.28125,98340.53125,98577.9921875,98474.90625,98594.53125,98793.375,98657.5625,98713.984375,-0.513427734375,-0.00048828125,-0.814453125,-0.6713866591453552,0.4882812201976776,0.4272460639476776,80.0,1581.0,1.0,O,M,O,0
98975.8515625,99063.921875,99301.828125,99198.390625,99317.8359375,99516.8515625,99381.2265625,99437.8203125,-0.514404296875,0.0009765625,-0.81396484375,-0.6408690810203552,0.4577636420726776,0.3356933295726776,80.0,1582.0,1.0,O,M,O,0
99571.390625,99659.8203125,99897.375,99793.75,99913.8203125,100113.109375,99976.5859375,100033.8046875,-0.51416015625,0.000732421875,-0.810546875,-0.6713866591453552,0.4882812201976776,0.3051757514476776,80.0,1583.0,1.0,O,M,O,0
99002.6796875,99091.0078125,99328.3828125,99225.296875,99345.375,99544.484375,99408.046875,99464.8203125,-0.513427734375,0.001708984375,-0.8115234375,-0.6103515028953552,0.4577636420726776,0.4577636420726776,80.0,1584.0,1.0,O,M,O,0
98412.4140625,98500.8359375,98738.2109375,98635.2109375,98755.015625,98954.21875,98817.6953125,98874.375,-0.513671875,0.00048828125,-0.808837890625,-0.7019042372703552,0.5187987685203552,0.4272460639476776,80.0,1585.0,1.0,O,M,O,0
98984.5234375,99073.125,99310.5078125,99207.1484375,99326.8671875,99525.8828125,99389.6328125,99446.578125,-0.513427734375,0.00048828125,-0.81396484375,-0.6713866591453552,0.4272460639476776,0.4882812201976776,80.0,1586.0,1.0,O,M,O,0
99725.7109375,99814.3984375,100051.8671875,99948.515625,100068.2265625,100267.515625,100131.3515625,100188.484375,-0.51513671875,0.00048828125,-0.809814453125,-0.7019042372703552,0.4272460639476776,0.4272460639476776,80.0,1587.0,1.0,O,M,O,0
99327.671875,99416.359375,99653.828125,99550.46875,99670.1015625,99869.1171875,99733.21875,99790.3515625,-0.51416015625,-0.000244140625,-0.810302734375,-0.7324218153953552,0.4577636420726776,0.4882812201976776,80.0,1588.0,1.0,O,M,O,0
98615.8125,98704.4140625,98941.703125,98838.7890625,98958.6875,99157.078125,99021.6328125,99078.046875,-0.5126953125,0.0009765625,-0.810546875,-0.6408690810203552,0.3356933295726776,0.4272460639476776,80.0,1589.0,1.0,O,M,O,0
99003.65625,99092.4375,99329.8125,99226.640625,99346.4453125,99545.1953125,99409.296875,99466.25,-0.512939453125,-0.000732421875,-0.813232421875,-0.6408690810203552,0.4577636420726776,0.5493163466453552,80.0,1590.0,1.0,O,M,O,0
99845.875,99934.1171875,100171.9375,100068.5859375,100188.390625,100387.5,100251.0625,100308.5546875,-0.512939453125,-0.000244140625,-0.81005859375,-0.7629393935203552,0.4577636420726776,0.5187987685203552,80.0,1591.0,1.0,O,M,O,0
99641.9375,99730.625,99968.1796875,99864.828125,99984.8984375,100183.4765625,100047.84375,100104.9765625,-0.513671875,0.0,-0.810546875,-0.7934569716453552,0.3967284858226776,0.5187987685203552,80.0,1592.0,1.0,O,M,O,0
98853.1875,98941.5234375,99178.8984375,99075.8125,99195.6171875,99394.1875,99258.5625,99315.6875,-0.513427734375,0.00048828125,-0.811767578125,-0.7324218153953552,0.3662109076976776,0.4577636420726776,80.0,1593.0,1.0,O,M,O,0
99035.84375,99124.09375,99361.46875,99258.203125,99378.3671875,99576.84375,99441.3984375,99498.4375,-0.513427734375,-0.000244140625,-0.8095703125,-0.7019042372703552,0.4272460639476776,0.3662109076976776,80.0,1594.0,1.0,O,M,O,0
99924.4609375,100013.2421875,100250.6171875,100146.9921875,100267.15625,100466.265625,100330.3671875,100387.6796875,-0.51318359375,0.001220703125,-0.8095703125,-0.7324218153953552,0.4577636420726776,0.3051757514476776,80.0,1595.0,1.0,O,M,O,0
99935.3671875,100024.2421875,100261.703125,100157.9921875,100277.9765625,100477.171875,100340.828125,100398.40625,-0.51318359375,0.001220703125,-0.8095703125,-0.7324218153953552,0.4577636420726776,0.4272460639476776,80.0,1596.0,1.0,O,M,O,0
99123.8203125,99212.6015625,99450.3359375,99346.53125,99466.6953125,99665.2734375,99529.28125,99586.5,-0.5126953125,0.00048828125,-0.8076171875,-0.6713866591453552,0.4882812201976776,0.3967284858226776,80.0,1597.0,1.0,O,M,O,0
99088.8671875,99177.8203125,99415.734375,99311.7578125,99431.2890625,99630.671875,99494.4140625,99551.453125,-0.5107421875,0.00048828125,-0.805908203125,-0.6713866591453552,0.4577636420726776,0.4272460639476776,80.0,1598.0,1.0,O,M,O,0
99972.7421875,100062.0625,100299.34375,100196.171875,100315.703125,100515.4453125,100378.7421875,100436.046875,-0.51416015625,0.00341796875,-0.810546875,-0.6713866591453552,0.4577636420726776,0.3356933295726776,80.0,1599.0,1.0,O,M,O,0
100198.046875,100287.1875,100524.6484375,100421.3828125,100541.1875,100740.8359375,100603.953125,100661.53125,-0.51416015625,0.00048828125,-0.813232421875,-0.7629393935203552,0.5493163466453552,0.3051757514476776,80.0,1600.0,1.0,O,M,O,0
99422.4453125,99511.1328125,99748.6015625,99645.2421875,99764.6953125,99964.25,99827.8125,99884.8515625,-0.511474609375,-0.000244140625,-0.814697265625,-0.6408690810203552,0.5798339247703552,0.3051757514476776,80.0,1601.0,1.0,O,M,O,0
99173.9765625,99262.671875,99500.2265625,99396.6953125,99516.40625,99715.515625,99579.6171875,99636.390625,-0.51220703125,0.001220703125,-0.8115234375,-0.7324218153953552,0.5187987685203552,0.3662109076976776,80.0,1602.0,1.0,O,M,O,0
99996.8828125,100085.6640625,100323.21875,100219.59375,100339.578125,100538.5078125,100402.609375,100459.5625,-0.51416015625,0.002197265625,-0.8125,-0.7629393935203552,0.5187987685203552,0.4272460639476776,80.0,1603.0,1.0,O,M,O,0
100426.5703125,100515.171875,100752.8203125,100649.375,100768.734375,100968.734375,100832.125,100889.703125,-0.513671875,-0.000732421875,-0.811767578125,-0.7324218153953552,0.4577636420726776,0.3967284858226776,80.0,1604.0,1.0,O,M,O,0
99736.171875,99824.59375,100062.4140625,99958.8828125,100078.15625,100277.890625,100141.8984375,100198.8515625,-0.515380859375,-0.00048828125,-0.810302734375,-0.7019042372703552,0.3662109076976776,0.3662109076976776,80.0,1605.0,1.0,O,M,O,0
99293.515625,99382.1171875,99619.9453125,99516.3203125,99635.9453125,99834.7890625,99699.421875,99756.109375,-0.514892578125,0.0009765625,-0.80810546875,-0.8239745497703552,0.4272460639476776,0.4272460639476776,80.0,1606.0,1.0,O,M,O,0
100006.4453125,100095.2265625,100332.875,100229.0703125,100348.7890625,100547.8046875,100411.7265625,100469.0390625,-0.5126953125,0.0,-0.809814453125,-0.7934569716453552,0.5493163466453552,0.4577636420726776,80.0,1607.0,1.0,O,M,O,0
100614.5078125,100703.109375,100940.390625,100837.125,100956.84375,101156.3125,101019.3359375,101077.453125,-0.512939453125,0.000732421875,-0.81103515625,-0.7629393935203552,0.6713866591453552,0.3967284858226776,80.0,1608.0,1.0,O,M,O,0
100055.625,100143.953125,100381.6015625,100278.2421875,100398.046875,100597.3359375,100460.453125,100518.3046875,-0.513427734375,-0.000244140625,-0.812255859375,-0.7934569716453552,0.4882812201976776,0.4882812201976776,80.0,1609.0,1.0,O,M,O,0
99452.390625,99541.0859375,99778.4609375,99675.109375,99794.8203125,99993.75,99857.3203125,99914.8984375,-0.511962890625,0.0,-0.81396484375,-0.8239745497703552,0.4577636420726776,0.4577636420726776,80.0,1610.0,1.0,O,M,O,0
100010.2890625,100098.8046875,100336.1796875,100233.09375,100352.5390625,100551.6484375,100415.3046875,100473.0625,-0.513671875,0.0,-0.810546875,-0.7019042372703552,0.5493163466453552,0.5187987685203552,80.0,1611.0,1.0,O,M,O,0
100758.6328125,100847.3203125,101085.140625,100981.703125,101100.875,101300.4375,101163.9140625,101222.0234375,-0.513916015625,0.00048828125,-0.8125,-0.6713866591453552,0.6713866591453552,0.5798339247703552,80.0,1612.0,1.0,O,M,O,0
100374.359375,100462.8671875,100700.78125,100597.25,100716.7890625,100916.078125,100779.4609375,100837.484375,-0.51171875,0.0009765625,-0.811279296875,-0.7324218153953552,0.5493163466453552,0.4577636420726776,80.0,1613.0,1.0,O,M,O,0
99652.21875,99740.640625,99978.109375,99874.84375,99994.375,100193.3125,100056.78125,100114.71875,-0.514892578125,0.0009765625,-0.81005859375,-0.6713866591453552,0.4882812201976776,0.3662109076976776,80.0,1614.0,1.0,O,M,O,0
100022.0078125,100110.7890625,100348.1640625,100244.8984375,100364.5234375,100563.2734375,100427.109375,100485.046875,-0.5146484375,-0.00048828125,-0.8115234375,-0.7324218153953552,0.4882812201976776,0.4577636420726776,80.0,1615.0,1.0,O,M,O,0
100868.78125,100957.7421875,101194.9375,101091.4921875,101210.9375,101410.5859375,101273.8828125,101332.171875,-0.51318359375,-0.000244140625,-0.81591796875,-0.6713866591453552,0.5187987685203552,0.4882812201976776,80.0,1616.0,1.0,O,M,O,0
100683.796875,100772.7578125,101010.0390625,100906.8671875,101026.046875,101225.8671875,101089.34375,101147.1015625,-0.51171875,0.0029296875,-0.81494140625,-0.7019042372703552,0.4577636420726776,0.4272460639476776,80.0,1617.0,1.0,O,M,O,0
99889.7734375,99978.4609375,100215.6640625,100112.5703125,100231.75,100431.1328125,100295.140625,100352.3671875,-0.51318359375,0.001708984375,-0.8115234375,-0.6713866591453552,0.3967284858226776,0.4882812201976776,80.0,1618.0,1.0,O,M,O,0
100050.34375,100139.0390625,100376.328125,100273.0625,100392.328125,100591.703125,100455.984375,100513.203125,-0.512451171875,0.001708984375,-0.8095703125,-0.7629393935203552,0.4272460639476776,0.5493163466453552,80.0,1619.0,1.0,O,M,O,0
100941.2890625,101030.25,101268.25,101164.359375,101283.8984375,101483.5390625,101347.109375,101405.0390625,-0.512939453125,0.0009765625,-0.812255859375,-0.6408690810203552,0.5493163466453552,0.4882812201976776,80.0,1620.0,1.0,O,M,O,0
100971.4140625,101059.9296875,101297.75,101194.3125,101313.7578125,101513.2265625,101376.609375,101434.7265625,-0.512451171875,0.001220703125,-0.81201171875,-0.7324218153953552,0.5187987685203552,0.5187987685203552,80.0,1621.0,1.0,O,M,O,0
100161.390625,100249.90625,100487.4609375,100384.1953125,100503.375,100702.75,100566.1328125,100624.0703125,-0.515380859375,0.002197265625,-0.81298828125,-0.7324218153953552,0.4577636420726776,0.4882812201976776,80.0,1622.0,1.0,O,M,O,0
100103.7265625,100192.4140625,100429.609375,100326.6171875,100445.9765625,100645.3515625,100509.0078125,100566.5859375,-0.512451171875,0.00146484375,-0.810791015625,-0.7324218153953552,0.5187987685203552,0.4577636420726776,80.0,1623.0,1.0,O,M,O,0
100984.203125,101073.0703125,101310.71875,101207.2734375,101326.8125,101526.453125,101390.0234375,101447.8671875,-0.51416015625,0.0009765625,-0.81005859375,-0.8544921278953552,0.4882812201976776,0.4577636420726776,80.0,1624.0,1.0,O,M,O,0
101228.90625,101317.421875,101555.3359375,101452.0703125,101571.15625,101770.984375,101634.28125,101692.484375,-0.51513671875,0.0009765625,-0.810302734375,-0.7324218153953552,0.4882812201976776,0.4272460639476776,80.0,1625.0,1.0,O,M,O,0
100456.8828125,100544.9453125,100782.9453125,100679.7734375,100798.7734375,100998.5078125,100861.71875,100919.7421875,-0.514892578125,0.002685546875,-0.809326171875,-0.7629393935203552,0.5187987685203552,0.5187987685203552,80.0,1626.0,1.0,O,M,O,0
100190.09375,100278.6015625,100516.0703125,100413.0703125,100532.25,100731.71875,100595.28125,100653.125,-0.51318359375,0.00244140625,-0.813720703125,-0.7934569716453552,0.5493163466453552,0.4272460639476776,80.0,1627.0,1.0,O,M,O,0
101004.5859375,101093.0078125,101330.65625,101227.125,101346.5703125,101546.125,101409.9609375,101467.8046875,-0.512939453125,0.00146484375,-0.81396484375,-0.7629393935203552,0.4272460639476776,0.5493163466453552,80.0,1628.0,1.0,O,M,O,0
101451.171875,101539.8671875,101777.6875,101673.53125,101793.15625,101993.3359375,101856.7265625,101914.6640625,-0.514404296875,0.00244140625,-0.8125,-0.5798339247703552,0.4882812201976776,0.4272460639476776,80.0,1629.0,1.0,O,M,O,0
100770.1640625,100858.5859375,101096.3203125,100992.4296875,101111.7890625,101311.7890625,101175.265625,101233.2890625,-0.513427734375,0.000732421875,-0.8095703125,-0.6713866591453552,0.4272460639476776,0.3967284858226776,80.0,1630.0,1.0,O,M,O,0
100313.1171875,100401.5390625,100639.1796875,100535.6484375,100655.09375,100854.4765625,100718.484375,100775.9765625,-0.513916015625,0.000732421875,-0.81201171875,-0.6713866591453552,0.4577636420726776,0.3662109076976776,80.0,1631.0,1.0,O,M,O,0
101013.7109375,101102.21875,101339.953125,101236.1484375,101355.78125,101555.2421875,101418.71875,101477.015625,-0.513671875,0.000244140625,-0.8115234375,-0.7629393935203552,0.5187987685203552,0.4577636420726776,80.0,1632.0,1.0,O,M,O,0
101637.6796875,101726.1875,101963.8359375,101860.2109375,101979.484375,102179.75,102043.140625,102101.1640625,-0.512939453125,0.00048828125,-0.81201171875,-0.7019042372703552,0.4272460639476776,0.5187987685203552,80.0,1633.0,1.0,O,M,O,0
101094.6171875,101183.3125,101420.5078125,101317.15625,101436.6015625,101636.515625,101500.078125,101558.015625,-0.514404296875,0.00048828125,-0.81201171875,-0.7019042372703552,0.4577636420726776,0.4577636420726776,80.0,1634.0,1.0,O,M,O,0
100478.9609375,100567.5625,100804.8515625,100701.859375,100821.2109375,101020.6796875,100884.515625,100941.9140625,-0.51416015625,0.00048828125,-0.811279296875,-0.7629393935203552,0.4272460639476776,0.3662109076976776,80.0,1635.0,1.0,O,M,O,0
101021.578125,101110.0,101347.375,101244.109375,101363.46875,101563.2890625,101427.0390625,101484.7890625,-0.513427734375,0.00048828125,-0.808349609375,-0.7019042372703552,0.3967284858226776,0.3662109076976776,80.0,1636.0,1.0,O,M,O,0
101784.84375,101873.3515625,102111.1796875,102007.46875,102127.0,102326.9140625,102190.3046875,102248.7734375,-0.513916015625,0.0009765625,-0.809326171875,-0.7324218153953552,0.4577636420726776,0.3662109076976776,80.0,1637.0,1.0,O,M,O,0
101416.484375,101505.4453125,101742.5546875,101638.84375,101758.6484375,101958.6484375,101822.0390625,101879.7890625,-0.512939453125,0.001953125,-0.811767578125,-0.7324218153953552,0.4272460639476776,0.3662109076976776,80.0,1638.0,1.0,O,M,O,0
100682.9921875,100771.4140625,101009.0546875,100905.2578125,101024.703125,101224.6171875,101088.1796875,101145.8515625,-0.514404296875,0.000732421875,-0.812255859375,-0.7629393935203552,0.4882812201976776,0.5187987685203552,80.0,1639.0,1.0,O,M,O,0
101034.2734375,101122.6015625,101360.15625,101256.625,101375.8046875,101575.8125,101439.28125,101497.21875,-0.51416015625,-0.000244140625,-0.814453125,-0.7629393935203552,0.4577636420726776,0.3967284858226776,80.0,1640.0,1.0,O,M,O,0
101884.171875,101972.7734375,102210.421875,102107.15625,102225.9765625,102426.25,102289.7265625,102348.015625,-0.513916015625,0.001220703125,-0.811279296875,-0.7324218153953552,0.5187987685203552,0.3356933295726776,80.0,1641.0,1.0,O,M,O,0
101717.6953125,101806.5703125,102044.75,101941.125,102060.5703125,102260.3125,102123.875,102182.1640625,-0.51416015625,0.00048828125,-0.8125,-0.6408690810203552,0.5187987685203552,0.3356933295726776,80.0,1642.0,1.0,O,M,O,0
100920.453125,101008.8828125,101246.96875,101143.4375,101262.703125,101462.4375,101326.0078125,101383.671875,-0.51220703125,0.00048828125,-0.81494140625,-0.7019042372703552,0.4882812201976776,0.3356933295726776,80.0,1643.0,1.0,O,M,O,0
101061.359375,101150.0546875,101387.7890625,101284.0703125,101403.5234375,101603.1640625,101467.0,101524.578125,-0.51416015625,-0.000244140625,-0.81396484375,-0.7324218153953552,0.4882812201976776,0.3662109076976776,80.0,1644.0,1.0,O,M,O,0
101952.9296875,102042.0625,102279.890625,102175.7265625,102295.7109375,102495.359375,102358.8359375,102416.859375,-0.513916015625,0.001220703125,-0.812255859375,-0.6408690810203552,0.4577636420726776,0.4882812201976776,80.0,1645.0,1.0,O,M,O,0
102002.8203125,102091.953125,102329.6015625,102225.890625,102345.515625,102545.4296875,102408.8125,102466.75,-0.512939453125,0.00146484375,-0.81103515625,-0.6713866591453552,0.4882812201976776,0.4272460639476776,80.0,1646.0,1.0,O,M,O,0
101193.328125,101282.2890625,101519.9296875,101416.484375,101536.203125,101735.671875,101599.3203125,101656.71875,-0.513916015625,0.0,-0.8134765625,-0.7019042372703552,0.5493163466453552,0.3967284858226776,80.0,1647.0,1.0,O,M,O,0
101118.3125,101207.1875,101445.0078125,101341.3828125,101461.1875,101660.5703125,101524.0390625,101582.3359375,-0.513916015625,0.000244140625,-0.81396484375,-0.6103515028953552,0.4882812201976776,0.4882812201976776,80.0,1648.0,1.0,O,M,O,0
101995.484375,102084.4453125,102321.90625,102218.375,102337.734375,102538.0078125,102401.2109375,102459.59375,-0.51318359375,-0.00048828125,-0.8134765625,-0.7934569716453552,0.4882812201976776,0.4272460639476776,80.0,1649.0,1.0,O,M,O,0
102259.6796875,102348.28125,102585.75,102482.3046875,102601.75,102801.9375,102665.234375,102723.5234375,-0.5146484375,0.00048828125,-0.8095703125,-0.7934569716453552,0.5493163466453552,0.5187987685203552,80.0,1650.0,1.0,O,M,O,0
101493.8203125,101582.421875,101819.890625,101716.1796875,101835.8046875,102035.8046875,101899.375,101957.3046875,-0.5146484375,0.000732421875,-0.811767578125,-0.7324218153953552,0.5798339247703552,0.4272460639476776,80.0,1651.0,1.0,O,M,O,0
101206.5546875,101295.1640625,101532.359375,101428.9140625,101548.71875,101748.3671875,101611.75,101669.953125,-0.5126953125,0.000244140625,-0.812744140625,-0.7629393935203552,0.4577636420726776,0.3967284858226776,80.0,1652.0,1.0,O,M,O,0
102009.703125,102098.5703125,102335.9453125,102232.1484375,102352.0390625,102551.953125,102415.4296875,102473.453125,-0.51416015625,0.001220703125,-0.811279296875,-0.8239745497703552,0.3051757514476776,0.3967284858226776,80.0,1653.0,1.0,O,M,O,0
102476.140625,102565.0078125,102802.7421875,102699.03125,102818.8359375,103018.75,102882.3125,102940.4296875,-0.51318359375,0.00048828125,-0.812255859375,-0.7324218153953552,0.4272460639476776,0.4577636420726776,80.0,1654.0,1.0,O,M,O,0
101808.359375,101896.9609375,102134.421875,102031.0703125,102150.78125,102350.34375,102213.8203125,102272.0234375,-0.51318359375,0.000244140625,-0.812744140625,-0.6713866591453552,0.4882812201976776,0.3967284858226776,80.0,1655.0,1.0,O,M,O,0
101333.6953125,101422.3828125,101659.8515625,101556.40625,101676.2109375,101875.765625,101738.9765625,101796.9140625,-0.513427734375,0.001708984375,-0.810791015625,-0.7629393935203552,0.5493163466453552,0.4272460639476776,80.0,1656.0,1.0,O,M,O,0
102017.5703125,102106.796875,102344.0859375,102240.546875,102360.3515625,102560.359375,102423.2109375,102481.4140625,-0.513427734375,0.001220703125,-0.811279296875,-0.6103515028953552,0.5187987685203552,0.3662109076976776,80.0,1657.0,1.0,O,M,O,0
102654.5078125,102743.640625,102981.109375,102877.3046875,102997.109375,103197.3828125,103060.234375,103118.9765625,-0.5126953125,0.002197265625,-0.811279296875,-0.7324218153953552,0.5187987685203552,0.3967284858226776,80.0,1658.0,1.0,O,M,O,0
102129.6875,102218.8203125,102456.203125,102352.1328125,102472.2890625,102672.3828125,102535.5,102593.9765625,-0.511474609375,0.001220703125,-0.811767578125,-0.6713866591453552,0.5187987685203552,0.3967284858226776,80.0,1659.0,1.0,O,M,O,0
101498.203125,101586.984375,101824.8046875,101721.09375,101840.8125,102040.1015625,101904.109375,101962.046875,-0.512451171875,0.00146484375,-0.812255859375,-0.7324218153953552,0.5493163466453552,0.4272460639476776,80.0,1660.0,1.0,O,M,O,0
102020.1640625,102108.9453125,102346.5,102242.78125,102362.6796875,102562.328125,102425.625,102484.1875,-0.513427734375,0.000244140625,-0.80908203125,-0.7019042372703552,0.4882812201976776,0.3967284858226776,80.0,1661.0,1.0,O,M,O,0
102792.1875,102881.0625,103118.703125,103014.90625,103134.7109375,103334.8046875,103197.5625,103256.75,-0.5146484375,0.000244140625,-0.811279296875,-0.7324218153953552,0.4882812201976776,0.4272460639476776,80.0,1662.0,1.0,O,M,O,0
102444.1328125,102532.9140625,102770.9140625,102666.84375,102786.3828125,102986.6484375,102849.59375,102908.5078125,-0.51611328125,0.001953125,-0.81201171875,-0.6713866591453552,0.5493163466453552,0.4577636420726776,80.0,1663.0,1.0,O,M,O,0
101700.7109375,101789.3984375,102027.4921875,101923.2421875,102042.6953125,102242.609375,102105.8125,102164.375,-0.513916015625,-0.00048828125,-0.813232421875,-0.7019042372703552,0.5493163466453552,0.4577636420726776,80.0,1664.0,1.0,O,M,O,0
102029.1015625,102118.1484375,102355.8828125,102252.171875,102371.7109375,102571.1796875,102434.7421875,102493.03125,-0.51318359375,-0.000732421875,-0.810302734375,-0.7324218153953552,0.4882812201976776,0.3967284858226776,80.0,1665.0,1.0,O,M,O,0
102887.6796875,102976.546875,103214.4609375,103110.4765625,103230.28125,103429.6640625,103293.3203125,103352.328125,-0.51220703125,0.000244140625,-0.808837890625,-0.6713866591453552,0.5187987685203552,0.4882812201976776,80.0,1666.0,1.0,O,M,O,0
102744.0859375,102832.9609375,103070.6953125,102966.359375,103086.1640625,103286.34375,103149.640625,103208.2890625,-0.512451171875,0.00048828125,-0.8125,-0.7019042372703552,0.5493163466453552,0.3967284858226776,80.0,1667.0,1.0,O,M,O,0
101941.5703125,102030.171875,102268.4453125,102164.109375,102284.0,102483.6484375,102347.125,102405.234375,-0.51416015625,0.001708984375,-0.81201171875,-0.7629393935203552,0.4882812201976776,0.3967284858226776,80.0,1668.0,1.0,O,M,O,0
102056.015625,102144.796875,102382.9765625,102279.171875,102398.3515625,102598.359375,102461.65625,102519.9453125,-0.5146484375,-0.00048828125,-0.814208984375,-0.7324218153953552,0.4577636420726776,0.4272460639476776,80.0,1669.0,1.0,O,M,O,0
102947.046875,103035.828125,103273.828125,103169.9375,103289.6484375,103489.8359375,103352.7734375,103411.6015625,-0.513427734375,0.000732421875,-0.813720703125,-0.8239745497703552,0.4577636420726776,0.4882812201976776,80.0,1670.0,1.0,O,M,O,0
103019.640625,103107.796875,103345.9765625,103242.0,103361.8046875,103561.984375,103424.921875,103483.6640625,-0.5126953125,0.001220703125,-0.810791015625,-0.7019042372703552,0.4272460639476776,0.3967284858226776,80.0,1671.0,1.0,O,M,O,0
102212.65625,102300.5390625,102538.453125,102434.828125,102554.6328125,102754.640625,102617.671875,102676.140625,-0.5126953125,0.00341796875,-0.810302734375,-0.7629393935203552,0.3967284858226776,0.4882812201976776,80.0,1672.0,1.0,O,M,O,0
102111.984375,102200.765625,102438.5,102334.3359375,102453.9609375,102654.0546875,102517.3515625,102576.0078125,-0.516357421875,0.000244140625,-0.809814453125,-0.7629393935203552,0.3662109076976776,0.4577636420726776,80.0,1673.0,1.0,O,M,O,0
102982.625,103071.5859375,103309.6796875,103205.4296875,103325.0546875,103525.328125,103388.5390625,103447.453125,-0.514892578125,0.002197265625,-0.810302734375,-0.7934569716453552,0.2746581733226776,0.5187987685203552,80.0,1674.0,1.0,O,M,O,0
103266.9453125,103355.8984375,103593.9921875,103489.5625,103609.1015625,103809.640625,103672.671875,103731.9453125,-0.51416015625,0.000732421875,-0.811767578125,-0.6408690810203552,0.3356933295726776,0.4577636420726776,80.0,1675.0,1.0,O,M,O,0
102507.609375,102596.4765625,102834.2109375,102730.234375,102849.765625,103049.859375,102913.3359375,102971.8125,-0.513427734375,0.000732421875,-0.811767578125,-0.7019042372703552,0.3967284858226776,0.4577636420726776,80.0,1676.0,1.0,O,M,O,0
102200.3203125,102288.5625,102526.1171875,102422.4921875,102542.03125,102742.2109375,102605.421875,102663.890625,-0.514404296875,0.0,-0.810791015625,-0.7019042372703552,0.4882812201976776,0.4577636420726776,80.0,1677.0,1.0,O,M,O,0
102993.625,103082.3203125,103319.78125,103216.15625,103335.7890625,103536.1484375,103399.171875,103458.2734375,-0.51318359375,-0.00048828125,-0.80908203125,-0.7324218153953552,0.4272460639476776,0.4882812201976776,80.0,1678.0,1.0,O,M,O,0
103475.9765625,103564.6640625,103802.3125,103698.421875,103818.3125,104018.671875,103881.6171875,103940.625,-0.511962890625,0.00048828125,-0.808837890625,-0.7324218153953552,0.3356933295726776,0.5187987685203552,80.0,1679.0,1.0,O,M,O,0
102817.9375,102906.453125,103144.453125,103040.1171875,103159.921875,103360.375,103223.3984375,103282.0546875,-0.5126953125,0.0,-0.809326171875,-0.7934569716453552,0.3967284858226776,0.4577636420726776,80.0,1680.0,1.0,O,M,O,0
102326.203125,102415.25,102652.984375,102548.6484375,102668.359375,102868.8984375,102731.75,102790.4921875,-0.513427734375,-0.000732421875,-0.8134765625,-0.7019042372703552,0.5187987685203552,0.3967284858226776,80.0,1681.0,1.0,O,M,O,0
102997.203125,103086.0703125,103323.71875,103219.5546875,103339.5390625,103539.9921875,103402.75,103461.8515625,-0.513671875,0.00146484375,-0.813720703125,-0.6713866591453552,0.5187987685203552,0.4272460639476776,80.0,1682.0,1.0,O,M,O,0
103651.65625,103740.890625,103978.3515625,103874.4609375,103994.265625,104194.8984375,104057.75,104116.9375,-0.512939453125,0.001220703125,-0.81103515625,-0.7934569716453552,0.4577636420726776,0.4577636420726776,80.0,1683.0,1.0,O,M,O,0
103141.234375,103230.4609375,103467.9296875,103364.125,103483.578125,103683.84375,103547.3203125,103606.2421875,-0.513916015625,-0.000244140625,-0.813232421875,-0.7324218153953552,0.4577636420726776,0.3967284858226776,80.0,1684.0,1.0,O,M,O,0
102495.359375,102584.3203125,102821.9609375,102718.1640625,102837.5234375,103037.703125,102901.0,102959.828125,-0.51416015625,-0.000732421875,-0.8115234375,-0.7934569716453552,0.3967284858226776,0.4577636420726776,80.0,1685.0,1.0,O,M,O,0
102999.1640625,103087.9453125,103325.953125,103221.96875,103341.4140625,103541.9609375,103404.8046875,103463.8125,-0.514404296875,0.001708984375,-0.810791015625,-0.7934569716453552,0.3967284858226776,0.5187987685203552,80.0,1686.0,1.0,O,M,O,0
103781.75,103871.0625,104108.890625,104004.7265625,104124.3515625,104325.0703125,104187.65625,104247.2890625,-0.513427734375,0.00048828125,-0.807861328125,-0.7934569716453552,0.3967284858226776,0.4882812201976776,80.0,1687.0,1.0,O,M,O,0
103452.1015625,103541.328125,103778.9765625,103674.90625,103794.625,103995.4296875,103857.7421875,103917.46875,-0.511962890625,0.0009765625,-0.80908203125,-0.7629393935203552,0.3662109076976776,0.4272460639476776,80.0,1688.0,1.0,O,M,O,0
102702.78125,102791.8359375,103029.5625,102925.765625,103045.3046875,103245.84375,103108.421875,103167.609375,-0.51318359375,-0.0009765625,-0.810791015625,-0.7019042372703552,0.4272460639476776,0.4577636420726776,80.0,1689.0,1.0,O,M,O,0
103009.453125,103098.859375,103336.859375,103232.7890625,103352.328125,103553.1328125,103415.5390625,103474.8125,-0.514892578125,-0.000732421875,-0.811279296875,-0.7019042372703552,0.5493163466453552,0.4577636420726776,80.0,1690.0,1.0,O,M,O,0
103873.390625,103962.3515625,104200.6171875,104096.1953125,104216.0,104416.890625,104279.4765625,104338.3984375,-0.514404296875,0.00146484375,-0.81201171875,-0.6713866591453552,0.4882812201976776,0.3967284858226776,80.0,1691.0,1.0,O,M,O,0
103752.0625,103841.1171875,104079.3828125,103975.2265625,104094.7578125,104295.75,104158.0625,104216.7109375,-0.513427734375,0.001220703125,-0.812255859375,-0.6713866591453552,0.4577636420726776,0.4882812201976776,80.0,1692.0,1.0,O,M,O,0
102947.3125,103036.2734375,103274.1875,103170.6484375,103289.921875,103490.4609375,103353.1328125,103411.9609375,-0.513671875,0.003662109375,-0.81103515625,-0.6408690810203552,0.4577636420726776,0.4272460639476776,80.0,1693.0,1.0,O,M,O,0
103042.0859375,103131.21875,103369.046875,103265.421875,103384.78125,103584.9609375,103448.078125,103507.0,-0.514892578125,0.00146484375,-0.810546875,-0.7324218153953552,0.5187987685203552,0.4577636420726776,80.0,1694.0,1.0,O,M,O,0
103933.9140625,104023.328125,104261.328125,104157.6171875,104276.8828125,104477.78125,104340.09375,104399.4609375,-0.51318359375,0.001708984375,-0.811767578125,-0.6713866591453552,0.4577636420726776,0.4272460639476776,80.0,1695.0,1.0,O,M,O,0
104026.8984375,104115.859375,104353.953125,104250.2421875,104369.5078125,104570.8515625,104432.8125,104492.4453125,-0.513916015625,-0.0009765625,-0.81298828125,-0.7324218153953552,0.4882812201976776,0.3967284858226776,80.0,1696.0,1.0,O,M,O,0
103218.9296875,103307.7109375,103545.7109375,103442.265625,103561.625,103762.078125,103624.8359375,103684.1171875,-0.513671875,0.00146484375,-0.812744140625,-0.7019042372703552,0.4882812201976776,0.3356933295726776,80.0,1697.0,1.0,O,M,O,0
103097.0703125,103185.9375,103424.296875,103320.5,103439.6796875,103640.3984375,103503.0625,103561.984375,-0.51318359375,0.000244140625,-0.80859375,-0.7019042372703552,0.4272460639476776,0.3967284858226776,80.0,1698.0,1.0,O,M,O,0
103963.6875,104052.6484375,104290.828125,104186.671875,104306.296875,104507.28125,104369.5078125,104428.9609375,-0.514404296875,0.000244140625,-0.808837890625,-0.7019042372703552,0.4882812201976776,0.4272460639476776,80.0,1699.0,1.0,O,M,O,0
104267.4921875,104356.546875,104594.6328125,104490.4765625,104610.28125,104811.0859375,104673.4921875,104732.9453125,-0.512939453125,-0.00146484375,-0.810546875,-0.7019042372703552,0.4272460639476776,0.3967284858226776,80.0,1700.0,1.0,O,M,O,0
103513.9765625,103603.203125,103841.0234375,103736.6875,103856.578125,104057.03125,103919.7890625,103979.25,-0.513916015625,0.000732421875,-0.809814453125,-0.7324218153953552,0.4882812201976776,0.3967284858226776,80.0,1701.0,1.0,O,M,O,0
103187.3671875,103276.6015625,103514.6015625,103409.9921875,103529.890625,103730.25,103593.0078125,103652.734375,-0.511474609375,0.0009765625,-0.810302734375,-0.7629393935203552,0.4577636420726776,0.4272460639476776,80.0,1702.0,1.0,O,M,O,0
103970.9296875,104059.984375,104297.890625,104193.9140625,104313.0,104514.171875,104376.390625,104436.203125,-0.5126953125,0.001708984375,-0.8115234375,-0.6713866591453552,0.3967284858226776,0.3967284858226776,80.0,1703.0,1.0,O,M,O,0
104470.5390625,104559.5859375,104797.3203125,104693.609375,104812.609375,105013.6875,104876.1796875,104936.171875,-0.51171875,0.000244140625,-0.809326171875,-0.7934569716453552,0.3662109076976776,0.3662109076976776,80.0,1704.0,1.0,O,M,O,0
103823.0546875,103912.1953125,104149.921875,104046.390625,104165.6640625,104366.109375,104229.140625,104288.234375,-0.512939453125,0.001708984375,-0.811279296875,-0.8239745497703552,0.3662109076976776,0.4577636420726776,80.0,1705.0,1.0,O,M,O,0
103311.9140625,103400.875,103638.875,103535.34375,103654.34375,103855.0625,103717.734375,103777.0078125,-0.515625,0.00146484375,-0.810302734375,-0.6408690810203552,0.4882812201976776,0.4882812201976776,80.0,1706.0,1.0,O,M,O,0
103964.765625,104053.7265625,104291.8125,104188.1015625,104307.3671875,104508.0859375,104370.671875,104430.484375,-0.51416015625,0.00244140625,-0.813232421875,-0.6713866591453552,0.4577636420726776,0.3662109076976776,80.0,1707.0,1.0,O,M,O,0
104632.2734375,104721.59375,104959.4140625,104855.5234375,104974.8828125,105176.140625,105038.71875,105098.4453125,-0.511474609375,0.0009765625,-0.81396484375,-0.7324218153953552,0.4272460639476776,0.3662109076976776,80.0,1708.0,1.0,O,M,O,0
104139.015625,104228.2421875,104466.15625,104362.359375,104481.890625,104682.4296875,104545.1953125,104604.7421875,-0.513671875,0.00146484375,-0.81201171875,-0.7324218153953552,0.4272460639476776,0.4272460639476776,80.0,1709.0,1.0,O,M,O,0
103483.3984375,103572.0,103809.9140625,103706.1953125,103825.828125,104026.453125,103889.0390625,103948.4921875,-0.51318359375,0.001708984375,-0.81103515625,-0.6408690810203552,0.4882812201976776,0.4272460639476776,80.0,1710.0,1.0,O,M,O,0
103968.25,104056.8515625,104295.390625,104190.9609375,104310.5859375,104511.3984375,104373.796875,104433.703125,-0.51416015625,0.0009765625,-0.813232421875,-0.6103515028953552,0.5493163466453552,0.4272460639476776,80.0,1711.0,1.0,O,M,O,0
104757.984375,104846.9453125,105085.3046875,104981.0546875,105100.765625,105301.7578125,105164.15625,105224.0625,-0.51416015625,0.001953125,-0.8125,-0.6713866591453552,0.5187987685203552,0.4272460639476776,80.0,1712.0,1.0,O,M,O,0
104448.0078125,104537.328125,104775.328125,104671.34375,104791.1484375,104992.046875,104854.5390625,104914.0859375,-0.513916015625,0.0009765625,-0.81103515625,-0.7019042372703552,0.5187987685203552,0.3356933295726776,80.0,1713.0,1.0,O,M,O,0
103691.4453125,103780.765625,104018.5859375,103914.6953125,104034.234375,104235.0390625,104097.7109375,104157.2578125,-0.514404296875,0.000732421875,-0.81396484375,-0.7934569716453552,0.5187987685203552,0.4272460639476776,80.0,1714.0,1.0,O,M,O,0
103976.3828125,104065.796875,104303.796875,104199.8125,104318.9921875,104519.890625,104382.5625,104442.1953125,-0.512939453125,0.001220703125,-0.812744140625,-0.9460448622703552,0.4577636420726776,0.4577636420726776,80.0,1715.0,1.0,O,M,O,0
104843.1875,104932.59375,105170.6875,105066.8828125,105185.8828125,105387.140625,105249.8125,105309.53125,-0.512451171875,-0.000732421875,-0.81494140625,-0.7324218153953552,0.4272460639476776,0.5187987685203552,80.0,1716.0,1.0,O,M,O,0
104740.8125,104830.046875,105068.1328125,104964.2421875,105083.515625,105284.6796875,105147.3515625,105206.890625,-0.510986328125,0.000244140625,-0.81201171875,-0.7629393935203552,0.4272460639476776,0.5187987685203552,80.0,1717.0,1.0,O,M,O,0
103932.84375,104021.8046875,104259.71875,104155.734375,104275.359375,104476.171875,104338.6640625,104397.9375,-0.51171875,-0.00048828125,-0.814453125,-0.7019042372703552,0.3967284858226776,0.4882812201976776,80.0,1718.0,1.0,O,M,O,0
104007.0546875,104095.921875,104334.015625,104229.8515625,104349.484375,104550.203125,104412.9609375,104472.328125,-0.512451171875,-0.000732421875,-0.81396484375,-0.7019042372703552,0.5187987685203552,0.3662109076976776,80.0,1719.0,1.0,O,M,O,0
104895.671875,104984.984375,105223.2578125,105119.2734375,105238.6328125,105439.890625,105302.2890625,105361.75,-0.512939453125,0.00244140625,-0.81396484375,-0.7324218153953552,0.4882812201976776,0.4577636420726776,80.0,1720.0,1.0,O,M,O,0
105008.234375,105097.546875,105335.90625,105231.8359375,105351.109375,105552.359375,105414.8515625,105474.671875,-0.514892578125,0.001708984375,-0.812744140625,-0.7934569716453552,0.4272460639476776,0.4577636420726776,80.0,1721.0,1.0,O,M,O,0
104205.265625,104294.140625,104532.2265625,104428.15625,104547.7890625,104748.59375,104611.265625,104670.6328125,-0.513916015625,0.00244140625,-0.809814453125,-0.6713866591453552,0.4272460639476776,0.4272460639476776,80.0,1722.0,1.0,O,M,O,0
104063.3828125,104152.0703125,104389.984375,104286.453125,104405.984375,104606.2578125,104469.1953125,104528.7421875,-0.513916015625,0.00146484375,-0.81005859375,-0.7019042372703552,0.3967284858226776,0.3967284858226776,80.0,1723.0,1.0,O,M,O,0
104923.828125,105012.7890625,105250.96875,105147.078125,105266.2578125,105467.25,105330.0078125,105390.0859375,-0.513916015625,0.001220703125,-0.8115234375,-0.7934569716453552,0.5493163466453552,0.4577636420726776,80.0,1724.0,1.0,O,M,O,0
105249.6328125,105338.7734375,105576.59375,105472.703125,105591.8828125,105793.3125,105655.71875,105715.9765625,-0.512939453125,-0.001708984375,-0.812255859375,-0.7019042372703552,0.4882812201976776,0.5493163466453552,80.0,1725.0,1.0,O,M,O,0
104506.125,104595.2578125,104833.171875,104729.1953125,104848.28125,105049.4453125,104912.296875,104972.0234375,-0.51416015625,-0.00048828125,-0.812744140625,-0.7324218153953552,0.5493163466453552,0.5187987685203552,80.0,1726.0,1.0,O,M,O,0
104158.1484375,104247.2890625,104485.2890625,104381.4921875,104500.4921875,104701.4765625,104564.4140625,104623.875,-0.5146484375,0.000732421875,-0.812744140625,-0.7019042372703552,0.5798339247703552,0.4272460639476776,80.0,1727.0,1.0,O,M,O,0
104931.0703125,105020.03125,105258.3046875,105154.140625,105273.234375,105474.671875,105336.984375,105397.2421875,-0.51416015625,0.002197265625,-0.813232421875,-0.7019042372703552,0.4882812201976776,0.3967284858226776,80.0,1728.0,1.0,O,M,O,0
105450.171875,105539.578125,105777.671875,105673.6015625,105792.6875,105994.03125,105856.4375,105916.7890625,-0.514892578125,0.00048828125,-0.81396484375,-0.7629393935203552,0.5187987685203552,0.3967284858226776,80.0,1729.0,1.0,O,M,O,0
104817.6171875,104906.7578125,105145.0234375,105040.8671875,105160.3125,105361.4765625,105223.7890625,105283.9609375,-0.51318359375,0.000244140625,-0.812744140625,-0.7324218153953552,0.4272460639476776,0.4272460639476776,80.0,1730.0,1.0,O,M,O,0
104288.7734375,104377.5546875,104615.6484375,104511.484375,104631.1171875,104832.28125,104694.328125,104754.4921875,-0.51318359375,0.001220703125,-0.812744140625,-0.8544921278953552,0.3662109076976776,0.4882812201976776,80.0,1731.0,1.0,O,M,O,0
104925.6171875,105014.7578125,105252.671875,105148.6875,105268.3203125,105469.390625,105331.796875,105391.96875,-0.5146484375,0.002197265625,-0.810791015625,-0.7324218153953552,0.3967284858226776,0.4272460639476776,80.0,1732.0,1.0,O,M,O,0
105608.421875,105698.0078125,105935.7421875,105831.7578125,105951.1171875,106152.5546875,106014.8671875,106075.0390625,-0.51123046875,0.001953125,-0.8125,-0.7934569716453552,0.3356933295726776,0.4577636420726776,80.0,1733.0,1.0,O,M,O,0
105130.359375,105219.6796875,105457.4140625,105353.25,105472.8828125,105674.046875,105536.2734375,105596.53125,-0.51220703125,0.000244140625,-0.811767578125,-0.6713866591453552,0.4577636420726776,0.3967284858226776,80.0,1734.0,1.0,O,M,O,0
104458.2890625,104547.609375,104785.609375,104681.5390625,104800.8984375,105001.703125,104864.1953125,104924.4609375,-0.5126953125,0.00146484375,-0.811279296875,-0.6408690810203552,0.4272460639476776,0.4272460639476776,80.0,1735.0,1.0,O,M,O,0
104923.5625,105012.4375,105250.703125,105146.3671875,105265.7265625,105467.25,105329.6484375,105389.640625,-0.514404296875,0.0009765625,-0.813232421875,-0.7324218153953552,0.4272460639476776,0.4577636420726776,80.0,1736.0,1.0,O,M,O,0
105723.84375,105812.8984375,106050.8984375,105946.6484375,106066.1875,106267.890625,106129.6640625,106190.375,-0.51416015625,0.0009765625,-0.811767578125,-0.7324218153953552,0.4882812201976776,0.4272460639476776,80.0,1737.0,1.0,O,M,O,0
105432.734375,105521.609375,105759.7890625,105655.2734375,105774.984375,105976.6015625,105838.46875,105899.0859375,-0.514404296875,0.00048828125,-0.80908203125,-0.6408690810203552,0.5493163466453552,0.4272460639476776,80.0,1738.0,1.0,O,M,O,0
104665.890625,104754.5859375,104992.671875,104888.3359375,105007.875,105209.3984375,105071.3515625,105131.5234375,-0.51318359375,0.00048828125,-0.810546875,-0.7019042372703552,0.4577636420726776,0.4272460639476776,80.0,1739.0,1.0,O,M,O,0
104931.0703125,105020.2109375,105258.2109375,105153.7890625,105273.5,105474.84375,105337.1640625,105397.328125,-0.514404296875,0.002197265625,-0.81103515625,-0.7324218153953552,0.4882812201976776,0.4272460639476776,80.0,1740.0,1.0,O,M,O,0
105803.953125,105893.359375,106131.359375,106026.9375,106146.5625,106348.171875,106210.3125,106270.8359375,-0.516357421875,0.000244140625,-0.8134765625,-0.6713866591453552,0.4272460639476776,0.3662109076976776,80.0,1741.0,1.0,O,M,O,0
105721.609375,105810.8359375,106048.484375,105944.7734375,106064.21875,106266.0078125,106127.7890625,106188.3125,-0.51416015625,0.000244140625,-0.814208984375,-0.7324218153953552,0.3356933295726776,0.4272460639476776,80.0,1742.0,1.0,O,M,O,0
104911.1328125,105000.1875,105238.09375,105133.9375,105253.3828125,105454.90625,105317.046875,105376.9453125,-0.51416015625,-0.001220703125,-0.81494140625,-0.7934569716453552,0.3967284858226776,0.3967284858226776,80.0,1743.0,1.0,O,M,O,0
104961.3828125,105050.4296875,105288.34375,105184.0078125,105303.3671875,105504.9765625,105367.0234375,105427.1953125,-0.515625,-0.000244140625,-0.812744140625,-0.7934569716453552,0.4272460639476776,0.4882812201976776,80.0,1744.0,1.0,O,M,O,0
105851.1640625,105940.03125,106178.2109375,106073.78125,106193.4140625,106395.2890625,106256.9765625,106317.328125,-0.513916015625,0.000732421875,-0.815185546875,-0.7324218153953552,0.4272460639476776,0.3967284858226776,80.0,1745.0,1.0,O,M,O,0
105986.8828125,106075.9296875,106314.0234375,106209.7734375,106329.4921875,106531.1015625,106393.0546875,106453.4921875,-0.513916015625,0.0009765625,-0.8154296875,-0.6713866591453552,0.3662109076976776,0.4882812201976776,80.0,1746.0,1.0,O,M,O,0
105185.34375,105274.3984375,105512.21875,105408.2421875,105527.8671875,105729.2109375,105591.34375,105651.6015625,-0.513916015625,0.002197265625,-0.809814453125,-0.7934569716453552,0.3967284858226776,0.5493163466453552,80.0,1747.0,1.0,O,M,O,0
105020.390625,105109.3515625,105347.265625,105243.28125,105362.8203125,105564.4296875,105426.390625,105486.7421875,-0.512939453125,0.001708984375,-0.80908203125,-0.7019042372703552,0.4272460639476776,0.3662109076976776,80.0,1748.0,1.0,O,M,O,0
105872.796875,105961.9375,106199.7578125,106095.8671875,106215.3125,106417.015625,106278.8828125,106339.59375,-0.513671875,0.001708984375,-0.810302734375,-0.6408690810203552,0.5187987685203552,0.5493163466453552,80.0,1749.0,1.0,O,M,O,0
106217.5546875,106307.2265625,106545.046875,106440.3515625,106560.25,106762.3046875,106623.90625,106684.4375,-0.51708984375,0.00146484375,-0.810791015625,-0.6408690810203552,0.4577636420726776,0.4882812201976776,80.0,1750.0,1.0,O,M,O,0
105481.28125,105570.515625,105808.78125,105704.0,105823.8046875,106025.59375,105887.4609375,105947.71875,-0.51513671875,-0.001220703125,-0.8115234375,-0.5493163466453552,0.4577636420726776,0.4272460639476776,80.0,1751.0,1.0,O,F,O,0
105114.265625,105203.2265625,105441.40625,105336.890625,105456.7890625,105658.0390625,105520.0,105580.171875,-0.515380859375,0.000244140625,-0.811767578125,-0.6713866591453552,0.4272460639476776,0.4272460639476776,80.0,1752.0,1.0,O,F,O,0
105877.0,105966.3203125,106204.2265625,106099.7109375,106219.4296875,106421.0390625,106282.90625,106343.4375,-0.5146484375,0.000244140625,-0.81396484375,-0.6713866591453552,0.4882812201976776,0.3967284858226776,80.0,1753.0,1.0,O,F,O,0
106411.4765625,106500.96875,106739.0625,106634.453125,106754.3515625,106956.0546875,106818.0078125,106878.625,-0.514892578125,0.00048828125,-0.8115234375,-0.7019042372703552,0.4577636420726776,0.3967284858226776,80.0,1754.0,1.0,O,F,O,0
105790.71875,105880.1328125,106118.3125,106013.8828125,106133.6015625,106335.2109375,106197.2578125,106257.78125,-0.513916015625,0.00244140625,-0.813232421875,-0.6713866591453552,0.4272460639476776,0.3967284858226776,80.0,1755.0,1.0,O,F,O,0
105246.140625,105335.375,105573.4609375,105469.484375,105588.84375,105790.2734375,105652.40625,105712.2265625,-0.515869140625,0.002685546875,-0.81591796875,-0.7019042372703552,0.4882812201976776,0.4272460639476776,80.0,1756.0,1.0,O,F,O,0
105868.5078125,105957.9140625,106196.1796875,106091.84375,106211.3828125,106412.90625,106275.0390625,106335.390625,-0.514892578125,0.002197265625,-0.813720703125,-0.7934569716453552,0.4272460639476776,0.4577636420726776,80.0,1757.0,1.0,O,F,O,0
106561.3203125,106650.8203125,106889.1796875,106784.65625,106904.109375,107105.8984375,106968.03125,107028.7421875,-0.51611328125,0.001953125,-0.813720703125,-0.7324218153953552,0.5187987685203552,0.4272460639476776,80.0,1758.0,1.0,O,F,O,0
106099.7109375,106189.4765625,106427.4765625,106323.3203125,106442.40625,106644.3828125,106506.0703125,106566.6875,-0.515625,0.00341796875,-0.814697265625,-0.6713866591453552,0.4577636420726776,0.3662109076976776,80.0,1759.0,1.0,O,F,O,0
105419.0546875,105508.375,105746.109375,105642.0390625,105761.3984375,105963.28125,105825.0546875,105885.2265625,-0.513671875,0.00341796875,-0.8125,-0.7934569716453552,0.5187987685203552,0.3662109076976776,80.0,1760.0,1.0,O,F,O,0
105867.4296875,105956.9296875,106195.0234375,106090.6796875,106210.1328125,106411.8359375,106273.875,106334.40625,-0.51318359375,0.00244140625,-0.809814453125,-0.6408690810203552,0.5187987685203552,0.3662109076976776,80.0,1761.0,1.0,O,F,O,0
106675.1328125,106764.71875,107002.6328125,106898.5625,107017.8359375,107219.8046875,107081.3125,107142.109375,-0.513427734375,0.00146484375,-0.81103515625,-0.7019042372703552,0.4882812201976776,0.4577636420726776,80.0,1762.0,1.0,O,F,O,0
106404.859375,106494.0859375,106731.734375,106627.75,106747.1953125,106949.171875,106810.765625,106871.4765625,-0.513671875,0.001220703125,-0.8095703125,-0.5798339247703552,0.5493163466453552,0.3967284858226776,80.0,1763.0,1.0,O,F,O,0
105630.7734375,105720.265625,105958.09375,105853.9296875,105973.0234375,106174.90625,106036.9453125,106097.4765625,-0.51513671875,-0.001220703125,-0.810546875,-0.6103515028953552,0.5493163466453552,0.4272460639476776,80.0,1764.0,1.0,O,F,O,0
105875.2109375,105964.796875,106202.796875,106098.640625,106217.5546875,106419.703125,106281.5703125,106342.359375,-0.513427734375,0.00048828125,-0.81005859375,-0.6713866591453552,0.4882812201976776,0.3662109076976776,80.0,1765.0,1.0,O,F,O,0
106751.3984375,106840.984375,107079.078125,106974.6484375,107093.7421875,107296.25,107157.84375,107218.7265625,-0.513671875,-0.0009765625,-0.8095703125,-0.7019042372703552,0.4882812201976776,0.4272460639476776,80.0,1766.0,1.0,O,F,O,0
106691.5,106780.4609375,107018.90625,106914.5703125,107033.9296875,107236.1640625,107097.5859375,107158.9140625,-0.513916015625,0.00146484375,-0.808349609375,-0.6713866591453552,0.4882812201976776,0.3967284858226776,80.0,1767.0,1.0,O,F,O,0
105879.59375,105968.9140625,106206.8203125,106102.84375,106222.203125,106423.90625,106285.765625,106346.3828125,-0.51318359375,0.0,-0.808837890625,-0.7019042372703552,0.5187987685203552,0.5493163466453552,80.0,1768.0,1.0,O,F,O,0
105906.1484375,105995.375,106233.2890625,106129.3984375,106248.3984375,106449.828125,106311.9609375,106372.671875,-0.513671875,0.0009765625,-0.81103515625,-0.8544921278953552,0.5493163466453552,0.4882812201976776,80.0,1769.0,1.0,O,F,O,0
106794.671875,106884.4375,107122.171875,107018.1875,107137.546875,107339.25,107201.03125,107261.5546875,-0.51611328125,0.002685546875,-0.80859375,-0.8544921278953552,0.4272460639476776,0.4577636420726776,80.0,1770.0,1.0,O,F,O,0
106950.5078125,107040.1875,107277.5625,107173.7578125,107293.1171875,107495.0,107356.953125,107417.484375,-0.515380859375,0.0009765625,-0.813720703125,-0.7629393935203552,0.4577636420726776,0.3967284858226776,80.0,1771.0,1.0,O,F,O,0
106153.5390625,106242.671875,106480.2265625,106376.875,106495.7890625,106697.6640625,106559.625,106620.328125,-0.514892578125,0.00146484375,-0.812255859375,-0.7019042372703552,0.5187987685203552,0.4272460639476776,80.0,1772.0,1.0,O,F,O,0
105967.3046875,106056.53125,106294.0859375,106190.8203125,106309.7265625,106511.25,106373.8359375,106434.09375,-0.514892578125,0.002685546875,-0.812255859375,-0.7324218153953552,0.4577636420726776,0.4577636420726776,80.0,1773.0,1.0,O,F,O,0
106811.75,106901.0703125,107139.4296875,107035.0859375,107154.8046875,107356.4140625,107218.5546875,107279.171875,-0.515625,0.001953125,-0.81103515625,-0.7324218153953552,0.4577636420726776,0.4577636420726776,80.0,1774.0,1.0,O,F,O,0
107176.890625,107266.3828125,107504.65625,107400.3125,107519.8515625,107721.8203125,107583.5078125,107644.3984375,-0.51416015625,0.002197265625,-0.8115234375,-0.6713866591453552,0.3356933295726776,0.4272460639476776,80.0,1775.0,1.0,O,F,O,0
106451.6171875,106541.296875,106779.4765625,106675.046875,106794.2265625,106996.2890625,106858.2421875,106918.59375,-0.514404296875,0.003662109375,-0.81201171875,-0.6713866591453552,0.4882812201976776,0.4272460639476776,80.0,1776.0,1.0,O,F,O,0
106065.5625,106155.3203125,106393.234375,106288.8984375,106408.078125,106610.140625,106471.9140625,106532.3515625,-0.5146484375,0.002685546875,-0.810302734375,-0.7629393935203552,0.4882812201976776,0.3967284858226776,80.0,1777.0,1.0,O,F,O,0
106813.0,106903.03125,107141.0390625,107036.25,107155.96875,107357.9375,107219.4453125,107280.421875,-0.513916015625,0.000244140625,-0.810791015625,-0.7019042372703552,0.3967284858226776,0.4272460639476776,80.0,1778.0,1.0,O,F,O,0
107367.6796875,107457.265625,107695.625,107590.5703125,107710.3828125,107912.4375,107774.0390625,107835.28125,-0.51318359375,0.001220703125,-0.810546875,-0.7324218153953552,0.4577636420726776,0.4882812201976776,80.0,1779.0,1.0,O,F,O,0
106761.59375,106851.8046875,107089.5390625,106985.2890625,107104.9140625,107306.6171875,107168.390625,107229.28125,-0.5126953125,0.000244140625,-0.809326171875,-0.7019042372703552,0.4577636420726776,0.4882812201976776,80.0,1780.0,1.0,O,F,O,0
106202.890625,106292.4765625,106530.3828125,106426.40625,106545.9453125,106747.1953125,106609.6015625,106670.0390625,-0.51318359375,0.00146484375,-0.8115234375,-0.6103515028953552,0.3662109076976776,0.4272460639476776,80.0,1781.0,1.0,O,F,O,0
106806.3828125,106895.96875,107134.0625,107029.6328125,107149.171875,107350.875,107213.0078125,107273.71875,-0.513427734375,0.001220703125,-0.8125,-0.6103515028953552,0.4882812201976776,0.3967284858226776,80.0,1782.0,1.0,O,F,O,0
107512.703125,107602.734375,107840.734375,107736.3046875,107855.7578125,108057.8125,107919.7734375,107980.921875,-0.51171875,0.001220703125,-0.812255859375,-0.7019042372703552,0.5187987685203552,0.3967284858226776,80.0,1783.0,1.0,O,F,O,0
107070.4921875,107160.3515625,107398.3515625,107293.8359375,107413.1875,107615.25,107477.203125,107538.1796875,-0.51171875,-0.00048828125,-0.81298828125,-0.7324218153953552,0.5187987685203552,0.3356933295726776,80.0,1784.0,1.0,O,F,O,0
106376.515625,106465.921875,106704.1953125,106599.765625,106719.125,106920.9140625,106783.140625,106843.3984375,-0.512939453125,-0.000244140625,-0.811279296875,-0.6408690810203552,0.4577636420726776,0.3662109076976776,80.0,1785.0,1.0,O,F,O,0
106802.2734375,106892.0390625,107129.7734375,107025.34375,107145.1484375,107346.9375,107208.8046875,107269.515625,-0.511962890625,0.0009765625,-0.812744140625,-0.6408690810203552,0.4882812201976776,0.4272460639476776,80.0,1786.0,1.0,O,F,O,0
107621.0625,107710.5546875,107948.46875,107843.953125,107963.7578125,108166.0,108027.5078125,108088.9296875,-0.511962890625,0.00244140625,-0.813232421875,-0.7934569716453552,0.5187987685203552,0.4577636420726776,80.0,1787.0,1.0,O,F,O,0
107369.46875,107459.234375,107697.234375,107592.8984375,107712.1640625,107914.5859375,107776.1796875,107837.4296875,-0.512939453125,0.001953125,-0.810546875,-0.6408690810203552,0.4577636420726776,0.5187987685203552,80.0,1788.0,1.0,O,F,O,0
106589.125,106678.7109375,106916.7109375,106812.1953125,106931.46875,107133.96875,106995.9296875,107056.0078125,-0.513916015625,0.0,-0.811279296875,-0.6713866591453552,0.4272460639476776,0.4882812201976776,80.0,1789.0,1.0,O,F,O,0
106808.9765625,106898.8359375,107136.7421875,107032.046875,107151.671875,107353.734375,107215.6875,107276.21875,-0.514404296875,-0.00048828125,-0.80859375,-0.6713866591453552,0.4272460639476776,0.5493163466453552,80.0,1790.0,1.0,O,F,O,0
107686.7734375,107776.6328125,108014.5390625,107909.7578125,108029.4765625,108232.0703125,108093.4921875,108154.5546875,-0.5126953125,0.001708984375,-0.809814453125,-0.7019042372703552,0.4577636420726776,0.5493163466453552,80.0,1791.0,1.0,O,F,O,0
107648.953125,107738.9921875,107976.8125,107872.296875,107992.1015625,108194.3359375,108056.1171875,108117.0,-0.513671875,0.001953125,-0.81494140625,-0.7019042372703552,0.4272460639476776,0.4272460639476776,80.0,1792.0,1.0,O,F,O,0
106834.4609375,106924.578125,107162.40625,107057.7109375,107177.6953125,107379.3984375,107241.4375,107302.0546875,-0.5126953125,0.0009765625,-0.81396484375,-0.8239745497703552,0.5798339247703552,0.4577636420726776,80.0,1793.0,1.0,O,F,O,0
106841.8828125,106932.0,107169.828125,107065.1328125,107184.9375,107386.8125,107248.59375,107309.296875,-0.512939453125,0.001220703125,-0.813720703125,-0.7934569716453552,0.5493163466453552,0.4272460639476776,80.0,1794.0,1.0,O,F,O,0
107727.0078125,107816.859375,108055.046875,107950.6171875,108070.15625,108272.125,108133.8125,108195.0546875,-0.514892578125,0.00146484375,-0.81298828125,-0.7934569716453552,0.5187987685203552,0.4577636420726776,80.0,1795.0,1.0,O,F,O,0
107902.78125,107992.546875,108230.90625,108126.03125,108245.8359375,108447.8046875,108309.4921875,108370.921875,-0.513916015625,0.00048828125,-0.8125,-0.7019042372703552,0.5798339247703552,0.4272460639476776,80.0,1796.0,1.0,O,F,O,0
107111.0859375,107200.671875,107438.9375,107334.2421875,107454.140625,107655.9296875,107517.9765625,107578.7734375,-0.513427734375,0.000244140625,-0.812255859375,-0.7324218153953552,0.5493163466453552,0.3967284858226776,80.0,1797.0,1.0,O,F,O,0
106903.5703125,106992.9765625,107231.0703125,107126.4609375,107245.9140625,107448.0625,107309.921875,107370.8984375,-0.513916015625,0.0009765625,-0.811279296875,-0.7324218153953552,0.4882812201976776,0.3967284858226776,80.0,1798.0,1.0,O,F,O,0
107740.6875,107830.453125,108068.453125,107963.4921875,108083.296875,108285.8046875,108147.1328125,108208.6484375,-0.51513671875,0.0009765625,-0.80908203125,-0.6408690810203552,0.4577636420726776,0.3967284858226776,80.0,1799.0,1.0,O,F,O,0
108123.53125,108213.203125,108451.3828125,108346.328125,108466.2265625,108668.5546875,108530.1484375,108591.3046875,-0.514892578125,0.000244140625,-0.810302734375,-0.6713866591453552,0.4882812201976776,0.4882812201976776,80.0,1800.0,1.0,O,F,O,0
107405.859375,107495.625,107733.625,107628.6640625,107748.734375,107950.796875,107812.390625,107873.28125,-0.5146484375,0.000244140625,-0.813720703125,-0.7324218153953552,0.5187987685203552,0.4577636420726776,80.0,1801.0,1.0,O,F,O,0
107000.7578125,107089.984375,107327.984375,107223.46875,107343.1875,107545.3359375,107406.6640625,107467.4609375,-0.51416015625,0.00048828125,-0.813720703125,-0.7019042372703552,0.5187987685203552,0.4272460639476776,80.0,1802.0,1.0,O,F,O,0
107737.2890625,107826.4296875,108064.5234375,107959.5546875,108079.5390625,108282.046875,108143.2890625,108204.4453125,-0.512451171875,0.000244140625,-0.81396484375,-0.7324218153953552,0.4882812201976776,0.4272460639476776,80.0,1803.0,1.0,O,F,O,0
108305.6484375,108395.1484375,108633.5078125,108528.5390625,108648.078125,108850.6796875,108712.0078125,108773.515625,-0.5126953125,-0.0009765625,-0.810302734375,-0.7629393935203552,0.4577636420726776,0.4272460639476776,80.0,1804.0,1.0,O,F,O,0
107712.703125,107802.734375,108041.0078125,107936.21875,108055.578125,108258.0859375,108118.96875,108180.3046875,-0.513671875,-0.00048828125,-0.811767578125,-0.6713866591453552,0.4272460639476776,0.4882812201976776,80.0,1805.0,1.0,O,F,O,0
107136.296875,107225.8828125,107464.6015625,107359.8125,107479.4375,107681.3203125,107542.5625,107603.8046875,-0.51513671875,0.00048828125,-0.811279296875,-0.6713866591453552,0.4577636420726776,0.4272460639476776,80.0,1806.0,1.0,O,F,O,0
107726.5625,107815.8828125,108054.5078125,107949.6328125,108069.3515625,108271.5859375,108132.734375,108194.25,-0.515380859375,0.000244140625,-0.816162109375,-0.7324218153953552,0.4272460639476776,0.4882812201976776,80.0,1807.0,1.0,O,F,O,0
108447.359375,108536.859375,108775.3984375,108670.25,108790.4140625,108993.015625,108853.8046875,108915.5,-0.513427734375,0.00048828125,-0.812744140625,-0.6713866591453552,0.4272460639476776,0.4577636420726776,80.0,1808.0,1.0,O,F,O,0
108019.640625,108109.671875,108347.765625,108242.9765625,108362.875,108565.375,108425.9921875,108487.6875,-0.513671875,0.0,-0.812744140625,-0.7629393935203552,0.4577636420726776,0.4577636420726776,80.0,1809.0,1.0,O,F,O,0
107313.9453125,107403.7109375,107641.8046875,107536.9296875,107656.6484375,107858.9765625,107720.484375,107781.4609375,-0.513671875,0.001708984375,-0.813232421875,-0.6713866591453552,0.5798339247703552,0.3662109076976776,80.0,1810.0,1.0,O,F,O,0
107721.375,107811.0546875,108049.4140625,107944.4453125,108063.8984375,108266.4921875,108128.1796875,108188.9765625,-0.51416015625,-0.000732421875,-0.81103515625,-0.6408690810203552,0.5187987685203552,0.3662109076976776,80.0,1811.0,1.0,O,F,O,0
108549.8203125,108639.671875,108877.765625,108773.0703125,108892.25,109095.0234375,108956.53125,109017.8671875,-0.513916015625,0.000244140625,-0.81103515625,-0.7019042372703552,0.4882812201976776,0.3662109076976776,80.0,1812.0,1.0,O,F,O,0
108318.9765625,108408.9140625,108647.1875,108542.21875,108661.4921875,108864.3515625,108725.6875,108787.109375,-0.515380859375,0.001220703125,-0.811767578125,-0.6713866591453552,0.4577636420726776,0.4272460639476776,80.0,1813.0,1.0,O,F,O,0
107531.921875,107621.6875,107860.1328125,107755.265625,107874.7109375,108077.125,107938.7265625,107999.7890625,-0.51416015625,0.000244140625,-0.8115234375,-0.7324218153953552,0.5187987685203552,0.5187987685203552,80.0,1814.0,1.0,O,F,O,0
107735.234375,107824.8203125,108063.1796875,107958.484375,108077.84375,108280.2578125,108142.0390625,108202.921875,-0.514892578125,-0.0009765625,-0.811279296875,-0.6713866591453552,0.3967284858226776,0.5187987685203552,80.0,1815.0,1.0,O,F,O,0
108617.5,108707.359375,108945.4453125,108840.6640625,108960.109375,109162.6171875,109024.3046875,109085.7265625,-0.513916015625,-0.000732421875,-0.81005859375,-0.7019042372703552,0.3662109076976776,0.5187987685203552,80.0,1816.0,1.0,O,F,O,0
108598.3671875,108687.8671875,108926.046875,108821.171875,108940.7109375,109143.484375,109004.546875,109066.328125,-0.51416015625,-0.00048828125,-0.81396484375,-0.7934569716453552,0.3967284858226776,0.5187987685203552,80.0,1817.0,1.0,O,F,O,0
107782.265625,107871.7578125,108109.671875,108004.9765625,108124.6875,108327.1953125,108188.6171875,108249.7734375,-0.515869140625,0.0,-0.81494140625,-0.6408690810203552,0.4882812201976776,0.5493163466453552,80.0,1818.0,1.0,O,F,O,0
107768.1328125,107858.171875,108095.8125,107991.203125,108111.015625,108313.25,108174.671875,108235.9140625,-0.51513671875,0.001220703125,-0.815673828125,-0.6713866591453552,0.4272460639476776,0.4272460639476776,80.0,1819.0,1.0,O,F,O,0
108650.1328125,108740.171875,108978.171875,108873.65625,108993.1015625,109195.96875,109057.03125,109118.359375,-0.512939453125,-0.000244140625,-0.813720703125,-0.7934569716453552,0.3356933295726776,0.5493163466453552,80.0,1820.0,1.0,O,F,O,0
108847.3671875,108937.3984375,109175.578125,109070.8828125,109190.421875,109393.46875,109254.6171875,109315.953125,-0.513671875,0.001220703125,-0.814208984375,-0.7324218153953552,0.3662109076976776,0.4882812201976776,80.0,1821.0,1.0,O,F,O,0
108060.6796875,108150.6171875,108388.7109375,108283.75,108403.375,108606.234375,108467.8359375,108528.71875,-0.5126953125,0.001953125,-0.81494140625,-0.6103515028953552,0.4272460639476776,0.3967284858226776,80.0,1822.0,1.0,O,F,O,0
107831.9765625,107922.0078125,108160.0078125,108055.21875,108174.7578125,108377.625,108238.953125,108299.9296875,-0.514892578125,-0.0009765625,-0.810791015625,-0.6408690810203552,0.4882812201976776,0.3662109076976776,80.0,1823.0,1.0,O,F,O,0
108660.421875,108750.359375,108988.8984375,108883.578125,109003.203125,109205.890625,109067.3125,109128.640625,-0.511474609375,0.001220703125,-0.8134765625,-0.7629393935203552,0.4882812201976776,0.3662109076976776,80.0,1824.0,1.0,O,F,O,0
109063.2890625,109153.140625,109391.6796875,109286.625,109405.7109375,109608.7578125,109470.1796875,109531.6875,-0.5107421875,0.00048828125,-0.811767578125,-0.7324218153953552,0.5187987685203552,0.4577636420726776,80.0,1825.0,1.0,O,F,O,0
108354.0234375,108443.875,108682.140625,108577.1796875,108696.8046875,108899.3125,108760.8203125,108821.9765625,-0.510498046875,0.001953125,-0.812255859375,-0.7324218153953552,0.5187987685203552,0.3967284858226776,80.0,1826.0,1.0,O,F,O,0
107929.4296875,108019.3671875,108257.640625,108152.40625,108272.65625,108474.71875,108336.5,108397.5625,-0.512939453125,0.0009765625,-0.812744140625,-0.7019042372703552,0.5187987685203552,0.3051757514476776,80.0,1827.0,1.0,O,F,O,0
108653.890625,108743.7421875,108981.921875,108876.9609375,108997.0390625,109199.2734375,109060.9609375,109122.3828125,-0.51416015625,0.00048828125,-0.8125,-0.7934569716453552,0.4577636420726776,0.4272460639476776,80.0,1828.0,1.0,O,F,O,0
109238.8828125,109329.5390625,109567.0078125,109462.21875,109582.0234375,109784.625,109646.1328125,109707.8203125,-0.514404296875,0.002197265625,-0.8095703125,-0.6713866591453552,0.4882812201976776,0.4577636420726776,80.0,1829.0,1.0,O,F,O,0
108660.1484375,108750.6328125,108988.359375,108883.6640625,109003.203125,109206.0703125,109067.6640625,109128.9140625,-0.5146484375,0.000244140625,-0.812255859375,-0.7324218153953552,0.4272460639476776,0.4577636420726776,80.0,1830.0,1.0,O,F,O,0
108071.046875,108161.3515625,108399.53125,108294.4765625,108414.3671875,108616.7890625,108478.296875,108539.8046875,-0.515380859375,-0.0009765625,-0.816162109375,-0.7629393935203552,0.3967284858226776,0.4882812201976776,80.0,1831.0,1.0,O,F,O,0
108644.6796875,108734.890625,108972.8046875,108868.0234375,108987.734375,109190.515625,109052.0234375,109113.53125,-0.514892578125,-0.000244140625,-0.812255859375,-0.7629393935203552,0.3967284858226776,0.3967284858226776,80.0,1832.0,1.0,O,F,O,0
109376.921875,109467.140625,109705.40625,109599.9921875,109719.625,109922.578125,109784.0859375,109845.8671875,-0.51318359375,-0.0009765625,-0.809814453125,-0.6408690810203552,0.3662109076976776,0.4272460639476776,80.0,1833.0,1.0,O,F,O,0
108965.921875,109055.7734375,109294.1328125,109188.90625,109308.6171875,109511.3046875,109372.546875,109434.4140625,-0.512939453125,0.00146484375,-0.81201171875,-0.7019042372703552,0.3967284858226776,0.3967284858226776,80.0,1834.0,1.0,O,F,O,0
108251.7421875,108341.4140625,108579.7734375,108474.71875,108594.34375,108796.9453125,108658.2734375,108719.6953125,-0.51318359375,0.001953125,-0.813232421875,-0.6713866591453552,0.4577636420726776,0.2746581733226776,80.0,1835.0,1.0,O,F,O,0
108640.4765625,108730.515625,108968.3359375,108863.546875,108982.90625,109185.859375,109047.1953125,109108.6171875,-0.51416015625,0.001220703125,-0.8125,-0.6408690810203552,0.4272460639476776,0.3662109076976776,80.0,1836.0,1.0,O,F,O,0
109471.6953125,109561.90625,109799.734375,109695.125,109814.484375,110017.4375,109878.5859375,109940.90625,-0.513916015625,0.0009765625,-0.8095703125,-0.6713866591453552,0.5187987685203552,0.3967284858226776,80.0,1837.0,1.0,O,F,O,0
109258.015625,109348.1328125,109586.046875,109481.4453125,109600.796875,109803.7578125,109665.171875,109727.046875,-0.514892578125,-0.001708984375,-0.81298828125,-0.6103515028953552,0.4882812201976776,0.4272460639476776,80.0,1838.0,1.0,O,F,O,0
108465.6875,108555.546875,108793.8125,108688.8515625,108808.2109375,109010.984375,108872.578125,108933.9140625,-0.513916015625,0.000244140625,-0.809814453125,-0.6103515028953552,0.5187987685203552,0.4577636420726776,80.0,1839.0,1.0,O,F,O,0
108646.6484375,108736.6796875,108974.953125,108870.2578125,108989.4375,109192.125,109053.8984375,109115.40625,-0.514892578125,0.00146484375,-0.812255859375,-0.6713866591453552,0.5187987685203552,0.3967284858226776,80.0,1840.0,1.0,O,F,O,0
109531.2421875,109621.2734375,109859.6328125,109754.7578125,109874.1171875,110077.0703125,109938.671875,110000.359375,-0.515380859375,0.001220703125,-0.8095703125,-0.7019042372703552,0.4272460639476776,0.3967284858226776,80.0,1841.0,1.0,O,F,O,0
109530.8828125,109620.828125,109859.2734375,109754.3125,109873.8515625,110076.890625,109938.1328125,110000.1796875,-0.51513671875,-0.000732421875,-0.811279296875,-0.7324218153953552,0.5187987685203552,0.4882812201976776,80.0,1842.0,1.0,O,F,O,0
108715.2265625,108805.34375,109043.5234375,108938.4765625,109058.4609375,109260.609375,109121.9375,109183.8984375,-0.513671875,0.00048828125,-0.8115234375,-0.7019042372703552,0.5493163466453552,0.4577636420726776,80.0,1843.0,1.0,O,F,O,0
108679.375,108769.046875,109007.4921875,108902.4453125,109022.15625,109224.3984375,109085.9921875,109147.7734375,-0.51318359375,0.000244140625,-0.812744140625,-0.7019042372703552,0.5187987685203552,0.4577636420726776,80.0,1844.0,1.0,O,F,O,0
109559.046875,109648.9921875,109887.2578125,109782.2109375,109901.5625,110104.7890625,109965.9375,110027.8046875,-0.5146484375,0.0,-0.809326171875,-0.8239745497703552,0.5187987685203552,0.4272460639476776,80.0,1845.0,1.0,O,F,O,0
109774.609375,109865.0,110103.0,109998.0390625,110117.6640625,110320.6171875,110181.859375,110243.9921875,-0.513916015625,0.001220703125,-0.810791015625,-0.7629393935203552,0.3967284858226776,0.3967284858226776,80.0,1846.0,1.0,O,F,O,0
108990.5078125,109080.1875,109318.1875,109213.578125,109333.203125,109535.8046875,109397.21875,109459.359375,-0.512939453125,0.0009765625,-0.810302734375,-0.7629393935203552,0.4882812201976776,0.4272460639476776,80.0,1847.0,1.0,O,F,O,0
108742.9375,108832.703125,109071.0625,108966.4609375,109085.90625,109288.5,109150.0078125,109211.7890625,-0.51318359375,0.001708984375,-0.81298828125,-0.8239745497703552,0.5798339247703552,0.3662109076976776,80.0,1848.0,1.0,O,F,O,0
109564.9453125,109655.15625,109893.34375,109788.734375,109908.09375,110111.2265625,109972.375,110034.3359375,-0.514404296875,0.000732421875,-0.812744140625,-0.7934569716453552,0.5187987685203552,0.4272460639476776,80.0,1849.0,1.0,O,F,O,0
109986.953125,110077.25,110315.1640625,110210.46875,110329.734375,110533.2265625,110394.1953125,110456.25,-0.514892578125,-0.000244140625,-0.81103515625,-0.7934569716453552,0.3967284858226776,0.4577636420726776,80.0,1850.0,1.0,O,F,O,0
109288.9453125,109378.984375,109617.0703125,109512.46875,109631.6484375,109834.78125,109696.2890625,109757.890625,-0.51416015625,0.001220703125,-0.810546875,-0.7324218153953552,0.3662109076976776,0.4577636420726776,80.0,1851.0,1.0,O,F,O,0
108847.4609375,108937.8515625,109175.4921875,109070.9765625,109190.0625,109393.1953125,109254.6171875,109316.3984375,-0.51220703125,0.001220703125,-0.81640625,-0.7324218153953552,0.3967284858226776,0.3967284858226776,80.0,1852.0,1.0,O,F,O,0
109557.6171875,109647.921875,109885.6484375,109780.953125,109900.2265625,110103.71875,109964.6875,110026.734375,-0.513916015625,0.001953125,-0.816162109375,-0.7934569716453552,0.4272460639476776,0.3967284858226776,80.0,1853.0,1.0,O,F,O,0
110158.1640625,110248.2890625,110486.1953125,110381.234375,110500.953125,110704.4375,110565.234375,110627.375,-0.51416015625,0.002197265625,-0.810791015625,-0.7934569716453552,0.3356933295726776,0.4577636420726776,80.0,1854.0,1.0,O,F,O,0
109594.1875,109684.21875,109921.953125,109817.34375,109936.96875,110139.65625,110001.2578125,110062.9453125,-0.516357421875,0.00146484375,-0.8115234375,-0.7629393935203552,0.3662109076976776,0.4577636420726776,80.0,1855.0,1.0,O,F,O,0
108990.5078125,109080.453125,109318.453125,109213.4921875,109333.296875,109535.7109375,109397.1328125,109458.8203125,-0.514892578125,0.00244140625,-0.810302734375,-0.8239745497703552,0.3967284858226776,0.3967284858226776,80.0,1856.0,1.0,O,F,O,0
109545.4609375,109635.7578125,109873.578125,109768.6171875,109888.421875,110091.109375,109952.3515625,110014.3046875,-0.51318359375,0.0009765625,-0.809814453125,-0.7019042372703552,0.3356933295726776,0.3051757514476776,80.0,1857.0,1.0,O,F,O,0
110289.234375,110379.5390625,110618.0703125,110512.9296875,110632.46875,110835.6015625,110696.5703125,110759.0703125,-0.51220703125,0.001220703125,-0.81103515625,-0.7629393935203552,0.4272460639476776,0.3051757514476776,80.0,1858.0,1.0,O,F,O,0
109897.3671875,109987.484375,110226.109375,110121.0625,110240.421875,110443.375,110304.703125,110366.9296875,-0.512451171875,-0.00048828125,-0.810302734375,-0.8850097060203552,0.3967284858226776,0.4577636420726776,80.0,1859.0,1.0,O,F,O,0
109170.3984375,109260.609375,109498.609375,109394.1796875,109513.1796875,109716.1328125,109577.5546875,109639.6953125,-0.513916015625,0.000244140625,-0.8095703125,-0.7019042372703552,0.4882812201976776,0.4272460639476776,80.0,1860.0,1.0,O,F,O,0
109536.3359375,109626.640625,109864.90625,109760.3046875,109879.390625,110082.6171875,109943.40625,110005.8125,-0.516357421875,0.00048828125,-0.811767578125,-0.6713866591453552,0.5187987685203552,0.4577636420726776,80.0,1861.0,1.0,O,F,O,0
110376.046875,110466.6171875,110704.890625,110599.921875,110719.546875,110922.6796875,110783.296875,110845.96875,-0.512939453125,0.001220703125,-0.809326171875,-0.7629393935203552,0.4272460639476776,0.4577636420726776,80.0,1862.0,1.0,O,F,O,0
110184.984375,110275.5546875,110513.828125,110408.7734375,110528.484375,110731.53125,110592.3203125,110655.0,-0.513671875,-0.00146484375,-0.8115234375,-0.7629393935203552,0.4272460639476776,0.4577636420726776,80.0,1863.0,1.0,O,F,O,0
109388.3671875,109478.8515625,109716.5859375,109611.7109375,109731.3359375,109934.375,109795.3515625,109857.6640625,-0.513916015625,-0.000244140625,-0.809814453125,-0.6713866591453552,0.4577636420726776,0.4272460639476776,80.0,1864.0,1.0,O,F,O,0
109547.875,109638.7109375,109876.171875,109771.4765625,109890.9296875,110094.0625,109955.03125,110017.2578125,-0.514892578125,0.001708984375,-0.810546875,-0.7629393935203552,0.4272460639476776,0.4272460639476776,80.0,1865.0,1.0,O,F,O,0
110436.3125,110527.234375,110765.0546875,110660.1875,110779.6328125,110983.03125,110843.5546875,110906.5,-0.513916015625,0.00244140625,-0.812744140625,-0.6713866591453552,0.4882812201976776,0.4577636420726776,80.0,1866.0,1.0,O,F,O,0
110459.375,110550.03125,110787.9453125,110682.984375,110802.609375,111006.1015625,110866.5390625,110929.296875,-0.513916015625,0.0009765625,-0.81298828125,-0.7324218153953552,0.4882812201976776,0.4577636420726776,80.0,1867.0,1.0,O,F,O,0
109643.1796875,109733.65625,109971.5703125,109866.875,109986.1484375,110189.546875,110050.4296875,110112.8359375,-0.513671875,0.000732421875,-0.813232421875,-0.7324218153953552,0.3967284858226776,0.4577636420726776,80.0,1868.0,1.0,O,F,O,0
109585.6875,109676.171875,109914.171875,109809.296875,109928.5703125,110132.234375,109992.9375,110055.078125,-0.5166015625,0.001708984375,-0.81103515625,-0.7019042372703552,0.3662109076976776,0.3967284858226776,80.0,1869.0,1.0,O,F,O,0
110461.34375,110551.9140625,110789.8203125,110685.21875,110804.0390625,111008.0703125,110868.953125,110931.265625,-0.5146484375,0.000732421875,-0.810546875,-0.6408690810203552,0.3967284858226776,0.4882812201976776,80.0,1870.0,1.0,O,F,O,0
110698.8984375,110789.6484375,111027.734375,110923.21875,111042.0390625,111245.6171875,111106.7734375,111169.4453125,-0.513916015625,-0.00048828125,-0.81298828125,-0.7019042372703552,0.3356933295726776,0.4577636420726776,80.0,1871.0,1.0,O,F,O,0
109919.0,110009.5703125,110247.390625,110143.0546875,110262.3203125,110465.1875,110326.4296875,110388.65625,-0.511474609375,0.0,-0.81201171875,-0.7019042372703552,0.3662109076976776,0.3967284858226776,80.0,1872.0,1.0,O,F,O,0
109651.4921875,109742.15625,109979.796875,109875.1875,109994.7265625,110197.7734375,110059.1875,110120.8828125,-0.512451171875,0.00146484375,-0.81103515625,-0.7629393935203552,0.4577636420726776,0.4882812201976776,80.0,1873.0,1.0,O,F,O,0
110466.171875,110556.828125,110794.828125,110689.78125,110808.9609375,111012.71875,110874.046875,110936.1796875,-0.514404296875,0.0,-0.8115234375,-0.7324218153953552,0.4882812201976776,0.4577636420726776,80.0,1874.0,1.0,O,F,O,0
110905.25,110996.3515625,111234.1796875,111129.03125,111248.125,111451.96875,111313.125,111375.53125,-0.514404296875,0.0,-0.809326171875,-0.6713866591453552,0.4577636420726776,0.4272460639476776,80.0,1875.0,1.0,O,F,O,0
110215.0234375,110306.1328125,110543.8671875,110438.9921875,110557.8125,110761.390625,110622.6328125,110685.0390625,-0.5126953125,0.0009765625,-0.807861328125,-0.7324218153953552,0.4577636420726776,0.4577636420726776,80.0,1876.0,1.0,O,F,O,0
109756.546875,109847.1171875,110085.296875,109980.2421875,110099.2421875,110302.828125,110163.796875,110225.9375,-0.513671875,0.001220703125,-0.808837890625,-0.7324218153953552,0.3967284858226776,0.4882812201976776,80.0,1877.0,1.0,O,F,O,0
110453.203125,110543.7734375,110782.046875,110676.8125,110795.90625,111000.0234375,110860.546875,110923.1328125,-0.5126953125,0.00146484375,-0.811767578125,-0.5798339247703552,0.3662109076976776,0.4882812201976776,80.0,1878.0,1.0,O,F,O,0
111070.5625,111161.3984375,111399.3984375,111294.2578125,111413.703125,111617.5546875,111477.71875,111540.84375,-0.513427734375,0.00048828125,-0.8134765625,-0.5798339247703552,0.3967284858226776,0.5187987685203552,80.0,1879.0,1.0,O,F,O,0
110523.9296875,110614.5859375,110852.6796875,110747.7109375,110867.34375,111070.5625,110931.265625,110994.03125,-0.514892578125,-0.000732421875,-0.8125,-0.7934569716453552,0.4882812201976776,0.4882812201976776,80.0,1880.0,1.0,O,F,O,0
109902.90625,109993.296875,110231.4765625,110126.515625,110245.9609375,110449.2734375,110310.2421875,110372.7421875,-0.51318359375,0.001220703125,-0.8134765625,-0.6408690810203552,0.4577636420726776,0.4272460639476776,80.0,1881.0,1.0,O,F,O,0
110441.140625,110531.9765625,110769.7109375,110664.921875,110784.015625,110987.6796875,110848.65625,110910.703125,-0.51416015625,0.000244140625,-0.810791015625,-0.7324218153953552,0.5493163466453552,0.3662109076976776,80.0,1882.0,1.0,O,F,O,0
111197.4296875,111288.265625,111526.359375,111421.0390625,111540.484375,111744.2421875,111604.859375,111667.625,-0.515380859375,0.001953125,-0.8134765625,-0.8544921278953552,0.5187987685203552,0.3356933295726776,80.0,1883.0,1.0,O,F,O,0
110825.3203125,110916.15625,111154.15625,111048.921875,111168.1953125,111372.0390625,111232.390625,111295.421875,-0.5146484375,0.00244140625,-0.814453125,-0.8544921278953552,0.5187987685203552,0.3662109076976776,80.0,1884.0,1.0,O,F,O,0
110089.3203125,110179.890625,110417.7109375,110312.75,110432.2890625,110635.953125,110496.5703125,110558.796875,-0.5146484375,0.000732421875,-0.813720703125,-0.8239745497703552,0.4882812201976776,0.4577636420726776,80.0,1885.0,1.0,O,F,O,0
110436.3125,110526.875,110764.5234375,110659.3828125,110779.0078125,110982.9453125,110843.5546875,110905.609375,-0.514404296875,0.000244140625,-0.810546875,-0.6408690810203552,0.4272460639476776,0.4272460639476776,80.0,1886.0,1.0,O,F,O,0
111282.546875,111373.4765625,111611.3828125,111506.15625,111625.5078125,111829.2734375,111689.703125,111752.6484375,-0.513671875,0.00048828125,-0.80810546875,-0.6408690810203552,0.4272460639476776,0.4272460639476776,80.0,1887.0,1.0,O,F,O,0
111110.171875,111201.1875,111439.09375,111334.046875,111453.3125,111657.4296875,111517.7734375,111580.71875,-0.513427734375,0.0,-0.809814453125,-0.6408690810203552,0.3662109076976776,0.4272460639476776,80.0,1888.0,1.0,O,F,O,0
110308.9921875,110399.6484375,110637.5625,110532.78125,110652.140625,110855.71875,110716.5078125,110778.734375,-0.51220703125,0.000732421875,-0.80908203125,-0.6713866591453552,0.4882812201976776,0.3967284858226776,80.0,1889.0,1.0,O,F,O,0
110446.59375,110537.15625,110775.0703125,110670.015625,110789.6484375,110993.046875,110854.015625,110916.3359375,-0.512939453125,0.00048828125,-0.810791015625,-0.6408690810203552,0.3662109076976776,0.4272460639476776,80.0,1890.0,1.0,O,F,O,0
111332.7890625,111423.453125,111661.6328125,111556.1328125,111675.84375,111879.609375,111740.0390625,111803.0703125,-0.514892578125,0.00146484375,-0.814453125,-0.7324218153953552,0.4577636420726776,0.3967284858226776,80.0,1891.0,1.0,O,F,O,0
111374.8125,111465.7421875,111704.1015625,111598.5078125,111718.140625,111921.625,111782.5078125,111845.2734375,-0.51611328125,0.000244140625,-0.814453125,-0.6408690810203552,0.5187987685203552,0.3356933295726776,80.0,1892.0,1.0,O,F,O,0
110558.9765625,110649.7265625,110887.90625,110782.4921875,110902.03125,111105.34375,110966.4921875,111028.8125,-0.514404296875,0.001708984375,-0.810302734375,-0.6713866591453552,0.3967284858226776,0.4577636420726776,80.0,1893.0,1.0,O,F,O,0
110481.3671875,110571.578125,110809.9375,110704.7109375,110824.2421875,111027.5546875,110888.4375,110951.1171875,-0.51220703125,0.00048828125,-0.810791015625,-0.7934569716453552,0.3662109076976776,0.4272460639476776,80.0,1894.0,1.0,O,F,O,0
111354.3359375,111444.7265625,111682.640625,111577.6796875,111697.125,111900.8828125,111761.40625,111824.265625,-0.51318359375,0.000732421875,-0.81103515625,-0.7019042372703552,0.5187987685203552,0.4272460639476776,80.0,1895.0,1.0,O,F,O,0
111611.4765625,111701.953125,111939.8671875,111834.8125,111954.2578125,112158.2890625,112018.8125,112081.3984375,-0.513916015625,0.0,-0.811279296875,-0.6103515028953552,0.4577636420726776,0.4272460639476776,80.0,1896.0,1.0,O,F,O,0
110839.890625,110930.4609375,111168.4609375,111063.5,111182.9453125,111386.2578125,111247.5859375,111309.8125,-0.513427734375,0.00048828125,-0.811767578125,-0.7324218153953552,0.4272460639476776,0.3662109076976776,80.0,1897.0,1.0,O,F,O,0
110548.6015625,110639.4453125,110877.0859375,110772.03125,110891.75,111095.1484375,110956.4765625,111018.703125,-0.51416015625,0.0,-0.813232421875,-0.7324218153953552,0.3967284858226776,0.4882812201976776,80.0,1898.0,1.0,O,F,O,0
111351.75,111442.4921875,111680.40625,111575.265625,111694.53125,111898.5625,111759.265625,111821.9375,-0.513671875,0.00341796875,-0.81396484375,-0.7629393935203552,0.4272460639476776,0.4882812201976776,80.0,1899.0,1.0,O,F,O,0
111809.6015625,111900.4375,112138.53125,112033.296875,112152.921875,112356.59375,112217.03125,112280.328125,-0.512939453125,0.0009765625,-0.814453125,-0.7629393935203552,0.4577636420726776,0.4272460639476776,80.0,1900.0,1.0,O,F,O,0
111132.0703125,111222.375,111460.734375,111355.4140625,111475.0390625,111678.6171875,111539.3203125,111602.0,-0.513916015625,0.000244140625,-0.8125,-0.7629393935203552,0.4272460639476776,0.4882812201976776,80.0,1901.0,1.0,O,F,O,0
110654.640625,110744.4921875,110982.5859375,110877.7109375,110997.15625,111200.828125,111061.7109375,111124.03125,-0.51318359375,-0.00048828125,-0.811279296875,-0.7934569716453552,0.4272460639476776,0.4882812201976776,80.0,1902.0,1.0,O,F,O,0
111336.28125,111426.578125,111664.671875,111559.8828125,111679.421875,111883.09375,111743.796875,111806.5625,-0.513427734375,-0.00048828125,-0.812255859375,-0.7019042372703552,0.4882812201976776,0.4272460639476776,80.0,1903.0,1.0,O,F,O,0
111968.296875,112058.953125,112297.1328125,112192.265625,112311.6171875,112515.5546875,112375.9921875,112439.1171875,-0.5146484375,-0.00146484375,-0.814453125,-0.7629393935203552,0.4577636420726776,0.5187987685203552,80.0,1904.0,1.0,O,F,O,0
111436.234375,111526.5390625,111764.8046875,111659.84375,111779.203125,111982.9609375,111844.0234375,111906.7890625,-0.515869140625,-0.000732421875,-0.810302734375,-0.6408690810203552,0.4272460639476776,0.5798339247703552,80.0,1905.0,1.0,O,F,O,0
110803.0546875,110893.359375,111131.625,111027.0234375,111146.109375,111349.6015625,111210.75,111273.25,-0.514892578125,-0.000732421875,-0.808349609375,-0.7324218153953552,0.4272460639476776,0.4882812201976776,80.0,1906.0,1.0,O,F,O,0
111323.40625,111413.9765625,111651.8828125,111547.015625,111666.3671875,111870.0390625,111730.8359375,111793.59375,-0.514892578125,0.000732421875,-0.812744140625,-0.7019042372703552,0.4577636420726776,0.4577636420726776,80.0,1907.0,1.0,O,F,O,0
112088.8203125,112179.296875,112417.5703125,112312.6953125,112432.5,112635.8984375,112496.6015625,112559.6328125,-0.513671875,0.00048828125,-0.809814453125,-0.6408690810203552,0.4272460639476776,0.4272460639476776,80.0,1908.0,1.0,O,F,O,0
111732.171875,111822.7421875,112060.7421875,111955.78125,112075.671875,112279.2578125,112139.8671875,112202.71875,-0.514892578125,-0.002685546875,-0.813720703125,-0.7629393935203552,0.4577636420726776,0.4882812201976776,80.0,1909.0,1.0,O,F,O,0
110985.0859375,111075.65625,111313.75,111208.609375,111328.59375,111531.8984375,111392.4296875,111455.1875,-0.51318359375,-0.003173828125,-0.81201171875,-0.7934569716453552,0.4272460639476776,0.4882812201976776,80.0,1910.0,1.0,O,F,O,0
111312.40625,111402.890625,111641.25,111536.015625,111655.734375,111859.3984375,111719.921875,111782.78125,-0.512939453125,-0.000244140625,-0.810791015625,-0.7629393935203552,0.4882812201976776,0.4882812201976776,80.0,1911.0,1.0,O,F,O,0
112165.9765625,112256.3671875,112494.90625,112389.40625,112509.296875,112713.0546875,112573.40625,112636.5234375,-0.513671875,0.001708984375,-0.8125,-0.7324218153953552,0.4577636420726776,0.4577636420726776,80.0,1912.0,1.0,O,F,O,0
112016.7578125,112107.59375,112346.0390625,112240.5390625,112360.171875,112563.65625,112424.2734375,112487.5703125,-0.513671875,0.001220703125,-0.81201171875,-0.7934569716453552,0.4577636420726776,0.3967284858226776,80.0,1913.0,1.0,O,F,O,0
111209.765625,111300.78125,111539.5,111434.2734375,111553.4453125,111757.03125,111617.9140625,111680.5859375,-0.5126953125,0.000244140625,-0.808837890625,-0.7934569716453552,0.4882812201976776,0.4577636420726776,80.0,1914.0,1.0,O,F,O,0
111325.90625,111417.015625,111655.375,111550.0546875,111669.6796875,111873.703125,111734.140625,111796.90625,-0.512451171875,0.0009765625,-0.81005859375,-0.7324218153953552,0.3967284858226776,0.4577636420726776,80.0,1915.0,1.0,O,F,O,0
112214.8828125,112305.984375,112544.078125,112438.84375,112558.7421875,112763.125,112623.203125,112686.0546875,-0.513427734375,0.00146484375,-0.8125,-0.7934569716453552,0.3662109076976776,0.4577636420726776,80.0,1916.0,1.0,O,F,O,0
112280.59375,112371.5234375,112610.1484375,112504.5625,112624.1875,112828.3046875,112688.46875,112751.6796875,-0.511474609375,0.00244140625,-0.811767578125,-0.7019042372703552,0.5187987685203552,0.5187987685203552,80.0,1917.0,1.0,O,F,O,0
111468.0625,111558.9921875,111797.0859375,111692.03125,111811.296875,112015.1484375,111875.7578125,111938.8828125,-0.512939453125,0.001220703125,-0.8134765625,-0.7324218153953552,0.4882812201976776,0.4882812201976776,80.0,1918.0,1.0,O,F,O,0
111365.6953125,111456.7109375,111694.53125,111589.65625,111709.015625,111912.7734375,111773.4765625,111836.421875,-0.51318359375,0.000244140625,-0.810302734375,-0.8239745497703552,0.3662109076976776,0.4272460639476776,80.0,1919.0,1.0,O,F,O,0
112233.4765625,112324.4921875,112562.8515625,112457.53125,112576.9765625,112781.1875,112641.3515625,112704.921875,-0.51220703125,0.00390625,-0.810302734375,-0.7934569716453552,0.4882812201976776,0.4577636420726776,80.0,1920.0,1.0,O,F,O,0
112512.4296875,112603.4453125,112841.5390625,112735.9453125,112855.5703125,113059.5078125,112919.9453125,112983.3359375,-0.512451171875,0.00390625,-0.8125,-0.7324218153953552,0.5187987685203552,0.4272460639476776,80.0,1921.0,1.0,O,F,O,0
111748.359375,111839.1953125,112077.015625,111971.9609375,112091.140625,112294.8125,112155.6015625,112218.640625,-0.514892578125,0.002197265625,-0.81103515625,-0.7324218153953552,0.5187987685203552,0.4882812201976776,80.0,1922.0,1.0,O,F,O,0
111439.6328125,111530.2890625,111768.4765625,111663.0625,111782.5078125,111986.0859375,111846.96875,111909.9140625,-0.51416015625,0.001708984375,-0.809814453125,-0.7629393935203552,0.5187987685203552,0.5187987685203552,80.0,1923.0,1.0,O,F,O,0
112229.8125,112320.7421875,112558.6484375,112453.5078125,112573.046875,112776.8046875,112637.421875,112700.5390625,-0.515625,0.000732421875,-0.812744140625,-0.8239745497703552,0.5187987685203552,0.5187987685203552,80.0,1924.0,1.0,O,F,O,0
112705.3671875,112796.1171875,113034.03125,112928.9765625,113048.6015625,113252.2734375,113112.9765625,113176.2734375,-0.514892578125,0.000244140625,-0.812744140625,-0.7934569716453552,0.5493163466453552,0.3967284858226776,80.0,1925.0,1.0,O,F,O,0
112041.4296875,112132.0,112370.2734375,112265.125,112384.6640625,112588.2421875,112449.125,112512.0703125,-0.514404296875,-0.0009765625,-0.813232421875,-0.7324218153953552,0.5798339247703552,0.4272460639476776,80.0,1926.0,1.0,O,F,O,0
111542.9921875,111634.0078125,111872.0078125,111767.1328125,111886.3984375,112089.9765625,111950.7734375,112013.8984375,-0.514404296875,-0.000244140625,-0.812255859375,-0.7019042372703552,0.5493163466453552,0.4272460639476776,80.0,1927.0,1.0,O,F,O,0
112209.25,112299.90625,112537.8203125,112432.5859375,112552.125,112756.2421875,112616.859375,112679.9765625,-0.5146484375,0.000732421875,-0.813720703125,-0.7324218153953552,0.5493163466453552,0.4272460639476776,80.0,1928.0,1.0,O,F,O,0
112856.734375,112947.3046875,113185.5703125,113079.984375,113199.703125,113404.171875,113264.5234375,113327.90625,-0.514404296875,0.00146484375,-0.814208984375,-0.7019042372703552,0.5187987685203552,0.3967284858226776,80.0,1929.0,1.0,O,F,O,0
112337.90625,112428.65625,112666.7421875,112561.3359375,112681.3203125,112885.2578125,112745.6015625,112809.171875,-0.513671875,-0.002197265625,-0.8134765625,-0.7324218153953552,0.4577636420726776,0.3967284858226776,80.0,1930.0,1.0,O,F,O,0
111690.6875,111781.34375,112019.4375,111913.9375,112033.8359375,112237.7734375,112098.0234375,112161.1484375,-0.512939453125,-0.0009765625,-0.814453125,-0.6713866591453552,0.4272460639476776,0.4577636420726776,80.0,1931.0,1.0,O,F,O,0
112191.4609375,112282.203125,112520.5625,112415.3359375,112534.6875,112738.625,112598.9765625,112662.09375,-0.511962890625,0.00048828125,-0.81396484375,-0.7019042372703552,0.5187987685203552,0.3967284858226776,80.0,1932.0,1.0,O,F,O,0
112968.9375,113059.5078125,113297.6875,113192.4609375,113311.90625,113516.0234375,113376.3671875,113439.7578125,-0.512451171875,-0.000732421875,-0.815673828125,-0.7324218153953552,0.5187987685203552,0.3967284858226776,80.0,1933.0,1.0,O,F,O,0
112633.484375,112724.234375,112962.234375,112857.0,112976.5390625,113180.5703125,113041.09375,113104.125,-0.5126953125,0.0009765625,-0.813232421875,-0.8239745497703552,0.4272460639476776,0.2746581733226776,80.0,1934.0,1.0,O,F,O,0
111881.6640625,111972.234375,112210.3203125,112105.359375,112224.8984375,112428.296875,112289.265625,112352.125,-0.512939453125,0.00146484375,-0.809814453125,-0.6713866591453552,0.4577636420726776,0.4272460639476776,80.0,1935.0,1.0,O,F,O,0
112187.96875,112278.2734375,112516.8125,112411.484375,112530.578125,112734.515625,112595.0390625,112658.515625,-0.513427734375,0.00146484375,-0.810302734375,-0.7019042372703552,0.4577636420726776,0.4272460639476776,80.0,1936.0,1.0,O,F,O,0
113047.890625,113138.6328125,113376.90625,113271.40625,113390.4921875,113595.4140625,113455.4921875,113519.328125,-0.51318359375,0.0009765625,-0.810546875,-0.7629393935203552,0.4272460639476776,0.4272460639476776,80.0,1937.0,1.0,O,F,O,0
112917.796875,113008.546875,113247.0,113141.4921875,113261.03125,113465.1484375,113325.4921875,113389.0625,-0.51513671875,0.001953125,-0.8115234375,-0.7324218153953552,0.3662109076976776,0.3662109076976776,80.0,1938.0,1.0,O,F,O,0
112107.328125,112198.0703125,112436.25,112331.0234375,112450.5625,112654.5,112514.75,112577.9609375,-0.513671875,0.0,-0.81298828125,-0.6713866591453552,0.3356933295726776,0.3051757514476776,80.0,1939.0,1.0,O,F,O,0
112197.8046875,112288.8203125,112527.2734375,112421.859375,112541.125,112745.515625,112605.3203125,112669.0703125,-0.5126953125,-0.000732421875,-0.81103515625,-0.7019042372703552,0.4577636420726776,0.4272460639476776,80.0,1940.0,1.0,O,F,O,0
113083.6484375,113175.0234375,113413.46875,113307.703125,113427.421875,113631.7109375,113491.4375,113555.5390625,-0.5126953125,0.000732421875,-0.81298828125,-0.6408690810203552,0.3967284858226776,0.4577636420726776,80.0,1941.0,1.0,O,F,O,0
113170.109375,113261.125,113499.2109375,113393.625,113513.6953125,113717.90625,113578.0703125,113641.7265625,-0.51513671875,0.000244140625,-0.8115234375,-0.6408690810203552,0.4577636420726776,0.4577636420726776,80.0,1942.0,1.0,O,F,O,0
112359.453125,112450.3828125,112688.3828125,112582.703125,112702.59375,112906.8046875,112767.0625,112829.9140625,-0.5146484375,0.000732421875,-0.811767578125,-0.7629393935203552,0.4577636420726776,0.5187987685203552,80.0,1943.0,1.0,O,F,O,0
112235.890625,112326.8203125,112564.9140625,112459.40625,112579.125,112782.9765625,112643.234375,112706.265625,-0.514404296875,0.001220703125,-0.813232421875,-0.6713866591453552,0.4272460639476776,0.5187987685203552,80.0,1944.0,1.0,O,F,O,0
113096.1640625,113187.2734375,113425.6328125,113319.953125,113439.84375,113644.140625,113503.6875,113567.7890625,-0.51416015625,0.001220703125,-0.811767578125,-0.7019042372703552,0.3967284858226776,0.3967284858226776,80.0,1945.0,1.0,O,F,O,0
113395.765625,113487.0546875,113725.59375,113619.640625,113739.625,113944.1953125,113803.8203125,113867.65625,-0.514404296875,0.0,-0.81103515625,-0.6408690810203552,0.4272460639476776,0.4272460639476776,80.0,1946.0,1.0,O,F,O,0
112640.9921875,112732.28125,112970.546875,112864.78125,112984.765625,113188.7890625,113049.140625,113112.3515625,-0.517822265625,-0.001708984375,-0.810546875,-0.7324218153953552,0.4882812201976776,0.4272460639476776,80.0,1947.0,1.0,O,F,O,0
112310.90625,112401.921875,112640.1875,112534.78125,112654.3203125,112858.4296875,112718.6015625,112782.078125,-0.515625,-0.0009765625,-0.81298828125,-0.7324218153953552,0.4272460639476776,0.4272460639476776,80.0,1948.0,1.0,O,F,O,0
113091.0703125,113182.0859375,113420.359375,113314.9453125,113434.484375,113638.78125,113498.765625,113562.6953125,-0.514404296875,0.00048828125,-0.816162109375,-0.7019042372703552,0.4882812201976776,0.3967284858226776,80.0,1949.0,1.0,O,F,O,0
113585.046875,113676.4140625,113914.6015625,113809.1015625,113928.453125,114132.6640625,113992.921875,114057.2890625,-0.51171875,-0.00048828125,-0.814208984375,-0.6713866591453552,0.5187987685203552,0.3967284858226776,80.0,1950.0,1.0,O,F,O,0
112933.359375,113024.375,113262.640625,113157.234375,113276.9453125,113480.796875,113340.6015625,113404.9765625,-0.512939453125,0.001220703125,-0.81298828125,-0.6713866591453552,0.5187987685203552,0.3967284858226776,80.0,1951.0,1.0,O,F,O,0
112421.9453125,112512.6953125,112751.0546875,112645.5546875,112765.1796875,112969.03125,112829.1953125,112892.9453125,-0.51171875,-0.001708984375,-0.81005859375,-0.6713866591453552,0.3967284858226776,0.4882812201976776,80.0,1952.0,1.0,O,F,O,0
113072.3828125,113163.3984375,113401.4921875,113295.9921875,113415.7109375,113619.640625,113480.171875,113543.828125,-0.513671875,0.0,-0.8115234375,-0.7629393935203552,0.4882812201976776,0.4882812201976776,80.0,1953.0,1.0,O,F,O,0
113733.28125,113824.03125,114062.390625,113956.4375,114076.6953125,114281.1640625,114141.2421875,114204.8125,-0.512939453125,0.0009765625,-0.810791015625,-0.7324218153953552,0.4577636420726776,0.4272460639476776,80.0,1954.0,1.0,O,F,O,0
113231.3515625,113322.2734375,113560.4609375,113454.421875,113574.5859375,113779.234375,113639.3125,113702.8828125,-0.5126953125,0.0,-0.81298828125,-0.7019042372703552,0.5187987685203552,0.4577636420726776,80.0,1955.0,1.0,O,F,O,0
112571.078125,112661.9140625,112900.09375,112794.5078125,112914.2265625,113118.609375,112978.8671875,113042.5234375,-0.512451171875,0.002685546875,-0.814453125,-0.6408690810203552,0.4577636420726776,0.4577636420726776,80.0,1956.0,1.0,O,F,O,0
113056.6484375,113147.578125,113385.9375,113280.703125,113400.0625,113604.4453125,113464.2578125,113528.359375,-0.5126953125,0.000732421875,-0.811279296875,-0.7324218153953552,0.4272460639476776,0.4272460639476776,80.0,1957.0,1.0,O,F,O,0
113844.4140625,113935.875,114174.328125,114068.6484375,114188.359375,114392.75,114252.6484375,114316.9296875,-0.513671875,-0.000732421875,-0.810302734375,-0.7629393935203552,0.4882812201976776,0.4272460639476776,80.0,1958.0,1.0,O,F,O,0
113528.2734375,113619.5546875,113857.6484375,113752.1484375,113871.953125,114076.421875,113936.1484375,114000.0703125,-0.513427734375,0.000244140625,-0.81103515625,-0.7324218153953552,0.4272460639476776,0.3967284858226776,80.0,1959.0,1.0,O,F,O,0
112765.6328125,112856.015625,113094.5546875,112989.0546875,113108.7734375,113313.15625,113173.234375,113236.4453125,-0.51220703125,0.002197265625,-0.81201171875,-0.6408690810203552,0.4577636420726776,0.4577636420726776,80.0,1960.0,1.0,O,F,O,0
113050.03125,113140.421875,113379.140625,113273.640625,113393.3515625,113597.6484375,113457.7265625,113521.296875,-0.51318359375,0.001708984375,-0.814208984375,-0.7324218153953552,0.3967284858226776,0.3967284858226776,80.0,1961.0,1.0,O,F,O,0
113915.2265625,114006.0625,114244.6015625,114138.6484375,114258.7265625,114463.109375,114323.28125,114387.5625,-0.51318359375,-0.000244140625,-0.812255859375,-0.8239745497703552,0.5187987685203552,0.4882812201976776,80.0,1962.0,1.0,O,F,O,0
113806.59375,113897.4296875,114135.5234375,114029.7578125,114149.7421875,114354.5703125,114214.203125,114278.21875,-0.513671875,0.000244140625,-0.8125,-0.7324218153953552,0.5493163466453552,0.4882812201976776,80.0,1963.0,1.0,O,F,O,0
112994.2421875,113084.546875,113323.171875,113217.578125,113337.1171875,113541.59375,113401.8515625,113465.5078125,-0.515380859375,-0.000244140625,-0.812255859375,-0.6713866591453552,0.4882812201976776,0.3356933295726776,80.0,1964.0,1.0,O,F,O,0
113064.78125,113155.171875,113393.890625,113288.390625,113408.2890625,113612.1328125,113472.484375,113536.046875,-0.51416015625,-0.00048828125,-0.810302734375,-0.7629393935203552,0.4577636420726776,0.4272460639476776,80.0,1965.0,1.0,O,F,O,0
113952.2421875,114043.4375,114282.0625,114176.3828125,114296.2734375,114500.484375,114360.109375,114424.484375,-0.512451171875,0.0009765625,-0.811279296875,-0.6713866591453552,0.4272460639476776,0.3967284858226776,80.0,1966.0,1.0,O,F,O,0
114059.078125,114150.3671875,114388.8125,114282.953125,114402.4921875,114607.5,114467.1328125,114531.59375,-0.512451171875,-0.000732421875,-0.811279296875,-0.6713866591453552,0.5187987685203552,0.4577636420726776,80.0,1967.0,1.0,O,F,O,0
113249.859375,113340.6015625,113579.3203125,113473.734375,113592.8203125,113797.921875,113657.640625,113721.4765625,-0.511962890625,0.000244140625,-0.810302734375,-0.6408690810203552,0.4577636420726776,0.4577636420726776,80.0,1968.0,1.0,O,F,O,0
113107.4296875,113198.09375,113436.453125,113331.484375,113450.6640625,113654.9609375,113515.0390625,113579.0546875,-0.512451171875,0.000732421875,-0.811767578125,-0.6103515028953552,0.3051757514476776,0.5187987685203552,80.0,1969.0,1.0,O,F,O,0
113966.09375,114057.0234375,114295.0234375,114190.0625,114309.421875,114513.984375,114373.7890625,114438.1640625,-0.51416015625,0.0009765625,-0.8095703125,-0.7629393935203552,0.3662109076976776,0.5187987685203552,80.0,1970.0,1.0,O,F,O,0
114283.671875,114374.8671875,114612.953125,114507.90625,114627.3515625,114832.1796875,114691.9921875,114756.453125,-0.51513671875,0.001220703125,-0.810546875,-0.7019042372703552,0.4882812201976776,0.4577636420726776,80.0,1971.0,1.0,O,F,O,0
113532.0234375,113622.7734375,113861.4921875,113756.078125,113875.5234375,114080.0,113939.8984375,114004.0078125,-0.51513671875,0.000732421875,-0.8134765625,-0.7324218153953552,0.4272460639476776,0.4577636420726776,80.0,1972.0,1.0,O,F,O,0
113183.6953125,113274.0859375,113512.7109375,113407.390625,113526.75,113731.1328125,113590.9453125,113654.8671875,-0.513916015625,0.0029296875,-0.810791015625,-0.8239745497703552,0.3967284858226776,0.5187987685203552,80.0,1973.0,1.0,O,F,O,0
113952.953125,114043.703125,114281.703125,114176.5625,114296.1015625,114500.9296875,114360.46875,114424.6640625,-0.511474609375,0.001708984375,-0.809326171875,-0.7629393935203552,0.4272460639476776,0.4882812201976776,80.0,1974.0,1.0,O,F,O,0
114462.484375,114553.4140625,114791.7734375,114686.2734375,114805.71875,115010.8203125,114870.359375,114934.9140625,-0.513916015625,0.000732421875,-0.81005859375,-0.7324218153953552,0.4577636420726776,0.4272460639476776,80.0,1975.0,1.0,O,F,O,0
113823.671875,113914.421875,114152.8671875,114047.3671875,114166.8125,114371.734375,114231.6328125,114295.7421875,-0.513427734375,-0.000244140625,-0.81396484375,-0.6408690810203552,0.3662109076976776,0.4577636420726776,80.0,1976.0,1.0,O,F,O,0
113295.0078125,113385.7578125,113624.0234375,113518.703125,113638.328125,113842.625,113702.6171875,113766.71875,-0.513671875,-0.00048828125,-0.813720703125,-0.6408690810203552,0.4882812201976776,0.3662109076976776,80.0,1977.0,1.0,O,F,O,0
113930.6875,114021.4375,114259.796875,114154.2109375,114273.921875,114478.0390625,114338.4765625,114402.40625,-0.511962890625,0.0,-0.8125,-0.6408690810203552,0.5493163466453552,0.4577636420726776,80.0,1978.0,1.0,O,F,O,0
114604.8203125,114696.015625,114934.28125,114828.3359375,114948.0546875,115152.796875,115013.0546875,115077.15625,-0.512451171875,0.000732421875,-0.811767578125,-0.5798339247703552,0.5798339247703552,0.4882812201976776,80.0,1979.0,1.0,O,F,O,0
114116.390625,114207.4921875,114445.9453125,114340.0,114459.625,114664.546875,114524.625,114588.8125,-0.51220703125,0.00146484375,-0.8154296875,-0.5187987685203552,0.6713866591453552,0.4272460639476776,80.0,1980.0,1.0,O,F,O,0
113444.3203125,113535.15625,113773.78125,113667.921875,113787.640625,113991.7578125,113851.8359375,113916.296875,-0.512451171875,0.00048828125,-0.813232421875,-0.6713866591453552,0.5493163466453552,0.4577636420726776,80.0,1981.0,1.0,O,F,O,0
113910.6640625,114001.59375,114240.21875,114134.8046875,114254.34375,114458.7265625,114318.359375,114383.1796875,-0.513916015625,0.00146484375,-0.809814453125,-0.6713866591453552,0.4577636420726776,0.4577636420726776,80.0,1982.0,1.0,O,F,O,0
114707.7265625,114798.65625,115037.546875,114931.6953125,115051.40625,115256.1484375,115115.6015625,115180.6875,-0.513916015625,0.001220703125,-0.8125,-0.6103515028953552,0.4577636420726776,0.4577636420726776,80.0,1983.0,1.0,O,F,O,0
114406.6015625,114497.4453125,114736.3359375,114630.3046875,114750.109375,114954.9375,114814.390625,114878.8515625,-0.514404296875,0.000244140625,-0.812255859375,-0.6408690810203552,0.4577636420726776,0.3967284858226776,80.0,1984.0,1.0,O,F,O,0
113634.578125,113725.234375,113964.0390625,113858.5390625,113978.1640625,114182.4609375,114042.453125,114106.1953125,-0.51416015625,-0.00048828125,-0.81494140625,-0.7629393935203552,0.3967284858226776,0.4577636420726776,80.0,1985.0,1.0,O,F,O,0
113900.296875,113991.1328125,114229.7578125,114123.8984375,114244.1484375,114448.1796875,114308.078125,114371.9140625,-0.513671875,0.001220703125,-0.81298828125,-0.7934569716453552,0.4272460639476776,0.4577636420726776,80.0,1986.0,1.0,O,F,O,0
114769.7734375,114860.703125,115099.2421875,114993.203125,115113.28125,115317.9296875,115177.46875,115241.7578125,-0.513427734375,0.001953125,-0.810791015625,-0.7934569716453552,0.3967284858226776,0.3356933295726776,80.0,1987.0,1.0,O,F,O,0
114681.7109375,114772.640625,115010.9921875,114905.671875,115025.2109375,115229.8671875,115089.4921875,115153.8671875,-0.512939453125,0.001220703125,-0.812744140625,-0.7324218153953552,0.4577636420726776,0.4272460639476776,80.0,1988.0,1.0,O,F,O,0
113864.6171875,113955.546875,114194.265625,114088.765625,114208.296875,114412.6875,114272.3125,114336.5078125,-0.51318359375,0.003173828125,-0.811279296875,-0.7629393935203552,0.4577636420726776,0.4272460639476776,80.0,1989.0,1.0,O,F,O,0
113914.6015625,114005.4375,114244.0625,114138.7421875,114258.4609375,114462.75,114322.5625,114386.484375,-0.514892578125,0.00390625,-0.8115234375,-0.7019042372703552,0.4882812201976776,0.4577636420726776,80.0,1990.0,1.0,O,F,O,0
114800.9765625,114891.90625,115130.53125,115024.8515625,115144.390625,115349.21875,115208.671875,115273.140625,-0.515869140625,0.001708984375,-0.8115234375,-0.7019042372703552,0.4882812201976776,0.3967284858226776,80.0,1991.0,1.0,O,F,O,0
114928.921875,115019.671875,115258.4765625,115152.5234375,115272.0625,115477.5234375,115336.6171875,115401.34375,-0.512939453125,0.000244140625,-0.8134765625,-0.6408690810203552,0.4882812201976776,0.4577636420726776,80.0,1992.0,1.0,O,F,O,0
114122.109375,114213.0390625,114451.3984375,114345.453125,114465.34375,114670.3515625,114529.71875,114594.09375,-0.512451171875,0.000732421875,-0.812744140625,-0.7324218153953552,0.5187987685203552,0.3967284858226776,80.0,1993.0,1.0,O,F,O,0
113955.0078125,114046.0234375,114284.1171875,114178.4375,114298.421875,114503.34375,114362.4375,114426.8984375,-0.513916015625,0.002197265625,-0.81201171875,-0.7019042372703552,0.5493163466453552,0.3356933295726776,80.0,1994.0,1.0,O,F,O,0
114802.140625,114893.6015625,115131.875,115025.65625,115145.5546875,115351.1875,115209.75,115274.4765625,-0.513671875,0.002197265625,-0.813720703125,-0.6408690810203552,0.4577636420726776,0.3967284858226776,80.0,1995.0,1.0,O,F,O,0
115140.3671875,115232.1015625,115470.4609375,115364.15625,115484.140625,115689.4140625,115548.5078125,115613.328125,-0.51318359375,0.002685546875,-0.81787109375,-0.7324218153953552,0.5187987685203552,0.4272460639476776,80.0,1996.0,1.0,O,F,O,0
114399.1875,114490.5546875,114729.1875,114623.1484375,114743.046875,114948.0546875,114807.234375,114871.7890625,-0.512451171875,0.000244140625,-0.818115234375,-0.7019042372703552,0.3662109076976776,0.4882812201976776,80.0,1997.0,1.0,O,F,O,0
114030.109375,114120.953125,114359.6640625,114253.8046875,114373.5234375,114578.4453125,114437.71875,114502.359375,-0.513427734375,0.000732421875,-0.8134765625,-0.6103515028953552,0.3967284858226776,0.5187987685203552,80.0,1998.0,1.0,O,F,O,0
114785.8671875,114877.0625,115115.421875,115009.8359375,115129.546875,115334.828125,115193.3828125,115258.4765625,-0.514892578125,-0.000244140625,-0.81103515625,-0.7629393935203552,0.4272460639476776,0.5187987685203552,80.0,1999.0,1.0,O,F,O,0
115315.25,115406.625,115644.890625,115539.3046875,115658.9296875,115864.3828125,115723.125,115788.125,-0.51513671875,0.000732421875,-0.809326171875,-0.7019042372703552,0.3967284858226776,0.3662109076976776,80.0,2000.0,1.0,O,F,O,0
114690.6484375,114781.7578125,115020.296875,114914.5234375,115034.5078125,115239.25,115098.4375,115163.4375,-0.5126953125,0.00048828125,-0.8115234375,-0.7324218153953552,0.4882812201976776,0.4577636420726776,80.0,2001.0,1.0,O,F,O,0
114147.7734375,114238.34375,114477.328125,114371.46875,114491.359375,114695.8359375,114555.46875,114620.015625,-0.513916015625,0.0009765625,-0.813720703125,-0.7019042372703552,0.4577636420726776,0.3967284858226776,80.0,2002.0,1.0,O,F,O,0
114769.0625,114860.078125,115098.796875,114993.203125,115112.4765625,115317.84375,115176.84375,115241.578125,-0.51318359375,0.000732421875,-0.814208984375,-0.6713866591453552,0.5187987685203552,0.4577636420726776,80.0,2003.0,1.0,O,F,O,0
115456.2421875,115547.796875,115785.9765625,115680.4765625,115799.8359375,116005.6484375,115864.296875,115929.296875,-0.513427734375,0.000244140625,-0.81201171875,-0.6713866591453552,0.5187987685203552,0.3662109076976776,80.0,2004.0,1.0,O,F,O,0
114987.3046875,115078.5,115316.9453125,115211.1796875,115330.4453125,115536.0859375,115395.359375,115459.90625,-0.513671875,0.001708984375,-0.81298828125,-0.5493163466453552,0.4882812201976776,0.3967284858226776,80.0,2005.0,1.0,O,F,O,0
114302.265625,114393.1953125,114631.9140625,114526.234375,114645.5,114850.6015625,114710.234375,114774.6953125,-0.51220703125,0.00048828125,-0.811767578125,-0.5798339247703552,0.5493163466453552,0.4272460639476776,80.0,2006.0,1.0,O,F,O,0
114748.765625,114839.6953125,115078.2265625,114972.375,115091.7265625,115297.1015625,115156.4609375,115220.921875,-0.51318359375,0.002197265625,-0.810546875,-0.6408690810203552,0.5187987685203552,0.4577636420726776,80.0,2007.0,1.0,O,F,O,0
115556.5546875,115647.9296875,115886.46875,115780.4296875,115900.234375,116105.609375,115964.7890625,116029.609375,-0.51318359375,0.0,-0.814208984375,-0.7324218153953552,0.4577636420726776,0.3967284858226776,80.0,2008.0,1.0,O,F,O,0
115281.0078125,115372.6484375,115610.828125,115504.96875,115624.7734375,115829.9609375,115689.234375,115754.234375,-0.51220703125,-0.000244140625,-0.8125,-0.6713866591453552,0.3662109076976776,0.4272460639476776,80.0,2009.0,1.0,O,F,O,0
114501.8203125,114592.8359375,114831.46875,114725.7890625,114844.96875,115050.15625,114909.875,114974.515625,-0.514892578125,0.000732421875,-0.8154296875,-0.6713866591453552,0.5187987685203552,0.4577636420726776,80.0,2010.0,1.0,O,F,O,0
114743.3125,114834.7734375,115072.8671875,114967.453125,115086.546875,115291.734375,115151.1875,115216.2734375,-0.515625,0.000732421875,-0.815185546875,-0.7324218153953552,0.5798339247703552,0.4882812201976776,80.0,2011.0,1.0,O,F,O,0
115616.90625,115708.3671875,115946.7265625,115841.046875,115960.2265625,116165.8671875,116025.140625,116090.3203125,-0.513916015625,0.00048828125,-0.81103515625,-0.7324218153953552,0.4882812201976776,0.4577636420726776,80.0,2012.0,1.0,O,F,O,0
115546.2734375,115637.46875,115876.1015625,115770.6875,115889.5078125,116095.3203125,115954.5078125,116019.7734375,-0.51318359375,-0.00146484375,-0.81103515625,-0.7629393935203552,0.3967284858226776,0.4272460639476776,80.0,2013.0,1.0,O,F,O,0
114729.3671875,114820.109375,115058.5625,114953.1484375,115072.1484375,115277.3359375,115136.703125,115201.703125,-0.51171875,-0.001220703125,-0.8134765625,-0.6408690810203552,0.3662109076976776,0.4272460639476776,80.0,2014.0,1.0,O,F,O,0
114758.0625,114848.8984375,115087.4375,114982.203125,115101.1171875,115306.484375,115165.8515625,115230.4921875,-0.513916015625,-0.0009765625,-0.813232421875,-0.7019042372703552,0.4577636420726776,0.3967284858226776,80.0,2015.0,1.0,O,F,O,0
115642.5703125,115733.9375,115972.65625,115866.9765625,115986.4296875,116191.34375,116050.6171875,116115.6171875,-0.514404296875,0.0009765625,-0.816162109375,-0.6713866591453552,0.4272460639476776,0.3967284858226776,80.0,2016.0,1.0,O,F,O,0
115793.0390625,115883.875,116122.59375,116017.0,116136.453125,116341.640625,116200.8203125,116266.359375,-0.5146484375,0.00146484375,-0.8125,-0.7324218153953552,0.4577636420726776,0.3662109076976776,80.0,2017.0,1.0,O,F,O,0
114992.578125,115083.59375,115321.59375,115216.3671875,115335.71875,115540.9140625,115400.1875,115464.828125,-0.513427734375,0.001953125,-0.81201171875,-0.7324218153953552,0.4882812201976776,0.3662109076976776,80.0,2018.0,1.0,O,F,O,0
114806.4296875,114897.71875,115135.8984375,115030.21875,115149.578125,115354.765625,115214.125,115279.125,-0.513916015625,0.00048828125,-0.813232421875,-0.7019042372703552,0.5493163466453552,0.4577636420726776,80.0,2019.0,1.0,O,F,O,0
115648.46875,115739.84375,115978.203125,115871.984375,115991.5234375,116196.9765625,116056.34375,116121.609375,-0.51318359375,0.00048828125,-0.810791015625,-0.6713866591453552,0.4882812201976776,0.4577636420726776,80.0,2020.0,1.0,O,F,O,0
116006.8984375,116097.9140625,116336.6328125,116230.7734375,116350.1328125,116555.5,116414.953125,116479.953125,-0.51416015625,-0.0009765625,-0.80908203125,-0.7019042372703552,0.5187987685203552,0.4882812201976776,80.0,2021.0,1.0,O,F,O,0
115276.0,115367.4609375,115605.5546875,115500.0546875,115619.3203125,115824.5078125,115684.140625,115748.875,-0.514892578125,-0.000244140625,-0.8115234375,-0.7324218153953552,0.5187987685203552,0.6408690810203552,80.0,2022.0,1.0,O,F,O,0
114889.2265625,114980.328125,115218.2421875,115113.1015625,115232.546875,115437.2890625,115297.1875,115361.921875,-0.51416015625,0.001953125,-0.81201171875,-0.7019042372703552,0.4577636420726776,0.5493163466453552,80.0,2023.0,1.0,O,F,O,0
115636.21875,115727.7734375,115966.0390625,115860.359375,115979.9921875,116185.0859375,116044.5390625,116109.2734375,-0.513427734375,0.001220703125,-0.811279296875,-0.6713866591453552,0.4272460639476776,0.4577636420726776,80.0,2024.0,1.0,O,F,O,0
116181.515625,116273.3359375,116511.0625,116405.296875,116525.015625,116730.5625,116589.921875,116654.8359375,-0.512939453125,0.001953125,-0.813232421875,-0.6408690810203552,0.4882812201976776,0.4577636420726776,80.0,2025.0,1.0,O,F,O,0
115567.734375,115659.1953125,115897.109375,115791.25,115910.96875,116116.515625,115975.6953125,116040.609375,-0.51513671875,0.002685546875,-0.81298828125,-0.6408690810203552,0.4577636420726776,0.3967284858226776,80.0,2026.0,1.0,O,F,O,0
115009.1171875,115100.1328125,115338.2265625,115232.90625,115352.0859375,115557.2734375,115416.6328125,115481.453125,-0.514892578125,0.0029296875,-0.811767578125,-0.5493163466453552,0.4882812201976776,0.3967284858226776,80.0,2027.0,1.0,O,F,O,0
115614.3125,115705.6015625,115943.8671875,115838.0078125,115957.546875,116162.828125,116022.28125,116087.1875,-0.514892578125,-0.00048828125,-0.811279296875,-0.6408690810203552,0.5187987685203552,0.3356933295726776,80.0,2028.0,1.0,O,F,O,0
116314.3671875,116406.1953125,116644.28125,116538.421875,116658.140625,116863.7734375,116722.78125,116788.40625,-0.5146484375,0.000732421875,-0.8095703125,-0.6408690810203552,0.5493163466453552,0.3967284858226776,80.0,2029.0,1.0,O,F,O,0
115862.6875,115954.0625,116192.328125,116086.828125,116206.1015625,116411.5546875,116270.46875,116335.828125,-0.514892578125,0.00146484375,-0.809814453125,-0.7629393935203552,0.4577636420726776,0.3662109076976776,80.0,2030.0,1.0,O,F,O,0
115164.953125,115256.5078125,115494.7734375,115389.1875,115508.28125,115713.734375,115572.7421875,115637.6484375,-0.5146484375,0.00244140625,-0.809814453125,-0.6408690810203552,0.4577636420726776,0.5493163466453552,80.0,2031.0,1.0,O,F,O,0
115591.9609375,115683.875,115921.9609375,115816.015625,115935.375,116141.1015625,115999.9296875,116065.1015625,-0.5146484375,0.000244140625,-0.8115234375,-0.7629393935203552,0.4272460639476776,0.4577636420726776,80.0,2032.0,1.0,O,F,O,0
116405.5625,116497.390625,116735.4765625,116629.796875,116749.0703125,116955.0625,116814.0703125,116879.3359375,-0.515625,0.001220703125,-0.810546875,-0.6713866591453552,0.3356933295726776,0.4882812201976776,80.0,2033.0,1.0,O,F,O,0
116147.8984375,116239.265625,116477.453125,116371.9453125,116491.3046875,116696.765625,116555.7734375,116621.125,-0.5146484375,0.0009765625,-0.811279296875,-0.7019042372703552,0.3967284858226776,0.4577636420726776,80.0,2034.0,1.0,O,F,O,0
115364.8671875,115456.2421875,115694.515625,115588.65625,115707.921875,115913.2890625,115772.65625,115837.3828125,-0.51513671875,0.001220703125,-0.813232421875,-0.6713866591453552,0.5493163466453552,0.4882812201976776,80.0,2035.0,1.0,O,F,O,0
115587.2265625,115678.6875,115917.3125,115811.453125,115930.546875,116135.828125,115995.28125,116060.6328125,-0.515869140625,0.0009765625,-0.81298828125,-0.7019042372703552,0.4272460639476776,0.3967284858226776,80.0,2036.0,1.0,O,F,O,0
116462.0703125,116553.984375,116791.890625,116686.2109375,116805.5703125,117011.2109375,116869.9453125,116935.9296875,-0.51513671875,0.001220703125,-0.813232421875,-0.7324218153953552,0.3967284858226776,0.4272460639476776,80.0,2037.0,1.0,O,F,O,0
116413.4375,116504.984375,116743.078125,116637.484375,116756.84375,116962.484375,116821.484375,116887.203125,-0.514404296875,0.001220703125,-0.81396484375,-0.6103515028953552,0.4882812201976776,0.4577636420726776,80.0,2038.0,1.0,O,F,O,0
115595.09375,115686.1953125,115924.828125,115818.7890625,115938.7734375,116143.6015625,116003.1484375,116068.4140625,-0.5146484375,0.0009765625,-0.81005859375,-0.7324218153953552,0.4577636420726776,0.4577636420726776,80.0,2039.0,1.0,O,F,O,0
115603.765625,115694.9609375,115933.40625,115827.28125,115947.3515625,116152.1875,116011.7265625,116076.9921875,-0.51318359375,0.0,-0.8125,-0.6713866591453552,0.4882812201976776,0.4882812201976776,80.0,2040.0,1.0,O,F,O,0
116486.4765625,116577.8515625,116815.8515625,116710.4453125,116829.7109375,117035.4375,116894.7109375,116960.3359375,-0.51416015625,0.001220703125,-0.811767578125,-0.6713866591453552,0.5493163466453552,0.4882812201976776,80.0,2041.0,1.0,O,F,O,0
116653.3125,116744.8671875,116982.78125,116877.6328125,116996.6328125,117202.1796875,117061.7265625,117127.2578125,-0.513671875,0.00244140625,-0.809814453125,-0.7324218153953552,0.5493163466453552,0.3967284858226776,80.0,2042.0,1.0,O,F,O,0
115852.140625,115943.2421875,116181.15625,116075.65625,116195.015625,116400.3828125,116259.8359375,116324.921875,-0.51416015625,0.001708984375,-0.813720703125,-0.7324218153953552,0.5187987685203552,0.5187987685203552,80.0,2043.0,1.0,O,F,O,0
115646.5,115737.609375,115975.515625,115870.015625,115989.46875,116194.8359375,116054.5546875,116119.375,-0.514892578125,0.002197265625,-0.811767578125,-0.7629393935203552,0.4882812201976776,0.4577636420726776,80.0,2044.0,1.0,O,F,O,0
116483.8828125,116574.7265625,116812.9921875,116707.046875,116826.4921875,117032.578125,116891.7578125,116956.9375,-0.5146484375,0.002197265625,-0.810302734375,-0.7019042372703552,0.4882812201976776,0.4882812201976776,80.0,2045.0,1.0,O,F,O,0
116859.0390625,116950.234375,117188.3203125,117082.46875,117201.9140625,117408.0859375,117266.734375,117332.8046875,-0.513916015625,0.002197265625,-0.809814453125,-0.6713866591453552,0.4882812201976776,0.4577636420726776,80.0,2046.0,1.0,O,F,O,0
116133.6796875,116224.9609375,116462.6953125,116357.375,116476.8203125,116682.7265625,116541.5546875,116607.265625,-0.51171875,0.001708984375,-0.813232421875,-0.6103515028953552,0.4882812201976776,0.5493163466453552,80.0,2047.0,1.0,O,F,O,0
115727.1484375,115818.5234375,116056.4296875,115951.109375,116070.6484375,116276.28125,116135.2890625,116200.734375,-0.512939453125,0.000244140625,-0.813232421875,-0.6713866591453552,0.5187987685203552,0.4577636420726776,80.0,2048.0,1.0,O,F,O,0
116463.3203125,116554.3359375,116792.4296875,116687.015625,116806.5546875,117012.375,116871.015625,116937.0,-0.51171875,-0.00048828125,-0.81494140625,-0.7324218153953552,0.4882812201976776,0.4577636420726776,80.0,2049.0,1.0,O,F,O,0
117028.375,117119.75,117358.109375,117252.515625,117371.6953125,117577.6953125,117436.4296875,117502.5859375,-0.51171875,-0.000244140625,-0.814697265625,-0.7629393935203552,0.5187987685203552,0.4577636420726776,80.0,2050.0,1.0,O,F,O,0
116427.46875,116519.0234375,116757.296875,116651.8828125,116770.96875,116976.96875,116835.96875,116901.7734375,-0.513671875,0.000244140625,-0.8125,-0.7019042372703552,0.4577636420726776,0.4882812201976776,80.0,2051.0,1.0,O,F,O,0
115852.765625,115944.046875,116182.4921875,116077.265625,116196.3515625,116401.71875,116260.7265625,116326.4375,-0.512451171875,-0.000244140625,-0.811767578125,-0.6408690810203552,0.3967284858226776,0.4272460639476776,80.0,2052.0,1.0,O,F,O,0
116444.546875,116536.0078125,116774.015625,116668.421875,116787.78125,116993.59375,116852.3359375,116918.5859375,-0.51513671875,0.0009765625,-0.812744140625,-0.7324218153953552,0.4577636420726776,0.4577636420726776,80.0,2053.0,1.0,O,F,O,0
117156.9453125,117249.1171875,117486.9453125,117381.171875,117500.4453125,117706.8828125,117565.53125,117631.6953125,-0.51513671875,0.0009765625,-0.813720703125,-0.7934569716453552,0.3967284858226776,0.4272460639476776,80.0,2054.0,1.0,O,F,O,0
116719.296875,116811.0234375,117049.3828125,116943.078125,117062.796875,117268.703125,117127.8828125,117193.421875,-0.513671875,0.000732421875,-0.809814453125,-0.7019042372703552,0.4577636420726776,0.4882812201976776,80.0,2055.0,1.0,O,F,O,0
116013.4296875,116104.53125,116343.0703125,116236.765625,116356.390625,116562.03125,116421.484375,116486.65625,-0.5146484375,0.001220703125,-0.81005859375,-0.6713866591453552,0.5187987685203552,0.3967284858226776,80.0,2056.0,1.0,O,F,O,0
116424.96875,116516.1640625,116754.703125,116648.75,116768.203125,116974.1015625,116832.84375,116898.734375,-0.513671875,0.001220703125,-0.81298828125,-0.7629393935203552,0.5798339247703552,0.3051757514476776,80.0,2057.0,1.0,O,F,O,0
117246.796875,117338.6171875,117576.7109375,117471.03125,117590.5625,117796.6484375,117655.3828125,117721.3671875,-0.51513671875,0.000732421875,-0.810791015625,-0.7629393935203552,0.4577636420726776,0.3356933295726776,80.0,2058.0,1.0,O,F,O,0
117003.34375,117095.25,117333.25,117227.484375,117346.75,117552.8359375,117411.5703125,117477.6484375,-0.51416015625,0.000732421875,-0.8115234375,-0.7324218153953552,0.5187987685203552,0.4272460639476776,80.0,2059.0,1.0,O,F,O,0
116214.328125,116305.7890625,116544.328125,116438.375,116557.734375,116763.8203125,116622.5546875,116688.1796875,-0.51318359375,0.0009765625,-0.812255859375,-0.7324218153953552,0.4577636420726776,0.4272460639476776,80.0,2060.0,1.0,O,F,O,0
116419.15625,116510.890625,116748.890625,116643.390625,116762.75,116968.3828125,116827.921875,116893.3671875,-0.514404296875,0.001953125,-0.81005859375,-0.7019042372703552,0.4882812201976776,0.4577636420726776,80.0,2061.0,1.0,O,F,O,0
117296.8671875,117388.7734375,117626.7734375,117520.921875,117640.453125,117846.5390625,117705.453125,117771.6171875,-0.51611328125,0.002197265625,-0.808837890625,-0.8544921278953552,0.4882812201976776,0.4272460639476776,80.0,2062.0,1.0,O,F,O,0
117268.34375,117360.4296875,117598.2578125,117492.3046875,117612.1171875,117818.109375,117676.6640625,117742.734375,-0.51708984375,0.00146484375,-0.80859375,-0.7019042372703552,0.3662109076976776,0.4577636420726776,80.0,2063.0,1.0,O,F,O,0
116448.9296875,116540.5703125,116778.75,116673.1640625,116792.4296875,116998.2421875,116857.3359375,116922.515625,-0.513671875,0.00146484375,-0.812744140625,-0.7324218153953552,0.4272460639476776,0.3967284858226776,80.0,2064.0,1.0,O,F,O,0
116436.234375,116527.609375,116765.7890625,116660.375,116779.109375,116985.28125,116844.5546875,116909.8203125,-0.51318359375,0.00048828125,-0.81298828125,-0.7324218153953552,0.5493163466453552,0.4577636420726776,80.0,2065.0,1.0,O,F,O,0
117316.3515625,117408.265625,117646.1796875,117540.5859375,117659.40625,117865.9375,117724.859375,117790.75,-0.511962890625,0.000732421875,-0.81298828125,-0.7629393935203552,0.5187987685203552,0.4577636420726776,80.0,2066.0,1.0,O,F,O,0
117504.5546875,117596.6484375,117834.6484375,117728.7890625,117848.0546875,118054.234375,117913.1484375,117979.21875,-0.512451171875,0.0,-0.814208984375,-0.8239745497703552,0.4577636420726776,0.3662109076976776,80.0,2067.0,1.0,O,F,O,0
116710.4453125,116802.171875,117040.359375,116934.3203125,117054.03125,117259.9375,117118.9453125,117184.4765625,-0.514404296875,-0.00048828125,-0.815185546875,-0.7019042372703552,0.5187987685203552,0.3967284858226776,80.0,2068.0,1.0,O,F,O,0
116482.3671875,116573.7421875,116812.1015625,116705.9765625,116825.78125,117031.234375,116890.6015625,116955.6015625,-0.51513671875,0.0,-0.811767578125,-0.7019042372703552,0.5493163466453552,0.3967284858226776,80.0,2069.0,1.0,O,F,O,0
117310.2734375,117401.9140625,117640.2734375,117534.0625,117653.6875,117859.4140625,117718.59375,117784.21875,-0.513916015625,0.000732421875,-0.813720703125,-0.6713866591453552,0.4882812201976776,0.4882812201976776,80.0,2070.0,1.0,O,F,O,0
117706.4375,117798.3515625,118036.3515625,117930.1328125,118049.671875,118255.84375,118114.578125,118180.921875,-0.512939453125,0.0009765625,-0.814208984375,-0.7629393935203552,0.4882812201976776,0.4577636420726776,80.0,2071.0,1.0,O,F,O,0
116993.0625,117084.7890625,117322.7890625,117217.109375,117336.3828125,117542.5546875,117401.2890625,117467.1875,-0.51171875,0.0009765625,-0.8115234375,-0.7019042372703552,0.4882812201976776,0.4272460639476776,80.0,2072.0,1.0,O,F,O,0
116569.625,116661.2734375,116899.2734375,116794.0390625,116913.0390625,117118.765625,116977.953125,117043.3046875,-0.51220703125,0.00048828125,-0.815673828125,-0.6713866591453552,0.4577636420726776,0.4272460639476776,80.0,2073.0,1.0,O,F,O,0
117291.859375,117383.5859375,117621.5,117516.1796875,117635.09375,117841.4453125,117699.8203125,117766.25,-0.512939453125,-0.0009765625,-0.8134765625,-0.7629393935203552,0.4882812201976776,0.4577636420726776,80.0,2074.0,1.0,O,F,O,0
117870.5,117962.5859375,118200.3203125,118094.640625,118214.0,118420.53125,118278.640625,118345.25,-0.513916015625,-0.001953125,-0.812255859375,-0.6713866591453552,0.4882812201976776,0.4882812201976776,80.0,2075.0,1.0,O,F,O,0
117283.5390625,117375.6328125,117613.453125,117507.59375,117627.1328125,117833.578125,117692.046875,117758.203125,-0.5146484375,0.001220703125,-0.810791015625,-0.7324218153953552,0.4882812201976776,0.3967284858226776,80.0,2076.0,1.0,O,F,O,0
116691.3984375,116783.3984375,117021.3125,116915.453125,117034.8984375,117241.078125,117100.2578125,117165.5234375,-0.516357421875,0.001953125,-0.8125,-0.7324218153953552,0.4882812201976776,0.3662109076976776,80.0,2077.0,1.0,O,F,O,0
117264.765625,117356.859375,117594.6796875,117488.734375,117608.4453125,117814.796875,117673.5390625,117739.3359375,-0.516357421875,0.0009765625,-0.814453125,-0.6713866591453552,0.4882812201976776,0.3662109076976776,80.0,2078.0,1.0,O,F,O,0
117990.6640625,118083.0234375,118320.6640625,118214.8046875,118334.609375,118541.140625,118399.5234375,118465.5,-0.513916015625,0.0029296875,-0.814697265625,-0.7019042372703552,0.4577636420726776,0.4272460639476776,80.0,2079.0,1.0,O,F,O,0
117575.90625,117668.0859375,117906.0859375,117799.8671875,117919.40625,118125.84375,117984.40625,118050.2109375,-0.514404296875,0.002685546875,-0.81396484375,-0.7324218153953552,0.4577636420726776,0.3662109076976776,80.0,2080.0,1.0,O,F,O,0
116857.1640625,116949.0703125,117187.25,117081.2109375,117200.84375,117406.4765625,117266.015625,117331.375,-0.51171875,0.001953125,-0.8115234375,-0.6103515028953552,0.4272460639476776,0.3662109076976776,80.0,2081.0,1.0,O,F,O,0
117244.5625,117336.5625,117574.828125,117468.796875,117588.421875,117794.1484375,117653.328125,117719.1328125,-0.5126953125,0.001953125,-0.809326171875,-0.7019042372703552,0.4272460639476776,0.4272460639476776,80.0,2082.0,1.0,O,F,O,0
118073.8984375,118165.9921875,118403.9921875,118297.8671875,118417.671875,118623.9296875,118482.671875,118548.7421875,-0.5126953125,0.001220703125,-0.811279296875,-0.7324218153953552,0.3662109076976776,0.4577636420726776,80.0,2083.0,1.0,O,F,O,0
117852.4375,117944.171875,118182.2578125,118076.1328125,118196.03125,118402.46875,118260.7578125,118327.1875,-0.514892578125,0.001708984375,-0.813232421875,-0.7019042372703552,0.3967284858226776,0.4882812201976776,80.0,2084.0,1.0,O,F,O,0
117056.0,117147.640625,117386.09375,117279.96875,117399.5,117605.5859375,117464.59375,117530.21875,-0.513671875,0.00146484375,-0.810302734375,-0.7019042372703552,0.4272460639476776,0.4272460639476776,80.0,2085.0,1.0,O,F,O,0
117238.75,117330.3046875,117569.109375,117462.625,117582.34375,117788.2421875,117647.4296875,117713.0546875,-0.514404296875,0.0,-0.8134765625,-0.7019042372703552,0.4577636420726776,0.4272460639476776,80.0,2086.0,1.0,O,F,O,0
118120.390625,118212.8359375,118450.9296875,118344.5390625,118464.0703125,118670.6015625,118529.4296875,118595.3203125,-0.51318359375,-0.000244140625,-0.810302734375,-0.7324218153953552,0.4577636420726776,0.5187987685203552,80.0,2087.0,1.0,O,F,O,0
118113.2421875,118205.328125,118443.5078125,118337.296875,118456.828125,118663.453125,118522.1875,118588.3515625,-0.513671875,0.000732421875,-0.81201171875,-0.7934569716453552,0.4272460639476776,0.5187987685203552,80.0,2088.0,1.0,O,F,O,0
117293.5546875,117385.1953125,117623.734375,117517.703125,117637.1484375,117843.3203125,117702.0546875,117767.859375,-0.51513671875,0.001220703125,-0.81005859375,-0.7629393935203552,0.3662109076976776,0.5187987685203552,80.0,2089.0,1.0,O,F,O,0
117257.96875,117348.9921875,117587.703125,117481.4921875,117601.1171875,117807.203125,117666.296875,117731.828125,-0.514404296875,0.000732421875,-0.809814453125,-0.7019042372703552,0.3662109076976776,0.5187987685203552,80.0,2090.0,1.0,O,F,O,0
118133.7109375,118225.4453125,118463.890625,118357.5859375,118477.484375,118683.5703125,118542.125,118608.5546875,-0.5126953125,0.000244140625,-0.81005859375,-0.6713866591453552,0.3967284858226776,0.4577636420726776,80.0,2091.0,1.0,O,F,O,0
118345.4296875,118436.890625,118675.5234375,118569.390625,118689.375,118895.1953125,118754.015625,118820.625,-0.5146484375,-0.0009765625,-0.80859375,-0.7019042372703552,0.3967284858226776,0.3967284858226776,80.0,2092.0,1.0,O,F,O,0
117558.46875,117649.9296875,117888.109375,117782.4296875,117901.96875,118107.7890625,117966.96875,118033.1328125,-0.512939453125,0.000732421875,-0.8125,-0.7019042372703552,0.4577636420726776,0.3967284858226776,80.0,2093.0,1.0,O,F,O,0
117308.578125,117399.953125,117638.3984375,117532.5390625,117651.8984375,117857.984375,117716.8984375,117782.96875,-0.512451171875,-0.000732421875,-0.812255859375,-0.6408690810203552,0.4882812201976776,0.4577636420726776,80.0,2094.0,1.0,O,F,O,0
118128.6171875,118220.3515625,118458.3515625,118352.4921875,118471.9375,118678.46875,118537.2109375,118603.4609375,-0.5126953125,0.000732421875,-0.8154296875,-0.6103515028953552,0.4882812201976776,0.4577636420726776,80.0,2095.0,1.0,O,F,O,0
118543.5546875,118635.375,118873.6484375,118767.609375,118886.7890625,119093.765625,118952.3203125,119018.6640625,-0.513671875,-0.00048828125,-0.817138671875,-0.6408690810203552,0.4272460639476776,0.4577636420726776,80.0,2096.0,1.0,O,F,O,0
117840.28125,117932.1875,118170.1953125,118064.2421875,118183.6953125,118390.046875,118248.78125,118315.03125,-0.51318359375,0.001220703125,-0.814208984375,-0.7019042372703552,0.3662109076976776,0.4577636420726776,80.0,2097.0,1.0,O,F,O,0
117397.0859375,117488.9140625,117727.0,117621.0546875,117740.59375,117946.671875,117805.765625,117871.484375,-0.512939453125,0.001220703125,-0.81396484375,-0.7324218153953552,0.3967284858226776,0.4577636420726776,80.0,2098.0,1.0,O,F,O,0
118106.1796875,118198.0859375,118436.0859375,118330.2265625,118449.859375,118656.296875,118514.765625,118581.015625,-0.514404296875,0.002685546875,-0.814453125,-0.7934569716453552,0.4272460639476776,0.4882812201976776,80.0,2099.0,1.0,O,F,O,0
118702.0703125,118794.34375,119032.5234375,118926.3046875,119046.0234375,119252.5546875,119110.75,119177.5390625,-0.51611328125,0.001220703125,-0.813232421875,-0.7324218153953552,0.4577636420726776,0.5187987685203552,80.0,2100.0,1.0,O,F,O,0
118130.8515625,118222.9453125,118461.2109375,118354.8203125,118474.4453125,118681.0625,118539.265625,118605.78125,-0.51318359375,-0.000732421875,-0.814697265625,-0.7629393935203552,0.4577636420726776,0.4577636420726776,80.0,2101.0,1.0,O,F,O,0
117522.703125,117614.703125,117852.796875,117746.671875,117865.9375,118072.5625,117931.203125,117997.0078125,-0.5146484375,0.0,-0.812744140625,-0.7019042372703552,0.4882812201976776,0.4882812201976776,80.0,2102.0,1.0,O,F,O,0
118079.0,118171.53125,118409.53125,118303.3203125,118422.6796875,118629.296875,118487.765625,118554.015625,-0.51513671875,0.000244140625,-0.81298828125,-0.7629393935203552,0.5493163466453552,0.4272460639476776,80.0,2103.0,1.0,O,F,O,0
118819.375,118912.2734375,119150.1796875,119043.875,119163.234375,119369.5859375,119228.5,119295.109375,-0.51416015625,0.000244140625,-0.8125,-0.7019042372703552,0.5187987685203552,0.4577636420726776,80.0,2104.0,1.0,O,F,O,0
118421.15625,118513.6953125,118751.6953125,118645.5703125,118765.109375,118971.3671875,118830.1953125,118896.625,-0.513671875,0.000244140625,-0.8134765625,-0.7324218153953552,0.5493163466453552,0.4272460639476776,80.0,2105.0,1.0,O,F,O,0
117692.578125,117784.84375,118022.8515625,117916.453125,118036.53125,118242.25,118101.3515625,118167.5078125,-0.514404296875,0.001708984375,-0.811767578125,-0.6713866591453552,0.5493163466453552,0.3662109076976776,80.0,2106.0,1.0,O,F,O,0
118061.296875,118153.46875,118391.4765625,118285.3515625,118405.15625,118611.1484375,118469.9765625,118536.046875,-0.513916015625,0.00341796875,-0.81298828125,-0.6713866591453552,0.4577636420726776,0.4882812201976776,80.0,2107.0,1.0,O,F,O,0
118897.875,118990.140625,119228.59375,119122.109375,119241.734375,119448.53125,119306.9140625,119373.34375,-0.514404296875,0.002685546875,-0.811767578125,-0.8239745497703552,0.4272460639476776,0.5187987685203552,80.0,2108.0,1.0,O,F,O,0
118697.78125,118790.046875,119028.3203125,118921.65625,119041.5546875,119248.171875,119106.640625,119173.0703125,-0.515380859375,0.00146484375,-0.813232421875,-0.8239745497703552,0.5493163466453552,0.4882812201976776,80.0,2109.0,1.0,O,F,O,0
117897.234375,117989.234375,118227.4140625,118120.8359375,118240.8203125,118447.0859375,118305.5546875,118371.984375,-0.5146484375,-0.000244140625,-0.81494140625,-0.7019042372703552,0.4882812201976776,0.5493163466453552,80.0,2110.0,1.0,O,F,O,0
118057.1796875,118149.0,118387.2734375,118280.609375,118400.59375,118606.8515625,118465.5,118532.0234375,-0.5146484375,-0.001220703125,-0.812255859375,-0.6713866591453552,0.4272460639476776,0.4577636420726776,80.0,2111.0,1.0,O,F,O,0
118940.1640625,119032.34375,119270.609375,119163.6796875,119283.6640625,119490.2890625,119348.84375,119415.1875,-0.5146484375,-0.0009765625,-0.8095703125,-0.7019042372703552,0.4272460639476776,0.4272460639476776,80.0,2112.0,1.0,O,F,O,0
118958.046875,119050.3125,119288.40625,119181.828125,119301.4609375,119508.4375,119366.6328125,119433.0625,-0.515625,-0.000244140625,-0.8115234375,-0.7629393935203552,0.4882812201976776,0.4577636420726776,80.0,2113.0,1.0,O,F,O,0
118139.96875,118231.796875,118469.796875,118363.9375,118483.203125,118690.09375,118548.5625,118614.2734375,-0.513671875,0.00048828125,-0.812255859375,-0.7629393935203552,0.4272460639476776,0.4577636420726776,80.0,2114.0,1.0,O,F,O,0
118081.4140625,118173.140625,118411.5,118305.2890625,118424.8203125,118631.7109375,118490.1796875,118555.984375,-0.513671875,0.0009765625,-0.813232421875,-0.7324218153953552,0.5798339247703552,0.5187987685203552,80.0,2115.0,1.0,O,F,O,0
118952.7734375,119044.859375,119283.3125,119177.09375,119296.71875,119503.4296875,119361.984375,119428.59375,-0.513671875,0.001220703125,-0.8095703125,-0.7324218153953552,0.4882812201976776,0.4882812201976776,80.0,2116.0,1.0,O,F,O,0
119182.1015625,119274.546875,119512.546875,119406.5078125,119525.9609375,119732.578125,119590.8671875,119658.015625,-0.513671875,0.00244140625,-0.81201171875,-0.7019042372703552,0.5187987685203552,0.3967284858226776,80.0,2117.0,1.0,O,F,O,0
118398.265625,118490.5390625,118728.4453125,118622.3203125,118741.953125,118948.4765625,118806.9453125,118873.375,-0.51318359375,0.0009765625,-0.81298828125,-0.7324218153953552,0.5493163466453552,0.3967284858226776,80.0,2118.0,1.0,O,F,O,0
118131.2109375,118223.296875,118461.390625,118354.7265625,118474.8046875,118681.328125,118540.0703125,118606.2265625,-0.5126953125,0.0009765625,-0.813232421875,-0.7629393935203552,0.4577636420726776,0.4577636420726776,80.0,2119.0,1.0,O,F,O,0
118941.7734375,119034.1328125,119272.578125,119165.9140625,119285.3671875,119492.25,119350.8125,119417.6875,-0.512451171875,-0.0009765625,-0.813720703125,-0.7324218153953552,0.5187987685203552,0.5187987685203552,80.0,2120.0,1.0,O,F,O,0
119375.484375,119467.9375,119706.0234375,119599.453125,119719.1640625,119925.96875,119784.2578125,119851.21875,-0.51220703125,-0.002197265625,-0.81396484375,-0.7324218153953552,0.5798339247703552,0.4577636420726776,80.0,2121.0,1.0,O,F,O,0
118683.2109375,118775.4765625,119013.4765625,118906.8125,119026.7109375,119233.328125,119092.0703125,119158.40625,-0.513916015625,-0.000244140625,-0.812255859375,-0.7019042372703552,0.5798339247703552,0.4882812201976776,80.0,2122.0,1.0,O,F,O,0
118224.4609375,118316.5546875,118554.8203125,118448.25,118567.875,118774.40625,118633.40625,118699.484375,-0.5146484375,0.000732421875,-0.810791015625,-0.6103515028953552,0.5187987685203552,0.4882812201976776,80.0,2123.0,1.0,O,F,O,0
118919.6875,119012.046875,119250.40625,119143.8359375,119263.546875,119469.8984375,119328.9921875,119395.25,-0.515380859375,0.00146484375,-0.814208984375,-0.7324218153953552,0.3662109076976776,0.4577636420726776,80.0,2124.0,1.0,O,F,O,0
119530.25,119622.609375,119860.96875,119754.21875,119873.75,120080.8203125,119939.2890625,120005.984375,-0.514404296875,0.001953125,-0.814697265625,-0.7629393935203552,0.4272460639476776,0.3662109076976776,80.0,2125.0,1.0,O,F,O,0
118975.5703125,119067.390625,119305.6640625,119199.265625,119319.0703125,119525.8671875,119384.15625,119450.5859375,-0.51416015625,0.002197265625,-0.81103515625,-0.7324218153953552,0.3967284858226776,0.3967284858226776,80.0,2126.0,1.0,O,F,O,0
118355.265625,118447.0859375,118685.53125,118579.046875,118699.03125,118905.3828125,118764.125,118830.015625,-0.513671875,0.00048828125,-0.810546875,-0.6713866591453552,0.4272460639476776,0.4577636420726776,80.0,2127.0,1.0,O,F,O,0
118893.9375,118986.296875,119224.296875,119118.0859375,119237.9765625,119444.421875,119303.3359375,119369.046875,-0.5146484375,0.0009765625,-0.809814453125,-0.6408690810203552,0.4272460639476776,0.4577636420726776,80.0,2128.0,1.0,O,F,O,0
119644.6953125,119737.3203125,119975.2265625,119868.5703125,119988.4609375,120195.53125,120053.8203125,120120.25,-0.512939453125,0.001953125,-0.81103515625,-0.7324218153953552,0.4272460639476776,0.4577636420726776,80.0,2129.0,1.0,O,F,O,0
119263.640625,119356.0,119594.0859375,119487.78125,119607.2265625,119814.2109375,119672.5859375,119739.28125,-0.5146484375,0.001708984375,-0.810546875,-0.7019042372703552,0.4882812201976776,0.5187987685203552,80.0,2130.0,1.0,O,F,O,0
118525.4921875,118617.671875,118855.8515625,118749.8203125,118869.3515625,119075.703125,118934.4453125,119000.78125,-0.513427734375,0.00146484375,-0.8115234375,-0.6713866591453552,0.4272460639476776,0.4272460639476776,80.0,2131.0,1.0,O,F,O,0
118873.5546875,118965.6484375,119203.9140625,119097.34375,119217.1484375,119423.9453125,119282.4140625,119349.109375,-0.51416015625,0.000732421875,-0.811767578125,-0.6408690810203552,0.4882812201976776,0.4577636420726776,80.0,2132.0,1.0,O,F,O,0
119715.859375,119808.3984375,120046.484375,119939.8203125,120059.71875,120266.515625,120124.8984375,120192.1328125,-0.514404296875,0.0009765625,-0.8125,-0.7629393935203552,0.4882812201976776,0.4272460639476776,80.0,2133.0,1.0,O,F,O,0
119536.421875,119628.6875,119867.1328125,119760.7421875,119880.1015625,120086.984375,119945.546875,120012.421875,-0.512939453125,0.000732421875,-0.812744140625,-0.7629393935203552,0.4577636420726776,0.4272460639476776,80.0,2134.0,1.0,O,F,O,0
118730.328125,118822.4140625,119060.6875,118954.734375,119073.9140625,119280.265625,119139.3671875,119205.7890625,-0.5146484375,0.000244140625,-0.810302734375,-0.8239745497703552,0.4577636420726776,0.4272460639476776,80.0,2135.0,1.0,O,F,O,0
118867.5625,118959.65625,119198.1015625,119091.890625,119211.0703125,119417.6875,119276.421875,119343.03125,-0.513671875,0.000244140625,-0.811279296875,-0.8239745497703552,0.4577636420726776,0.5187987685203552,80.0,2136.0,1.0,O,F,O,0
119750.90625,119843.4453125,120081.4453125,119975.3203125,120094.5,120301.4765625,120159.765625,120226.734375,-0.51318359375,0.000732421875,-0.814208984375,-0.7629393935203552,0.4577636420726776,0.3967284858226776,80.0,2137.0,1.0,O,F,O,0
119787.03125,119879.4765625,120117.4765625,120011.3515625,120130.7109375,120337.6875,120195.703125,120262.5859375,-0.513916015625,0.00048828125,-0.812255859375,-0.7629393935203552,0.5187987685203552,0.3967284858226776,80.0,2138.0,1.0,O,F,O,0
118967.96875,119060.234375,119298.5078125,119192.203125,119311.828125,119518.4453125,119376.828125,119443.34375,-0.51318359375,-0.000732421875,-0.812744140625,-0.7019042372703552,0.6103515028953552,0.4272460639476776,80.0,2139.0,1.0,O,F,O,0
118887.6796875,118979.953125,119218.1328125,119112.1875,119231.453125,119438.34375,119296.6328125,119363.1484375,-0.51513671875,-0.000732421875,-0.814208984375,-0.6408690810203552,0.4882812201976776,0.4882812201976776,80.0,2140.0,1.0,O,F,O,0
119757.078125,119849.609375,120087.6171875,119981.578125,120100.9375,120308.09375,120166.109375,120233.2578125,-0.513916015625,-0.000244140625,-0.81103515625,-0.6713866591453552,0.3662109076976776,0.4577636420726776,80.0,2141.0,1.0,O,F,O,0
120007.6875,120100.578125,120338.671875,120232.5390625,120351.546875,120558.875,120416.71875,120483.953125,-0.513916015625,-0.000244140625,-0.8095703125,-0.6408690810203552,0.4882812201976776,0.4577636420726776,80.0,2142.0,1.0,O,F,O,0
119231.6328125,119324.1640625,119562.4375,119456.21875,119575.3984375,119782.6484375,119640.7578125,119707.3671875,-0.515625,0.00146484375,-0.812255859375,-0.7934569716453552,0.4882812201976776,0.4272460639476776,80.0,2143.0,1.0,O,F,O,0
118942.3984375,119034.6640625,119272.9375,119166.6328125,119286.2578125,119493.0546875,119351.2578125,119418.046875,-0.51318359375,0.00048828125,-0.813232421875,-0.7934569716453552,0.5493163466453552,0.4577636420726776,80.0,2144.0,1.0,O,F,O,0
119742.7734375,119835.3046875,120073.484375,119967.0,120086.6328125,120293.609375,120151.71875,120219.1328125,-0.512939453125,-0.00048828125,-0.812744140625,-0.8239745497703552,0.5187987685203552,0.4577636420726776,80.0,2145.0,1.0,O,F,O,0
120192.7578125,120285.3828125,120523.6484375,120417.1640625,120536.796875,120743.6796875,120601.796875,120669.3828125,-0.512939453125,0.0009765625,-0.810302734375,-0.7324218153953552,0.4272460639476776,0.5493163466453552,80.0,2146.0,1.0,O,F,O,0
119510.578125,119603.296875,119841.296875,119734.90625,119854.6171875,120061.0625,119919.6171875,119986.4921875,-0.51416015625,0.00048828125,-0.81201171875,-0.7019042372703552,0.4272460639476776,0.4882812201976776,80.0,2147.0,1.0,O,F,O,0
119035.203125,119127.7421875,119366.1875,119259.4375,119379.0625,119585.859375,119444.1484375,119511.1171875,-0.51416015625,-0.000244140625,-0.812744140625,-0.7629393935203552,0.4882812201976776,0.4272460639476776,80.0,2148.0,1.0,O,F,O,0
119717.203125,119810.0078125,120048.3671875,119941.34375,120061.4140625,120268.3984375,120126.328125,120193.7421875,-0.514404296875,0.0009765625,-0.81103515625,-0.8239745497703552,0.4272460639476776,0.4882812201976776,80.0,2149.0,1.0,O,F,O,0
120341.4375,120434.421875,120671.9765625,120565.5859375,120685.2109375,120892.6328125,120750.65625,120818.0703125,-0.51220703125,-0.0009765625,-0.812255859375,-0.8239745497703552,0.4882812201976776,0.4577636420726776,80.0,2150.0,1.0,O,F,O,0
119800.4375,119892.796875,120130.6171875,120024.8515625,120144.03125,120351.453125,120209.296875,120276.4375,-0.5126953125,-0.001220703125,-0.8134765625,-0.7934569716453552,0.4577636420726776,0.3967284858226776,80.0,2151.0,1.0,O,F,O,0
119168.6875,119260.6875,119498.9609375,119392.8359375,119512.3671875,119718.9921875,119577.546875,119644.15625,-0.5126953125,0.000732421875,-0.81103515625,-0.7629393935203552,0.4577636420726776,0.4882812201976776,80.0,2152.0,1.0,O,F,O,0
119692.5234375,119784.703125,120022.8828125,119916.578125,120036.1171875,120242.9140625,120101.1171875,120168.4375,-0.515625,0.0,-0.811767578125,-0.7019042372703552,0.4577636420726776,0.4272460639476776,80.0,2153.0,1.0,O,F,O,0
120455.5234375,120547.7890625,120786.1484375,120679.3984375,120799.1171875,121006.453125,120864.203125,120931.796875,-0.5146484375,0.0,-0.81103515625,-0.7019042372703552,0.4577636420726776,0.3356933295726776,80.0,2154.0,1.0,O,F,O,0
120092.171875,120184.3515625,120422.625,120316.2265625,120436.03125,120643.1875,120501.2109375,120568.3515625,-0.512939453125,-0.000732421875,-0.8115234375,-0.7324218153953552,0.5493163466453552,0.3662109076976776,80.0,2155.0,1.0,O,F,O,0
119345.5390625,119438.25,119676.4296875,119570.3046875,119689.84375,119896.640625,119754.75,119821.8984375,-0.514404296875,-0.00048828125,-0.810546875,-0.7019042372703552,0.5187987685203552,0.4882812201976776,80.0,2156.0,1.0,O,F,O,0
119674.1953125,119766.9140625,120005.09375,119898.7890625,120018.5,120225.2109375,120083.5,120150.828125,-0.51513671875,0.001953125,-0.81103515625,-0.6408690810203552,0.4577636420726776,0.4272460639476776,80.0,2157.0,1.0,O,F,O,0
120523.6484375,120616.0078125,120854.4609375,120747.9765625,120867.5078125,121074.7578125,120932.8671875,121000.3671875,-0.515380859375,0.000244140625,-0.81005859375,-0.7934569716453552,0.4882812201976776,0.4272460639476776,80.0,2158.0,1.0,O,F,O,0
120364.0625,120456.328125,120694.8671875,120588.1171875,120707.7421875,120914.984375,120773.2734375,120840.6015625,-0.514892578125,-0.000732421875,-0.810546875,-0.7934569716453552,0.5798339247703552,0.4577636420726776,80.0,2159.0,1.0,O,F,O,0
119555.109375,119647.375,119886.0,119779.25,119899.0546875,120105.3125,119964.140625,120031.1953125,-0.514892578125,0.00146484375,-0.809326171875,-0.7629393935203552,0.5798339247703552,0.3662109076976776,80.0,2160.0,1.0,O,F,O,0
119675.265625,119767.625,120005.984375,119899.234375,120019.21875,120225.65625,120084.21875,120151.1796875,-0.5146484375,0.00146484375,-0.810302734375,-0.7934569716453552,0.5493163466453552,0.3662109076976776,80.0,2161.0,1.0,O,F,O,0
120560.21875,120652.7578125,120891.0234375,120784.2734375,120904.078125,121111.234375,120969.6171875,121036.8515625,-0.5146484375,0.00244140625,-0.81005859375,-0.7324218153953552,0.5187987685203552,0.3967284858226776,80.0,2162.0,1.0,O,F,O,0
120616.0078125,120708.7265625,120946.8125,120840.15625,120959.9609375,121167.2890625,121025.4921875,121092.90625,-0.51513671875,0.002197265625,-0.81396484375,-0.7934569716453552,0.4882812201976776,0.4882812201976776,80.0,2163.0,1.0,O,F,O,0
119798.5625,119891.09375,120129.3671875,120022.6171875,120142.2421875,120349.6640625,120207.6015625,120274.828125,-0.514404296875,0.00048828125,-0.8115234375,-0.7324218153953552,0.4272460639476776,0.4272460639476776,80.0,2164.0,1.0,O,F,O,0
119701.109375,119793.640625,120031.9140625,119925.34375,120045.0546875,120252.4765625,120110.3203125,120177.375,-0.5146484375,0.0009765625,-0.810302734375,-0.6103515028953552,0.4272460639476776,0.4272460639476776,80.0,2165.0,1.0,O,F,O,0
120565.1328125,120657.765625,120896.03125,120789.546875,120909.171875,121116.8671875,120974.4453125,121041.9453125,-0.51513671875,0.00146484375,-0.810302734375,-0.7019042372703552,0.4882812201976776,0.5493163466453552,80.0,2166.0,1.0,O,F,O,0
120832.640625,120925.8046875,121163.8046875,121056.9609375,121177.0390625,121384.4609375,121242.0390625,121309.8046875,-0.51220703125,-0.000244140625,-0.809814453125,-0.7324218153953552,0.5187987685203552,0.5187987685203552,80.0,2167.0,1.0,O,F,O,0
120061.1484375,120154.3125,120392.3984375,120285.828125,120405.546875,120612.609375,120470.8984375,120538.046875,-0.511962890625,0.001708984375,-0.80859375,-0.7019042372703552,0.5493163466453552,0.5187987685203552,80.0,2168.0,1.0,O,F,O,0
119754.484375,119847.6484375,120085.6484375,119979.1640625,120099.0546875,120305.859375,120163.96875,120231.2890625,-0.51123046875,0.00244140625,-0.810302734375,-0.6408690810203552,0.5187987685203552,0.4577636420726776,80.0,2169.0,1.0,O,F,O,0
120547.4375,120640.2421875,120878.5078125,120771.7578125,120891.3828125,121098.984375,120956.46875,121024.1484375,-0.51318359375,0.00146484375,-0.81103515625,-0.7019042372703552,0.5187987685203552,0.4272460639476776,80.0,2170.0,1.0,O,F,O,0
121015.65625,121108.1015625,121346.640625,121239.9765625,121359.25,121567.296875,121424.4296875,121492.2890625,-0.513916015625,0.002685546875,-0.8125,-0.7934569716453552,0.5798339247703552,0.4272460639476776,80.0,2171.0,1.0,O,F,O,0
120343.046875,120435.5,120673.6796875,120567.1953125,120687.1796875,120894.2421875,120752.0859375,120819.140625,-0.51318359375,0.001220703125,-0.809326171875,-0.7019042372703552,0.6408690810203552,0.4272460639476776,80.0,2172.0,1.0,O,F,O,0
119849.703125,119942.234375,120180.328125,120073.7578125,120193.828125,120400.4453125,120258.6484375,120325.5234375,-0.5146484375,0.001220703125,-0.8115234375,-0.6713866591453552,0.5187987685203552,0.4577636420726776,80.0,2173.0,1.0,O,F,O,0
120521.59375,120614.21875,120852.578125,120745.828125,120865.8984375,121072.875,120930.71875,120998.3125,-0.51611328125,0.00048828125,-0.812744140625,-0.7019042372703552,0.4577636420726776,0.3967284858226776,80.0,2174.0,1.0,O,F,O,0
121161.03125,121253.65625,121492.015625,121385.4453125,121505.0703125,121712.9453125,121570.3359375,121638.2890625,-0.5126953125,0.0,-0.81298828125,-0.7019042372703552,0.4882812201976776,0.4272460639476776,80.0,2175.0,1.0,O,F,O,0
120631.4765625,120724.4609375,120962.640625,120855.7109375,120975.6015625,121183.203125,121040.6953125,121108.375,-0.511962890625,0.0009765625,-0.814453125,-0.7019042372703552,0.5187987685203552,0.4272460639476776,80.0,2176.0,1.0,O,F,O,0
119985.0625,120077.9609375,120316.140625,120209.4765625,120329.3671875,120536.4375,120394.3671875,120461.875,-0.513427734375,0.000244140625,-0.81201171875,-0.6408690810203552,0.4882812201976776,0.3967284858226776,80.0,2177.0,1.0,O,F,O,0
120490.125,120582.9296875,120821.109375,120714.5390625,120834.0703125,121041.40625,120899.3359375,120967.0234375,-0.51416015625,0.0,-0.81005859375,-0.7019042372703552,0.4272460639476776,0.3967284858226776,80.0,2178.0,1.0,O,F,O,0
121260.546875,121353.4375,121591.4375,121484.7734375,121604.3125,121812.09375,121669.671875,121737.4375,-0.513671875,-0.000244140625,-0.81005859375,-0.6408690810203552,0.3967284858226776,0.3967284858226776,80.0,2179.0,1.0,O,F,O,0
120914.5390625,121007.2578125,121245.34375,121138.7734375,121258.1328125,121466.0,121323.578125,121391.4375,-0.510498046875,0.000732421875,-0.813720703125,-0.7019042372703552,0.4272460639476776,0.3967284858226776,80.0,2180.0,1.0,O,F,O,0
120160.390625,120252.75,120491.1953125,120384.4453125,120504.1640625,120711.671875,120569.3359375,120637.0234375,-0.511962890625,-0.00048828125,-0.814697265625,-0.6713866591453552,0.5187987685203552,0.4577636420726776,80.0,2181.0,1.0,O,F,O,0
120471.9765625,120564.78125,120802.9609375,120696.3828125,120816.1875,121023.6171875,120881.1875,120948.6953125,-0.51123046875,0.001220703125,-0.815185546875,-0.6408690810203552,0.4882812201976776,0.4882812201976776,80.0,2182.0,1.0,O,F,O,0
121325.8125,121418.703125,121656.796875,121550.21875,121670.03125,121877.6328125,121735.0234375,121802.796875,-0.51220703125,0.001708984375,-0.81298828125,-0.6713866591453552,0.4272460639476776,0.5187987685203552,80.0,2183.0,1.0,O,F,O,0
121182.7578125,121275.5625,121513.296875,121406.7265625,121526.796875,121734.3125,121591.6171875,121659.2109375,-0.513671875,0.00048828125,-0.81201171875,-0.7934569716453552,0.4272460639476776,0.5493163466453552,80.0,2184.0,1.0,O,F,O,0
120369.3359375,120461.9609375,120699.78125,120593.5703125,120713.375,120920.796875,120778.015625,120845.78125,-0.513916015625,0.00048828125,-0.807861328125,-0.7324218153953552,0.3662109076976776,0.5187987685203552,80.0,2185.0,1.0,O,F,O,0
120466.703125,120559.59375,120797.5078125,120691.203125,120811.09375,121018.1640625,120875.5546875,120943.328125,-0.51318359375,0.0009765625,-0.810791015625,-0.7629393935203552,0.3967284858226776,0.4882812201976776,80.0,2186.0,1.0,O,F,O,0
121352.6328125,121445.8828125,121683.7109375,121577.046875,121697.1171875,121904.6328125,121761.9375,121829.9765625,-0.51220703125,0.000732421875,-0.81298828125,-0.7019042372703552,0.3967284858226776,0.4577636420726776,80.0,2187.0,1.0,O,F,O,0
121428.6328125,121522.0625,121759.703125,121652.5078125,121772.578125,121980.1796875,121838.109375,121905.8828125,-0.513671875,-0.000732421875,-0.81103515625,-0.6713866591453552,0.4272460639476776,0.3967284858226776,80.0,2188.0,1.0,O,F,O,0
120613.328125,120706.3984375,120943.8671875,120836.7578125,120957.0078125,121164.4296875,121022.3671875,121089.953125,-0.51513671875,0.000244140625,-0.813232421875,-0.7019042372703552,0.4577636420726776,0.5187987685203552,80.0,2189.0,1.0,O,F,O,0
120495.21875,120588.0234375,120825.84375,120719.0078125,120838.71875,121045.96875,120903.9921875,120971.671875,-0.5146484375,-0.00048828125,-0.8115234375,-0.6103515028953552,0.4882812201976776,0.4272460639476776,80.0,2190.0,1.0,O,F,O,0
121357.28125,121450.0859375,121688.0859375,121581.515625,121701.0546875,121908.921875,121766.40625,121834.265625,-0.512939453125,-0.000244140625,-0.811279296875,-0.5493163466453552,0.3967284858226776,0.5187987685203552,80.0,2191.0,1.0,O,F,O,0
121643.65625,121736.6328125,121974.7265625,121867.6171875,121987.421875,122195.921875,122053.046875,122120.8203125,-0.512451171875,0.003173828125,-0.814453125,-0.6713866591453552,0.4577636420726776,0.4577636420726776,80.0,2192.0,1.0,O,F,O,0
120877.703125,120970.421875,121208.78125,121101.21875,121221.6484375,121429.34375,121286.921875,121354.5078125,-0.51318359375,0.00146484375,-0.8134765625,-0.7019042372703552,0.3967284858226776,0.3967284858226776,80.0,2193.0,1.0,O,F,O,0
120552.6171875,120645.2421875,120883.515625,120776.140625,120896.65625,121103.90625,120961.65625,121029.25,-0.513427734375,0.001953125,-0.812744140625,-0.6713866591453552,0.3662109076976776,0.3356933295726776,80.0,2194.0,1.0,O,F,O,0
121337.703125,121430.4140625,121668.59375,121561.484375,121681.6484375,121888.984375,121746.5625,121814.78125,-0.514892578125,0.001220703125,-0.81201171875,-0.7019042372703552,0.5187987685203552,0.3967284858226776,80.0,2195.0,1.0,O,F,O,0
121821.84375,121914.734375,122153.0078125,122045.625,122166.1484375,122373.3046875,122231.1484375,122299.2734375,-0.514892578125,-0.000732421875,-0.813720703125,-0.7629393935203552,0.4577636420726776,0.4882812201976776,80.0,2196.0,1.0,O,F,O,0
121160.5859375,121253.484375,121491.6640625,121384.7265625,121504.8046875,121712.5,121570.0703125,121637.84375,-0.514404296875,0.000732421875,-0.814453125,-0.7019042372703552,0.5187987685203552,0.4577636420726776,80.0,2197.0,1.0,O,F,O,0
120651.1484375,120743.59375,120981.953125,120875.109375,120995.0078125,121202.6953125,121060.2734375,121127.7734375,-0.515380859375,0.002685546875,-0.813232421875,-0.7934569716453552,0.4577636420726776,0.3967284858226776,80.0,2198.0,1.0,O,F,O,0
121307.5703125,121400.6484375,121638.6484375,121531.890625,121651.7890625,121859.3046875,121716.7890625,121784.9140625,-0.513427734375,0.00390625,-0.811279296875,-0.7934569716453552,0.4882812201976776,0.4577636420726776,80.0,2199.0,1.0,O,F,O,0
121959.6171875,122052.6875,122290.9609375,122184.3828125,122304.1015625,122511.703125,122369.1875,122437.140625,-0.51318359375,0.001708984375,-0.811767578125,-0.7324218153953552,0.4272460639476776,0.4272460639476776,80.0,2200.0,1.0,O,F,O,0
121445.5234375,121538.421875,121776.421875,121670.203125,121789.8359375,121997.2578125,121854.8359375,121922.6953125,-0.5146484375,0.001220703125,-0.808349609375,-0.7629393935203552,0.4272460639476776,0.3662109076976776,80.0,2201.0,1.0,O,F,O,0
120787.2265625,120879.4921875,121118.03125,121011.3671875,121131.171875,121338.328125,121195.90625,121263.671875,-0.514892578125,0.00048828125,-0.813232421875,-0.7324218153953552,0.5187987685203552,0.3967284858226776,80.0,2202.0,1.0,O,F,O,0
121277.9765625,121370.25,121609.0546875,121501.9453125,121621.75,121829.265625,121687.015625,121755.0546875,-0.513671875,0.00048828125,-0.81396484375,-0.6713866591453552,0.4882812201976776,0.3967284858226776,80.0,2203.0,1.0,O,F,O,0
122058.3203125,122150.765625,122389.3046875,122282.46875,122402.453125,122610.140625,122467.625,122535.6640625,-0.51220703125,0.0,-0.8154296875,-0.6713866591453552,0.4577636420726776,0.4577636420726776,80.0,2204.0,1.0,O,F,O,0
121727.4296875,121820.4140625,122058.59375,121951.75,122072.09375,122279.3359375,122136.9140625,122204.859375,-0.513427734375,0.00146484375,-0.81396484375,-0.7324218153953552,0.5187987685203552,0.4882812201976776,80.0,2205.0,1.0,O,F,O,0
120966.21875,121059.5546875,121297.734375,121190.71875,121310.4296875,121517.765625,121375.8828125,121443.3828125,-0.5146484375,0.002197265625,-0.81396484375,-0.8239745497703552,0.5493163466453552,0.5187987685203552,80.0,2206.0,1.0,O,F,O,0
121258.484375,121351.9140625,121590.0078125,121482.71875,121602.796875,121810.3984375,121668.2421875,121735.7421875,-0.5166015625,0.00048828125,-0.816650390625,-0.7019042372703552,0.4882812201976776,0.5187987685203552,80.0,2207.0,1.0,O,F,O,0
122117.5078125,122211.296875,122449.03125,122341.921875,122462.171875,122670.046875,122527.265625,122595.5703125,-0.51611328125,-0.00146484375,-0.813720703125,-0.7019042372703552,0.4882812201976776,0.4577636420726776,80.0,2208.0,1.0,O,F,O,0
121995.0234375,122088.6328125,122326.8984375,122219.7890625,122340.046875,122547.375,122404.8671875,122472.9921875,-0.515625,0.000732421875,-0.811767578125,-0.7019042372703552,0.5187987685203552,0.4882812201976776,80.0,2209.0,1.0,O,F,O,0
121180.796875,121273.59375,121511.78125,121405.0234375,121525.1875,121732.1640625,121590.0078125,121657.6875,-0.51611328125,0.00146484375,-0.810546875,-0.7019042372703552,0.5493163466453552,0.3356933295726776,80.0,2210.0,1.0,O,F,O,0
121260.09375,121352.8125,121590.90625,121484.0625,121604.1328125,121811.2890625,121669.1328125,121736.8125,-0.515380859375,0.00146484375,-0.813720703125,-0.7019042372703552,0.5187987685203552,0.3967284858226776,80.0,2211.0,1.0,O,F,O,0
122145.2265625,122239.1015625,122476.9296875,122369.90625,122490.0703125,122697.5859375,122555.15625,122623.2890625,-0.514404296875,0.0,-0.811767578125,-0.6713866591453552,0.5187987685203552,0.4272460639476776,80.0,2212.0,1.0,O,F,O,0
122238.296875,122332.3515625,122570.0859375,122462.7109375,122582.9609375,122790.8359375,122647.9609375,122716.5390625,-0.512939453125,-0.000244140625,-0.812744140625,-0.7629393935203552,0.4882812201976776,0.4577636420726776,80.0,2213.0,1.0,O,F,O,0
121423.7109375,121517.0546875,121755.0546875,121648.125,121767.9296875,121975.4453125,121833.015625,121901.1484375,-0.5126953125,-0.0009765625,-0.808837890625,-0.7934569716453552,0.5187987685203552,0.4272460639476776,80.0,2214.0,1.0,O,F,O,0
121287.546875,121380.8828125,121618.890625,121511.78125,121631.765625,121839.3671875,121696.8515625,121764.890625,-0.5126953125,0.000732421875,-0.809814453125,-0.7324218153953552,0.4882812201976776,0.4577636420726776,80.0,2215.0,1.0,O,F,O,0
122142.8125,122236.2421875,122474.515625,122367.2265625,122487.1171875,122694.9921875,122552.7421875,122620.78125,-0.513671875,0.0,-0.81201171875,-0.7324218153953552,0.4577636420726776,0.5187987685203552,80.0,2216.0,1.0,O,F,O,0
122447.421875,122540.765625,122778.765625,122671.2109375,122791.3671875,122999.328125,122856.90625,122925.2109375,-0.513427734375,0.00048828125,-0.812744140625,-0.7629393935203552,0.4272460639476776,0.4882812201976776,80.0,2217.0,1.0,O,F,O,0
121690.234375,121783.484375,122021.3046875,121914.2890625,122034.359375,122242.0546875,122099.71875,122168.0234375,-0.513427734375,-0.001220703125,-0.81201171875,-0.7934569716453552,0.4577636420726776,0.4882812201976776,80.0,2218.0,1.0,O,F,O,0
121348.4296875,121441.59375,121679.7734375,121572.75,121692.734375,121900.34375,121757.9140625,121826.046875,-0.51318359375,-0.000244140625,-0.813232421875,-0.7324218153953552,0.4882812201976776,0.4577636420726776,80.0,2219.0,1.0,O,F,O,0
122122.25,122215.4140625,122453.6796875,122346.5703125,122466.5546875,122674.4296875,122532.0,122600.21875,-0.513427734375,0.001220703125,-0.8095703125,-0.7629393935203552,0.4577636420726776,0.4272460639476776,80.0,2220.0,1.0,O,F,O,0
122622.9296875,122716.265625,122954.2734375,122847.0703125,122966.96875,123175.015625,123032.0546875,123100.8046875,-0.515869140625,0.0,-0.80908203125,-0.7324218153953552,0.4882812201976776,0.4882812201976776,80.0,2221.0,1.0,O,F,O,0
121971.6015625,122065.3828125,122302.8515625,122195.5625,122315.8125,122523.7734375,122381.2578125,122449.2109375,-0.513916015625,0.0029296875,-0.81005859375,-0.7019042372703552,0.4577636420726776,0.3356933295726776,80.0,2222.0,1.0,O,F,O,0
121446.328125,121539.671875,121777.4921875,121670.3828125,121790.546875,121998.0625,121856.171875,121923.765625,-0.513427734375,0.00146484375,-0.812255859375,-0.7934569716453552,0.4577636420726776,0.4272460639476776,80.0,2223.0,1.0,O,F,O,0
122090.2421875,122183.7578125,122421.4921875,122314.3828125,122434.28125,122642.328125,122499.7265625,122567.9453125,-0.51318359375,0.000732421875,-0.813720703125,-0.6408690810203552,0.4577636420726776,0.3967284858226776,80.0,2224.0,1.0,O,F,O,0
122755.96875,122849.484375,123087.125,122980.015625,123099.734375,123308.4140625,123165.359375,123234.3828125,-0.513671875,-0.00048828125,-0.810791015625,-0.7629393935203552,0.3967284858226776,0.3356933295726776,80.0,2225.0,1.0,O,F,O,0
122257.25,122350.7734375,122588.328125,122481.125,122601.109375,122809.5234375,122666.828125,122735.1328125,-0.51171875,-0.001220703125,-0.813720703125,-0.7934569716453552,0.5187987685203552,0.3662109076976776,80.0,2226.0,1.0,O,F,O,0
121587.59375,121681.0234375,121919.1171875,121811.5625,121931.8125,122139.6796875,121997.4375,122065.3828125,-0.511962890625,-0.0009765625,-0.812255859375,-0.7019042372703552,0.4577636420726776,0.3356933295726776,80.0,2227.0,1.0,O,F,O,0
122062.7890625,122156.046875,122394.2265625,122286.84375,122406.921875,122614.7890625,122472.546875,122540.40625,-0.513916015625,0.00244140625,-0.814453125,-0.6408690810203552,0.5187987685203552,0.4272460639476776,80.0,2228.0,1.0,O,F,O,0
122850.5546875,122943.6328125,123181.453125,123074.703125,123194.4140625,123402.734375,123260.21875,123328.6171875,-0.512451171875,0.001953125,-0.81103515625,-0.6713866591453552,0.4577636420726776,0.4577636420726776,80.0,2229.0,1.0,O,F,O,0
122537.2734375,122630.5234375,122868.53125,122761.2421875,122881.578125,123089.6328125,122946.7578125,123015.0703125,-0.51416015625,0.00146484375,-0.8115234375,-0.7324218153953552,0.5187987685203552,0.4272460639476776,80.0,2230.0,1.0,O,F,O,0
121769.0,121862.25,122100.34375,121993.3203125,122113.1328125,122321.0859375,122178.3046875,122246.2578125,-0.51513671875,0.001708984375,-0.810791015625,-0.7019042372703552,0.5187987685203552,0.5187987685203552,80.0,2231.0,1.0,O,F,O,0
122043.75,122137.09375,122374.9140625,122267.984375,122387.7890625,122595.8359375,122453.0546875,122521.09375,-0.514892578125,0.000732421875,-0.8115234375,-0.7324218153953552,0.5187987685203552,0.3967284858226776,80.0,2232.0,1.0,O,F,O,0
122907.0625,123000.8515625,123238.8515625,123131.5625,123251.546875,123459.6875,123317.0859375,123385.3046875,-0.512451171875,0.00048828125,-0.809326171875,-0.8239745497703552,0.4577636420726776,0.4882812201976776,80.0,2233.0,1.0,O,F,O,0
122801.296875,122894.90625,123132.9921875,123026.0625,123145.5078125,123353.7421875,123210.78125,123279.53125,-0.512451171875,0.000732421875,-0.80712890625,-0.7324218153953552,0.4272460639476776,0.5187987685203552,80.0,2234.0,1.0,O,F,O,0
121982.234375,122075.578125,122313.3984375,122206.9140625,122326.453125,122534.1484375,122391.6328125,122459.7578125,-0.512451171875,0.000732421875,-0.8076171875,-0.7019042372703552,0.4882812201976776,0.4272460639476776,80.0,2235.0,1.0,O,F,O,0
122039.7265625,122132.7109375,122370.9765625,122264.3125,122383.8515625,122591.6328125,122448.8515625,122517.25,-0.51318359375,0.001953125,-0.810546875,-0.7019042372703552,0.4577636420726776,0.5187987685203552,80.0,2236.0,1.0,O,F,O,0
122924.765625,123018.2890625,123256.375,123149.265625,123268.984375,123477.390625,123334.3359375,123403.0,-0.513427734375,0.002197265625,-0.81494140625,-0.7019042372703552,0.4577636420726776,0.4272460639476776,80.0,2237.0,1.0,O,F,O,0
123037.5078125,123131.3828125,123369.2109375,123262.1875,123381.7265625,123590.21875,123447.53125,123515.8359375,-0.5146484375,0.000732421875,-0.813720703125,-0.7324218153953552,0.4882812201976776,0.4577636420726776,80.0,2238.0,1.0,O,F,O,0
122225.15625,122318.9453125,122556.859375,122449.8359375,122569.28125,122777.515625,122634.8203125,122703.3046875,-0.51318359375,0.002197265625,-0.81298828125,-0.7324218153953552,0.4577636420726776,0.4577636420726776,80.0,2239.0,1.0,O,F,O,0
122067.890625,122161.0546875,122399.3203125,122292.296875,122411.65625,122619.890625,122477.375,122545.859375,-0.513427734375,0.000244140625,-0.811767578125,-0.6103515028953552,0.5187987685203552,0.4882812201976776,80.0,2240.0,1.0,O,F,O,0
122919.9375,123013.28125,123251.3671875,123144.171875,123263.53125,123472.296875,123329.421875,123398.0859375,-0.51318359375,-0.00146484375,-0.810546875,-0.6408690810203552,0.5187987685203552,0.4577636420726776,80.0,2241.0,1.0,O,F,O,0
123246.453125,123339.703125,123577.796875,123470.5078125,123589.953125,123799.2578125,123656.0234375,123724.5078125,-0.513427734375,0.000732421875,-0.813720703125,-0.7324218153953552,0.4577636420726776,0.4577636420726776,80.0,2242.0,1.0,O,F,O,0
122496.1484375,122589.578125,122827.3125,122720.2890625,122840.09375,123048.4140625,122905.8125,122973.9375,-0.513916015625,0.0009765625,-0.8134765625,-0.7019042372703552,0.4882812201976776,0.4577636420726776,80.0,2243.0,1.0,O,F,O,0
122133.78125,122227.2109375,122464.859375,122358.1015625,122477.734375,122685.6875,122543.3515625,122611.484375,-0.513916015625,-0.00048828125,-0.810791015625,-0.7019042372703552,0.5187987685203552,0.4577636420726776,80.0,2244.0,1.0,O,F,O,0
122896.6015625,122990.03125,123227.765625,123120.7421875,123240.640625,123448.9609375,123306.0,123375.015625,-0.513427734375,-0.0009765625,-0.8125,-0.7019042372703552,0.5187987685203552,0.3967284858226776,80.0,2245.0,1.0,O,F,O,0
123413.5546875,123506.890625,123744.5390625,123637.6953125,123757.4140625,123965.8203125,123823.125,123891.8828125,-0.513916015625,0.000244140625,-0.813232421875,-0.6713866591453552,0.4577636420726776,0.3967284858226776,80.0,2246.0,1.0,O,F,O,0
122774.3828125,122867.2734375,123105.0078125,122998.171875,123118.15625,123326.0234375,123183.6015625,123251.8125,-0.512451171875,0.000732421875,-0.809814453125,-0.7019042372703552,0.3967284858226776,0.5187987685203552,80.0,2247.0,1.0,O,F,O,0
122234.6328125,122328.0625,122565.7109375,122458.953125,122578.578125,122786.2734375,122644.1171875,122712.0625,-0.513427734375,0.000732421875,-0.8095703125,-0.7629393935203552,0.3356933295726776,0.4272460639476776,80.0,2248.0,1.0,O,F,O,0
122864.4140625,122957.7578125,123195.578125,123088.734375,123208.453125,123416.6796875,123274.171875,123342.3828125,-0.5146484375,0.000732421875,-0.813720703125,-0.7324218153953552,0.3051757514476776,0.3356933295726776,80.0,2249.0,1.0,O,F,O,0
123540.6015625,123634.1171875,123872.125,123765.1015625,123884.90625,124093.3125,123950.171875,124019.375,-0.516357421875,0.0009765625,-0.811767578125,-0.7019042372703552,0.3967284858226776,0.4272460639476776,80.0,2250.0,1.0,O,F,O,0
123058.1640625,123151.3203125,123389.59375,123282.484375,123402.5546875,123610.3359375,123467.9140625,123536.3984375,-0.515625,0.0009765625,-0.8125,-0.6408690810203552,0.4882812201976776,0.4577636420726776,80.0,2251.0,1.0,O,F,O,0
122379.0234375,122472.2734375,122710.28125,122603.4375,122723.0625,122930.578125,122788.8671875,122856.7265625,-0.513671875,0.0009765625,-0.81494140625,-0.6103515028953552,0.4577636420726776,0.3662109076976776,80.0,2252.0,1.0,O,F,O,0
122836.96875,122930.6640625,123168.4921875,123061.2890625,123181.1875,123389.1484375,123246.71875,123315.296875,-0.513671875,-0.00048828125,-0.810302734375,-0.6103515028953552,0.4577636420726776,0.3967284858226776,80.0,2253.0,1.0,O,F,O,0
123637.1640625,123730.9453125,123968.859375,123861.3046875,123981.375,124190.234375,124047.09375,124115.578125,-0.513916015625,0.000732421875,-0.809814453125,-0.6408690810203552,0.5187987685203552,0.3967284858226776,80.0,2254.0,1.0,O,F,O,0
123344.3515625,123437.78125,123675.78125,123568.40625,123688.2109375,123896.796875,123753.8359375,123822.6796875,-0.51318359375,0.00244140625,-0.8115234375,-0.6103515028953552,0.4882812201976776,0.3051757514476776,80.0,2255.0,1.0,O,F,O,0
122566.3359375,122659.9453125,122898.03125,122790.921875,122910.7265625,123118.78125,122975.9921875,123044.6640625,-0.51416015625,0.005859375,-0.810302734375,-0.7019042372703552,0.5493163466453552,0.3662109076976776,80.0,2256.0,1.0,O,F,O,0
122820.0703125,122913.9453125,123151.859375,123044.6640625,123164.734375,123372.9609375,123230.0,123298.484375,-0.51513671875,0.003662109375,-0.808837890625,-0.7324218153953552,0.5493163466453552,0.4272460639476776,80.0,2257.0,1.0,O,F,O,0
123685.890625,123779.5859375,124017.5859375,123910.296875,124029.921875,124238.6015625,124095.640625,124164.2109375,-0.513427734375,0.0009765625,-0.8095703125,-0.7019042372703552,0.5798339247703552,0.3967284858226776,80.0,2258.0,1.0,O,F,O,0
123602.6484375,123696.703125,123934.3515625,123827.2421875,123946.953125,124155.2734375,124012.578125,124081.2421875,-0.51171875,0.0,-0.81103515625,-0.7019042372703552,0.3967284858226776,0.4577636420726776,80.0,2259.0,1.0,O,F,O,0
122783.59375,122877.46875,123115.2890625,123008.5390625,123128.2578125,123336.3046875,123193.8828125,123262.1015625,-0.51171875,0.00048828125,-0.8095703125,-0.7019042372703552,0.4882812201976776,0.5187987685203552,80.0,2260.0,1.0,O,F,O,0
122822.75,122916.0,123153.9140625,123047.1640625,123166.703125,123375.015625,123232.328125,123300.8125,-0.513671875,0.00146484375,-0.808837890625,-0.7324218153953552,0.4272460639476776,0.4577636420726776,80.0,2261.0,1.0,O,F,O,0
123706.2734375,123799.5234375,124037.34375,123930.4140625,124050.0390625,124258.8046875,124115.484375,124184.78125,-0.513916015625,0.001953125,-0.810791015625,-0.8544921278953552,0.3967284858226776,0.4272460639476776,80.0,2262.0,1.0,O,F,O,0
123837.7890625,123931.578125,124169.21875,124062.109375,124182.1875,124390.7734375,124247.359375,124316.65625,-0.5146484375,0.002197265625,-0.810302734375,-0.7629393935203552,0.5187987685203552,0.5187987685203552,80.0,2263.0,1.0,O,F,O,0
123027.8515625,123121.1015625,123359.1015625,123251.90625,123372.15625,123580.03125,123437.421875,123506.0,-0.514404296875,0.002685546875,-0.80908203125,-0.7324218153953552,0.4577636420726776,0.5187987685203552,80.0,2264.0,1.0,O,F,O,0
122852.4375,122945.6875,123183.8671875,123076.671875,123196.828125,123404.7890625,123262.2734375,123330.4921875,-0.5126953125,0.00146484375,-0.81396484375,-0.7629393935203552,0.3967284858226776,0.4577636420726776,80.0,2265.0,1.0,O,F,O,0
123697.6875,123791.2109375,124029.4765625,123922.0078125,124042.171875,124250.40625,124107.4375,124176.28125,-0.51416015625,0.0009765625,-0.814208984375,-0.7324218153953552,0.3967284858226776,0.5187987685203552,80.0,2266.0,1.0,O,F,O,0
124040.3828125,124133.640625,124371.8203125,124264.6171875,124384.6953125,124593.0078125,124450.140625,124519.4296875,-0.51416015625,0.00244140625,-0.8134765625,-0.7324218153953552,0.4272460639476776,0.4272460639476776,80.0,2267.0,1.0,O,F,O,0
123299.0234375,123392.2734375,123630.546875,123523.1640625,123643.5078125,123851.5546875,123708.953125,123777.4375,-0.513916015625,0.0009765625,-0.812744140625,-0.7019042372703552,0.3356933295726776,0.4577636420726776,80.0,2268.0,1.0,O,F,O,0
122919.671875,123012.7421875,123251.546875,123144.171875,123264.3359375,123472.4765625,123329.6015625,123397.90625,-0.512939453125,0.00048828125,-0.808837890625,-0.7629393935203552,0.3356933295726776,0.4577636420726776,80.0,2269.0,1.0,O,F,O,0
123671.40625,123764.65625,124003.546875,123895.8125,124016.2421875,124224.3828125,124081.0625,124150.4453125,-0.512451171875,0.001220703125,-0.805908203125,-0.6713866591453552,0.4577636420726776,0.3967284858226776,80.0,2270.0,1.0,O,F,O,0
124204.8984375,124298.4140625,124536.6875,124429.125,124549.3828125,124757.875,124614.46875,124684.203125,-0.513671875,0.001708984375,-0.809326171875,-0.7019042372703552,0.4577636420726776,0.3967284858226776,80.0,2271.0,1.0,O,F,O,0
123578.6015625,123672.1171875,123910.296875,123803.0078125,123923.0859375,124131.578125,123988.2578125,124057.375,-0.5126953125,0.00146484375,-0.809326171875,-0.7324218153953552,0.4272460639476776,0.4882812201976776,80.0,2272.0,1.0,O,F,O,0
123024.2734375,123117.3515625,123355.7109375,123248.5078125,123368.578125,123576.8125,123433.3125,123502.515625,-0.513916015625,0.0009765625,-0.80908203125,-0.7934569716453552,0.4272460639476776,0.4577636420726776,80.0,2273.0,1.0,O,F,O,0
123636.53125,123729.96875,123968.1484375,123860.765625,123980.75,124189.515625,124046.109375,124115.21875,-0.5146484375,0.00048828125,-0.80859375,-0.7324218153953552,0.4882812201976776,0.4882812201976776,80.0,2274.0,1.0,O,F,O,0
124327.2890625,124421.078125,124658.90625,124551.6171875,124671.5078125,124880.3671875,124737.3125,124806.6953125,-0.514404296875,0.00244140625,-0.809814453125,-0.7019042372703552,0.4272460639476776,0.4272460639476776,80.0,2275.0,1.0,O,F,O,0
123859.78125,123953.484375,124191.5703125,124084.1953125,124204.09375,124412.765625,124269.5390625,124338.9140625,-0.5126953125,-0.00048828125,-0.815185546875,-0.6713866591453552,0.4882812201976776,0.3967284858226776,80.0,2276.0,1.0,O,F,O,0
123167.4140625,123261.296875,123498.9375,123391.734375,123511.8125,123720.0390625,123576.8125,123645.921875,-0.512939453125,0.000244140625,-0.814208984375,-0.7324218153953552,0.4882812201976776,0.3662109076976776,80.0,2277.0,1.0,O,F,O,0
123604.9765625,123698.4921875,123936.2265625,123829.1171875,123949.28125,124157.328125,124014.28125,124083.4765625,-0.513916015625,0.00048828125,-0.8115234375,-0.8850097060203552,0.3967284858226776,0.3662109076976776,80.0,2278.0,1.0,O,F,O,0
124409.4609375,124502.890625,124740.9765625,124633.6015625,124753.4921875,124961.9921875,124818.5859375,124888.6796875,-0.51513671875,0.0009765625,-0.812255859375,-0.8544921278953552,0.3967284858226776,0.3662109076976776,80.0,2279.0,1.0,O,F,O,0
124134.53125,124228.3203125,124465.875,124359.03125,124478.5703125,124687.3359375,124543.8359375,124613.484375,-0.514892578125,0.0009765625,-0.81298828125,-0.8239745497703552,0.4577636420726776,0.4577636420726776,80.0,2280.0,1.0,O,F,O,0
123351.7734375,123445.6484375,123683.0234375,123576.2734375,123696.171875,123904.484375,123761.2578125,123830.4609375,-0.514892578125,0.001708984375,-0.810546875,-0.8544921278953552,0.4882812201976776,0.4577636420726776,80.0,2281.0,1.0,O,F,O,0
123584.5,123678.5546875,123916.375,123809.359375,123929.1640625,124137.3046875,123994.4296875,124063.6328125,-0.51513671875,0.001220703125,-0.81103515625,-0.7324218153953552,0.4882812201976776,0.4272460639476776,80.0,2282.0,1.0,O,F,O,0
124456.3046875,124550.453125,124788.1875,124680.71875,124800.8828125,125009.5546875,124866.328125,124935.6171875,-0.515380859375,0.002685546875,-0.808837890625,-0.7324218153953552,0.4882812201976776,0.3967284858226776,80.0,2283.0,1.0,O,F,O,0
124393.8125,124487.8671875,124725.6875,124618.2265625,124738.4765625,124947.0625,124803.8359375,124873.125,-0.515869140625,0.0009765625,-0.810791015625,-0.7019042372703552,0.5493163466453552,0.3967284858226776,80.0,2284.0,1.0,O,F,O,0
123573.3203125,123667.3828125,123905.2890625,123797.9140625,123917.8984375,124125.859375,123983.4375,124052.1015625,-0.5166015625,0.00048828125,-0.8115234375,-0.7629393935203552,0.4272460639476776,0.3967284858226776,80.0,2285.0,1.0,O,F,O,0
123591.6484375,123685.3515625,123923.3515625,123816.15625,123935.78125,124143.921875,124001.046875,124070.15625,-0.513916015625,0.00048828125,-0.810791015625,-0.7629393935203552,0.3967284858226776,0.4577636420726776,80.0,2286.0,1.0,O,F,O,0
124472.84375,124566.8125,124804.7265625,124697.3515625,124817.15625,125025.921875,124882.5078125,124951.890625,-0.51611328125,-0.000244140625,-0.810791015625,-0.7019042372703552,0.3356933295726776,0.4272460639476776,80.0,2287.0,1.0,O,F,O,0
124624.3046875,124718.0,124956.1796875,124848.890625,124968.6953125,125177.28125,125034.140625,125103.4375,-0.514404296875,0.001220703125,-0.8095703125,-0.7019042372703552,0.4272460639476776,0.3967284858226776,80.0,2288.0,1.0,O,F,O,0
123818.296875,123911.8203125,124149.640625,124042.7109375,124162.25,124371.015625,124227.78125,124296.984375,-0.513916015625,0.000732421875,-0.812744140625,-0.7934569716453552,0.4577636420726776,0.3967284858226776,80.0,2289.0,1.0,O,F,O,0
123623.125,123716.8203125,123954.46875,123847.359375,123967.0703125,124175.75,124032.7890625,124101.5390625,-0.51416015625,0.0009765625,-0.812255859375,-0.7324218153953552,0.5798339247703552,0.3662109076976776,80.0,2290.0,1.0,O,F,O,0
124460.6875,124554.4765625,124791.9375,124684.921875,124804.640625,125013.3984375,124870.2578125,124939.375,-0.512451171875,0.0,-0.812255859375,-0.7324218153953552,0.4882812201976776,0.4882812201976776,80.0,2291.0,1.0,O,F,O,0
124819.5703125,124913.4453125,125150.8203125,125043.796875,125163.6953125,125372.640625,125229.140625,125298.7890625,-0.511962890625,0.001220703125,-0.81201171875,-0.7324218153953552,0.4272460639476776,0.3662109076976776,80.0,2292.0,1.0,O,F,O,0
124085.0859375,124178.609375,124416.4296875,124309.234375,124429.125,124637.8046875,124494.484375,124563.953125,-0.51318359375,0.001220703125,-0.8095703125,-0.7629393935203552,0.4577636420726776,0.3662109076976776,80.0,2293.0,1.0,O,F,O,0
123690.890625,123784.5,124022.59375,123915.3046875,124034.9296875,124244.0546875,124100.375,124169.3125,-0.513427734375,0.0009765625,-0.8134765625,-0.6713866591453552,0.5798339247703552,0.3967284858226776,80.0,2294.0,1.0,O,F,O,0
124433.0625,124526.9375,124764.5859375,124657.4765625,124777.4609375,124986.3984375,124842.6328125,124912.015625,-0.515380859375,0.002685546875,-0.813232421875,-0.5798339247703552,0.4577636420726776,0.4272460639476776,80.0,2295.0,1.0,O,F,O,0
124979.6953125,125073.484375,125311.3046875,125203.9296875,125324.09375,125532.859375,125389.265625,125459.0078125,-0.512451171875,0.000732421875,-0.814208984375,-0.7019042372703552,0.4272460639476776,0.4882812201976776,80.0,2296.0,1.0,O,F,O,0
124363.5,124457.5625,124694.9375,124587.828125,124707.8984375,124916.125,124773.078125,124842.546875,-0.512939453125,0.0009765625,-0.814697265625,-0.7934569716453552,0.4882812201976776,0.4882812201976776,80.0,2297.0,1.0,O,F,O,0
123796.125,123889.5546875,124127.109375,124019.8203125,124140.1640625,124348.484375,124205.4296875,124274.3671875,-0.51220703125,0.001953125,-0.810546875,-0.8239745497703552,0.4882812201976776,0.4882812201976776,80.0,2298.0,1.0,O,F,O,0
124397.03125,124490.8203125,124728.375,124620.9921875,124741.4296875,124950.1015625,124806.6953125,124875.890625,-0.51220703125,0.000732421875,-0.80908203125,-0.8544921278953552,0.4577636420726776,0.5493163466453552,80.0,2299.0,1.0,O,F,O,0
125099.140625,125193.5546875,125431.109375,125323.9140625,125443.8984375,125652.9296875,125509.34375,125579.171875,-0.5126953125,0.002197265625,-0.8115234375,-0.5798339247703552,0.5187987685203552,0.4882812201976776,80.0,2300.0,1.0,O,F,O,0
124647.015625,124741.6015625,124979.15625,124871.8671875,124991.765625,125200.7109375,125057.03125,125126.7734375,-0.51513671875,0.0009765625,-0.8125,-0.6713866591453552,0.4882812201976776,0.5187987685203552,80.0,2301.0,1.0,O,F,O,0
123945.4375,124039.578125,124277.40625,124170.1171875,124290.1015625,124498.6875,124355.3671875,124424.2109375,-0.513916015625,-0.00048828125,-0.816650390625,-0.7324218153953552,0.5187987685203552,0.4272460639476776,80.0,2302.0,1.0,O,F,O,0
124364.125,124458.2734375,124696.1875,124588.71875,124708.7890625,124917.5546875,124774.2421875,124843.3515625,-0.514892578125,0.00048828125,-0.814697265625,-0.7019042372703552,0.4577636420726776,0.3967284858226776,80.0,2303.0,1.0,O,F,O,0
125179.25,125273.3046875,125511.1328125,125403.75,125523.3828125,125732.59375,125589.09375,125659.0078125,-0.513427734375,-0.00048828125,-0.811767578125,-0.7019042372703552,0.4577636420726776,0.3967284858226776,80.0,2304.0,1.0,O,F,O,0
124922.5625,125016.796875,125254.3515625,125147.0625,125266.78125,125476.265625,125332.3203125,125402.140625,-0.51220703125,0.0,-0.811767578125,-0.6713866591453552,0.4882812201976776,0.3967284858226776,80.0,2305.0,1.0,O,F,O,0
124134.3515625,124227.9609375,124465.875,124358.8515625,124478.125,124687.3359375,124543.65625,124613.125,-0.5126953125,-0.000244140625,-0.813232421875,-0.7324218153953552,0.5493163466453552,0.4577636420726776,80.0,2306.0,1.0,O,F,O,0
124349.375,124443.609375,124681.609375,124574.1484375,124693.859375,124902.5390625,124759.484375,124829.046875,-0.512939453125,-0.000732421875,-0.81591796875,-0.7324218153953552,0.4882812201976776,0.3662109076976776,80.0,2307.0,1.0,O,F,O,0
125224.046875,125318.546875,125556.1015625,125448.9921875,125568.3515625,125777.65625,125634.0625,125704.0703125,-0.51318359375,0.00146484375,-0.812744140625,-0.7324218153953552,0.4577636420726776,0.3662109076976776,80.0,2308.0,1.0,O,F,O,0
125176.5703125,125270.984375,125508.2734375,125401.25,125520.96875,125730.265625,125586.234375,125656.5078125,-0.51318359375,0.00048828125,-0.812255859375,-0.7019042372703552,0.5798339247703552,0.3662109076976776,80.0,2309.0,1.0,O,F,O,0
124352.953125,124447.2734375,124684.65625,124577.6328125,124697.6171875,124906.7421875,124763.0625,124832.796875,-0.5126953125,0.000244140625,-0.813720703125,-0.7019042372703552,0.4272460639476776,0.3662109076976776,80.0,2310.0,1.0,O,F,O,0
124353.3984375,124447.3671875,124685.0078125,124577.6328125,124697.6171875,124906.7421875,124763.0625,124832.796875,-0.51318359375,0.000244140625,-0.8125,-0.7324218153953552,0.4272460639476776,0.3967284858226776,80.0,2311.0,1.0,O,F,O,0
125233.609375,125327.9375,125565.21875,125458.0234375,125577.828125,125787.1328125,125643.2734375,125713.640625,-0.51513671875,0.0,-0.81201171875,-0.7324218153953552,0.3662109076976776,0.4882812201976776,80.0,2312.0,1.0,O,F,O,0
125403.5703125,125497.8125,125735.3671875,125627.8984375,125748.1484375,125957.2734375,125813.328125,125883.78125,-0.5146484375,-0.000732421875,-0.810791015625,-0.8544921278953552,0.3967284858226776,0.4577636420726776,80.0,2313.0,1.0,O,F,O,0
124601.5078125,124695.203125,124932.9375,124825.6484375,124945.71875,125154.6640625,125010.6328125,125080.7265625,-0.51416015625,-0.000732421875,-0.813720703125,-0.8239745497703552,0.5187987685203552,0.4272460639476776,80.0,2314.0,1.0,O,F,O,0
124385.5,124479.375,124717.015625,124609.640625,124729.53125,124938.5703125,124795.0703125,124864.8046875,-0.513916015625,0.000244140625,-0.813720703125,-0.7324218153953552,0.4272460639476776,0.4882812201976776,80.0,2315.0,1.0,O,F,O,0
125214.5703125,125309.1640625,125546.625,125438.796875,125558.78125,125768.1796875,125624.765625,125694.5078125,-0.51513671875,0.00048828125,-0.812255859375,-0.7629393935203552,0.3356933295726776,0.4882812201976776,80.0,2316.0,1.0,O,F,O,0
125592.9375,125687.53125,125925.3515625,125817.171875,125937.6015625,126146.6328125,126002.9609375,126072.875,-0.515380859375,0.003173828125,-0.81298828125,-0.7324218153953552,0.4272460639476776,0.4272460639476776,80.0,2317.0,1.0,O,F,O,0
124867.84375,124961.8125,125199.7265625,125092.4375,125212.2421875,125421.1875,125277.421875,125347.25,-0.51513671875,0.001708984375,-0.8115234375,-0.7019042372703552,0.4882812201976776,0.4272460639476776,80.0,2318.0,1.0,O,F,O,0
124453.0859375,124546.96875,124784.875,124677.9453125,124797.3984375,125006.25,124862.5703125,124932.3125,-0.514404296875,0.0,-0.811279296875,-0.5798339247703552,0.5493163466453552,0.4272460639476776,80.0,2319.0,1.0,O,F,O,0
125183.0078125,125277.328125,125514.703125,125407.421875,125527.4921875,125736.4375,125592.8515625,125662.5,-0.5146484375,0.00048828125,-0.812255859375,-0.6713866591453552,0.4882812201976776,0.3967284858226776,80.0,2320.0,1.0,O,F,O,0
125748.5078125,125842.921875,126080.65625,125972.828125,126093.171875,126302.6484375,126158.703125,126228.7109375,-0.5146484375,-0.00048828125,-0.810546875,-0.6713866591453552,0.4577636420726776,0.4272460639476776,80.0,2321.0,1.0,O,F,O,0
125146.6171875,125241.03125,125478.765625,125370.9375,125491.1015625,125700.671875,125556.7265625,125626.5546875,-0.5146484375,-0.0009765625,-0.811279296875,-0.7324218153953552,0.5493163466453552,0.4882812201976776,80.0,2322.0,1.0,O,F,O,0
124562.1640625,124656.21875,124894.1328125,124786.84375,124906.7421875,125115.859375,124972.453125,125042.015625,-0.514404296875,-0.0009765625,-0.811767578125,-0.7629393935203552,0.4882812201976776,0.3662109076976776,80.0,2323.0,1.0,O,F,O,0
125145.8125,125239.8671875,125477.6953125,125370.40625,125490.5703125,125699.78125,125555.921875,125625.84375,-0.513671875,-0.00048828125,-0.811279296875,-0.7934569716453552,0.3967284858226776,0.3967284858226776,80.0,2324.0,1.0,O,F,O,0
125861.609375,125955.75,126193.3046875,126086.2890625,126206.4453125,126415.84375,126271.625,126342.171875,-0.512939453125,0.000244140625,-0.809814453125,-0.7934569716453552,0.4882812201976776,0.4577636420726776,80.0,2325.0,1.0,O,F,O,0
125427.0,125521.4140625,125758.96875,125651.765625,125771.75,125981.140625,125837.2890625,125907.296875,-0.515869140625,0.0,-0.811279296875,-0.7324218153953552,0.4272460639476776,0.4882812201976776,80.0,2326.0,1.0,O,F,O,0
124713.7109375,124808.125,125045.859375,124938.75,125058.1953125,125267.765625,125123.90625,125193.5546875,-0.514404296875,0.000244140625,-0.8125,-0.7629393935203552,0.4272460639476776,0.4272460639476776,80.0,2327.0,1.0,O,F,O,0
125116.84375,125211.4375,125448.9921875,125341.6171875,125461.328125,125670.546875,125526.8671875,125596.78125,-0.515380859375,-0.000732421875,-0.812255859375,-0.7629393935203552,0.3662109076976776,0.4882812201976776,80.0,2328.0,1.0,O,F,O,0
125939.4765625,126034.25,126271.8046875,126163.8046875,126284.234375,126493.53125,126349.5,126419.953125,-0.51220703125,0.000732421875,-0.812255859375,-0.7934569716453552,0.4272460639476776,0.4272460639476776,80.0,2329.0,1.0,O,F,O,0
125698.2578125,125792.5859375,126030.5859375,125922.4921875,126042.921875,126252.3125,126108.28125,126178.2890625,-0.512939453125,0.001708984375,-0.811767578125,-0.7019042372703552,0.4882812201976776,0.3967284858226776,80.0,2330.0,1.0,O,F,O,0
124902.359375,124996.6796875,125234.5078125,125126.7734375,125246.9296875,125456.1484375,125312.6484375,125382.0234375,-0.51513671875,0.00146484375,-0.8115234375,-0.5798339247703552,0.4272460639476776,0.3662109076976776,80.0,2331.0,1.0,O,F,O,0
125100.0390625,125194.2734375,125432.09375,125324.359375,125444.2578125,125653.828125,125510.0546875,125579.796875,-0.512939453125,0.0,-0.811767578125,-0.6103515028953552,0.4272460639476776,0.3662109076976776,80.0,2332.0,1.0,O,F,O,0
125977.8359375,126072.515625,126309.984375,126202.0703125,126322.140625,126531.8046875,126387.859375,126458.21875,-0.51318359375,0.000732421875,-0.8134765625,-0.6408690810203552,0.4882812201976776,0.4272460639476776,80.0,2333.0,1.0,O,F,O,0
125952.0859375,126046.4140625,126284.140625,126176.5,126296.2109375,126505.9609375,126362.109375,126432.0234375,-0.515625,0.000244140625,-0.813720703125,-0.7324218153953552,0.4882812201976776,0.4577636420726776,80.0,2334.0,1.0,O,F,O,0
125128.9140625,125222.796875,125460.8828125,125353.59375,125473.3984375,125682.5234375,125538.7578125,125608.5859375,-0.514404296875,0.0009765625,-0.81298828125,-0.7019042372703552,0.5187987685203552,0.4272460639476776,80.0,2335.0,1.0,O,F,O,0
125107.9921875,125202.140625,125439.9609375,125332.765625,125452.390625,125661.6015625,125517.8359375,125587.6640625,-0.5146484375,0.00048828125,-0.811767578125,-0.7934569716453552,0.5493163466453552,0.5187987685203552,80.0,2336.0,1.0,O,F,O,0
125983.734375,126078.2421875,126315.796875,126208.4140625,126328.4921875,126538.0625,126393.7578125,126464.2109375,-0.51416015625,-0.001708984375,-0.8154296875,-0.7629393935203552,0.5798339247703552,0.3662109076976776,80.0,2337.0,1.0,O,F,O,0
126175.421875,126270.109375,126507.6640625,126400.28125,126520.265625,126729.8359375,126585.7109375,126656.2578125,-0.5146484375,-0.00048828125,-0.813232421875,-0.7324218153953552,0.5187987685203552,0.3967284858226776,80.0,2338.0,1.0,O,F,O,0
125378.1796875,125472.7734375,125710.328125,125603.0390625,125722.84375,125932.328125,125788.5625,125858.5625,-0.512451171875,0.001220703125,-0.810302734375,-0.7019042372703552,0.4577636420726776,0.3662109076976776,80.0,2339.0,1.0,O,F,O,0
125141.4296875,125235.84375,125473.3984375,125366.3828125,125485.921875,125695.3984375,125551.71875,125621.546875,-0.51318359375,0.000732421875,-0.81396484375,-0.7019042372703552,0.4882812201976776,0.4577636420726776,80.0,2340.0,1.0,O,F,O,0
125963.7109375,126058.3046875,126296.125,126188.8359375,126308.1953125,126518.125,126374.1796875,126444.359375,-0.51318359375,-0.000244140625,-0.81103515625,-0.7934569716453552,0.5187987685203552,0.4272460639476776,80.0,2341.0,1.0,O,F,O,0
126362.4609375,126457.4140625,126695.0546875,126587.59375,126707.0390625,126916.875,126773.0234375,126843.296875,-0.51220703125,0.002685546875,-0.8134765625,-0.7324218153953552,0.3662109076976776,0.5187987685203552,80.0,2342.0,1.0,O,F,O,0
125647.7421875,125742.0703125,125979.890625,125872.2421875,125992.0546875,126201.3515625,126057.765625,126127.953125,-0.513671875,0.00244140625,-0.809814453125,-0.7019042372703552,0.4577636420726776,0.4882812201976776,80.0,2343.0,1.0,O,F,O,0
125218.4140625,125312.6484375,125550.3828125,125442.8203125,125562.6328125,125771.84375,125628.078125,125698.4375,-0.513427734375,0.00048828125,-0.813232421875,-0.6713866591453552,0.4272460639476776,0.4272460639476776,80.0,2344.0,1.0,O,F,O,0
125936.7109375,126031.4765625,126268.8515625,126161.5703125,126281.546875,126490.671875,126346.90625,126417.8046875,-0.510986328125,-0.00048828125,-0.81103515625,-0.6408690810203552,0.4272460639476776,0.3967284858226776,80.0,2345.0,1.0,O,F,O,0
126514.90625,126609.3203125,126846.8671875,126739.5859375,126859.390625,127069.140625,126924.8359375,126996.0,-0.515380859375,0.000244140625,-0.809814453125,-0.7019042372703552,0.4882812201976776,0.4272460639476776,80.0,2346.0,1.0,O,F,O,0
125926.9609375,126021.2890625,126258.84375,126151.5546875,126271.5390625,126480.9296875,126336.984375,126407.5234375,-0.513427734375,0.000732421875,-0.814453125,-0.7019042372703552,0.4577636420726776,0.3967284858226776,80.0,2347.0,1.0,O,F,O,0
125329.90625,125424.4921875,125661.8671875,125554.5859375,125674.5703125,125883.6015625,125740.1015625,125810.015625,-0.512451171875,0.000732421875,-0.81591796875,-0.6713866591453552,0.4577636420726776,0.3967284858226776,80.0,2348.0,1.0,O,F,O,0
125895.9375,125990.890625,126228.0859375,126121.3359375,126241.140625,126450.171875,126306.3203125,126376.4140625,-0.51318359375,-0.00048828125,-0.813232421875,-0.7324218153953552,0.4577636420726776,0.5187987685203552,80.0,2349.0,1.0,O,F,O,0
126623.3515625,126718.390625,126955.765625,126848.4765625,126968.4609375,127177.9453125,127033.28125,127104.453125,-0.51416015625,0.000732421875,-0.81298828125,-0.7019042372703552,0.4577636420726776,0.4272460639476776,80.0,2350.0,1.0,O,F,O,0
126206.1796875,126300.59375,126537.7890625,126430.6796875,126550.9375,126759.96875,126615.84375,126686.4765625,-0.514404296875,0.000732421875,-0.8125,-0.7019042372703552,0.4882812201976776,0.3356933295726776,80.0,2351.0,1.0,O,F,O,0
125484.21875,125578.8984375,125816.1015625,125709.078125,125829.0625,126038.09375,125894.0625,125964.6953125,-0.513671875,0.00048828125,-0.81201171875,-0.7324218153953552,0.4882812201976776,0.3662109076976776,80.0,2352.0,1.0,O,F,O,0
125866.703125,125961.828125,126199.5625,126092.09375,126211.6328125,126421.3828125,126277.4375,126347.8046875,-0.51416015625,0.00048828125,-0.811767578125,-0.8239745497703552,0.5187987685203552,0.4577636420726776,80.0,2353.0,1.0,O,F,O,0
126694.5234375,126789.828125,127027.3828125,126919.734375,127039.8125,127249.5625,127105.4375,127176.0703125,-0.517333984375,0.000244140625,-0.808349609375,-0.8239745497703552,0.5187987685203552,0.4577636420726776,80.0,2354.0,1.0,O,F,O,0
126475.3828125,126570.2421875,126807.3515625,126700.2421875,126820.140625,127029.796875,126885.40625,126956.21875,-0.51513671875,0.001220703125,-0.809326171875,-0.7324218153953552,0.4577636420726776,0.3967284858226776,80.0,2355.0,1.0,O,F,O,0
125673.8515625,125768.1796875,126005.640625,125898.796875,126018.3359375,126227.7265625,126083.875,126154.0546875,-0.513427734375,0.0,-0.811767578125,-0.7019042372703552,0.4577636420726776,0.4272460639476776,80.0,2356.0,1.0,O,F,O,0
125850.609375,125945.203125,126182.3984375,126075.5546875,126195.1796875,126404.9296875,126260.71875,126331.3515625,-0.51513671875,-0.002197265625,-0.8115234375,-0.7019042372703552,0.4577636420726776,0.4272460639476776,80.0,2357.0,1.0,O,F,O,0
126732.1640625,126827.0234375,127063.953125,126956.6640625,127076.828125,127286.75,127142.2734375,127213.0859375,-0.514892578125,0.00048828125,-0.813232421875,-0.7324218153953552,0.3356933295726776,0.4577636420726776,80.0,2358.0,1.0,O,F,O,0
126725.9921875,126820.9453125,127057.9609375,126950.5859375,127070.921875,127280.765625,127136.1015625,127207.0,-0.513671875,-0.00048828125,-0.810302734375,-0.7629393935203552,0.4272460639476776,0.4272460639476776,80.0,2359.0,1.0,O,F,O,0
125900.5859375,125995.09375,126232.375,126125.265625,126245.25,126455.0,126310.515625,126381.1484375,-0.513427734375,0.000732421875,-0.810791015625,-0.7324218153953552,0.4882812201976776,0.4577636420726776,80.0,2360.0,1.0,O,F,O,0
125859.90625,125954.6796875,126191.875,126084.765625,126204.8359375,126414.234375,126269.9296875,126340.6484375,-0.513427734375,-0.001220703125,-0.81201171875,-0.7019042372703552,0.5187987685203552,0.4272460639476776,80.0,2361.0,1.0,O,F,O,0
126736.2734375,126831.3125,127068.421875,126961.1328125,127081.203125,127290.8671875,127146.921875,127217.640625,-0.513427734375,0.0,-0.812255859375,-0.7629393935203552,0.4882812201976776,0.3662109076976776,80.0,2362.0,1.0,O,F,O,0
126945.484375,127040.6171875,127277.2734375,127170.1640625,127290.328125,127499.5390625,127355.6875,127426.9453125,-0.513916015625,0.00146484375,-0.80908203125,-0.7629393935203552,0.4272460639476776,0.3051757514476776,80.0,2363.0,1.0,O,F,O,0
126153.5234375,126248.203125,126485.0390625,126378.375,126498.0078125,126707.484375,126563.453125,126634.2578125,-0.513671875,0.003662109375,-0.80908203125,-0.7019042372703552,0.5187987685203552,0.3356933295726776,80.0,2364.0,1.0,O,F,O,0
125899.515625,125994.375,126231.390625,126124.1015625,126243.8203125,126453.4765625,126309.53125,126379.8125,-0.513916015625,0.00048828125,-0.812744140625,-0.6713866591453552,0.4882812201976776,0.4272460639476776,80.0,2365.0,1.0,O,F,O,0
126713.296875,126808.25,127045.265625,126937.890625,127058.140625,127267.6171875,127123.8515625,127194.0390625,-0.513916015625,-0.0009765625,-0.811279296875,-0.7324218153953552,0.4882812201976776,0.4882812201976776,80.0,2366.0,1.0,O,F,O,0
127127.1640625,127222.109375,127459.3125,127352.0234375,127472.09375,127681.75,127537.5390625,127608.3515625,-0.512939453125,0.0,-0.813232421875,-0.7934569716453552,0.5493163466453552,0.4577636420726776,80.0,2367.0,1.0,O,F,O,0
126418.7890625,126513.5625,126750.8515625,126643.46875,126763.9921875,126973.3828125,126829.078125,126899.625,-0.512939453125,0.001220703125,-0.81396484375,-0.7324218153953552,0.4882812201976776,0.4272460639476776,80.0,2368.0,1.0,O,F,O,0
125971.7578125,126066.4375,126303.90625,126196.4375,126316.1484375,126525.6328125,126381.59375,126452.2265625,-0.513916015625,0.0,-0.8125,-0.7324218153953552,0.5187987685203552,0.4272460639476776,80.0,2369.0,1.0,O,F,O,0
126679.9453125,126774.6328125,127011.9140625,126904.1796875,127023.984375,127233.9140625,127089.96875,127160.6875,-0.513916015625,-0.001708984375,-0.810302734375,-0.7019042372703552,0.5187987685203552,0.4272460639476776,80.0,2370.0,1.0,O,F,O,0
127274.953125,127369.8984375,127606.921875,127499.71875,127619.5234375,127829.453125,127685.0625,127756.2265625,-0.514404296875,-0.0009765625,-0.810791015625,-0.6713866591453552,0.4882812201976776,0.3356933295726776,80.0,2371.0,1.0,O,F,O,0
126700.515625,126795.375,127032.9296875,126925.640625,127045.171875,127255.1015625,127110.9765625,127181.7890625,-0.51416015625,0.000732421875,-0.813232421875,-0.7324218153953552,0.5187987685203552,0.3662109076976776,80.0,2372.0,1.0,O,F,O,0
126088.5234375,126183.0234375,126420.671875,126313.3828125,126433.0078125,126642.7578125,126498.8125,126569.0859375,-0.5146484375,0.0009765625,-0.813232421875,-0.6408690810203552,0.4882812201976776,0.4272460639476776,80.0,2373.0,1.0,O,F,O,0
126641.59375,126736.5390625,126973.3828125,126865.9140625,126986.1640625,127195.9140625,127051.7890625,127122.6015625,-0.510986328125,-0.00048828125,-0.813232421875,-0.7019042372703552,0.4882812201976776,0.4577636420726776,80.0,2374.0,1.0,O,F,O,0
127378.484375,127474.0625,127711.078125,127603.5234375,127723.6875,127933.2578125,127789.1328125,127860.5703125,-0.5126953125,-0.000244140625,-0.811279296875,-0.7934569716453552,0.5493163466453552,0.4272460639476776,80.0,2375.0,1.0,O,F,O,0
126975.2578125,127070.8359375,127307.5859375,127200.65625,127320.7265625,127530.296875,127385.90625,127456.8984375,-0.513427734375,0.000244140625,-0.811279296875,-0.7629393935203552,0.4577636420726776,0.4272460639476776,80.0,2376.0,1.0,O,F,O,0
126244.265625,126339.21875,126576.5078125,126469.125,126589.203125,126798.7734375,126654.5546875,126724.921875,-0.51220703125,-0.00048828125,-0.81201171875,-0.6713866591453552,0.5187987685203552,0.5187987685203552,80.0,2377.0,1.0,O,F,O,0
126611.5546875,126706.3203125,126943.7890625,126836.234375,126955.9453125,127165.6953125,127021.484375,127092.296875,-0.5126953125,0.00048828125,-0.810791015625,-0.7019042372703552,0.4882812201976776,0.4577636420726776,80.0,2378.0,1.0,O,F,O,0
127445.09375,127540.4921875,127777.5078125,127669.859375,127790.203125,128000.0390625,127855.46875,127926.546875,-0.51318359375,0.001220703125,-0.810302734375,-0.7629393935203552,0.5493163466453552,0.3967284858226776,80.0,2379.0,1.0,O,F,O,0
127243.8359375,127339.0546875,127575.8984375,127468.1640625,127588.3203125,127798.25,127653.765625,127724.84375,-0.514404296875,0.002197265625,-0.8125,-0.8239745497703552,0.4577636420726776,0.5493163466453552,80.0,2380.0,1.0,O,F,O,0
126439.171875,126534.3046875,126771.4140625,126663.8515625,126783.75,126993.3203125,126849.28125,126919.734375,-0.515625,0.003173828125,-0.8095703125,-0.7324218153953552,0.4882812201976776,0.4272460639476776,80.0,2381.0,1.0,O,F,O,0
126593.7578125,126688.796875,126926.0,126818.2578125,126938.515625,127147.9921875,127003.8671875,127074.59375,-0.5146484375,0.001220703125,-0.81103515625,-0.7324218153953552,0.3662109076976776,0.3662109076976776,80.0,2382.0,1.0,O,F,O,0
127473.4375,127568.65625,127805.7578125,127697.9375,127818.546875,128027.9375,127883.7265625,127955.0703125,-0.513427734375,-0.000244140625,-0.81005859375,-0.8239745497703552,0.4272460639476776,0.4272460639476776,80.0,2383.0,1.0,O,F,O,0
127485.953125,127581.53125,127818.546875,127710.71875,127831.421875,128040.9921875,127896.328125,127967.6796875,-0.51318359375,0.0,-0.81005859375,-0.7934569716453552,0.4272460639476776,0.3967284858226776,80.0,2384.0,1.0,O,F,O,0
126662.515625,126758.1796875,126995.015625,126887.375,127007.984375,127217.1015625,127073.25,127143.703125,-0.515380859375,-0.00048828125,-0.811767578125,-0.7934569716453552,0.5187987685203552,0.3967284858226776,80.0,2385.0,1.0,O,F,O,0
126601.8984375,126697.6484375,126934.7578125,126826.84375,126947.1875,127156.484375,127012.71875,127083.171875,-0.5146484375,-0.001220703125,-0.811767578125,-0.7629393935203552,0.6103515028953552,0.3662109076976776,80.0,2386.0,1.0,O,F,O,0
127473.2578125,127568.7421875,127805.8515625,127697.9375,127818.1015625,128027.7578125,127884.078125,127954.890625,-0.513916015625,-0.000732421875,-0.81298828125,-0.7324218153953552,0.5187987685203552,0.3662109076976776,80.0,2387.0,1.0,O,F,O,0
127697.1328125,127792.7109375,128029.7265625,127921.71875,128042.0625,128251.9921875,128107.8671875,128178.5859375,-0.51220703125,0.00048828125,-0.810791015625,-0.7934569716453552,0.5493163466453552,0.4577636420726776,80.0,2388.0,1.0,O,F,O,0
126909.2734375,127004.046875,127241.6015625,127133.953125,127254.1171875,127463.8671875,127319.390625,127390.1953125,-0.512939453125,0.002197265625,-0.811767578125,-0.7934569716453552,0.4577636420726776,0.4577636420726776,80.0,2389.0,1.0,O,F,O,0
126639.265625,126734.0390625,126971.4140625,126864.125,126984.0234375,127193.859375,127049.5546875,127120.1015625,-0.513916015625,0.001220703125,-0.814453125,-0.7019042372703552,0.4882812201976776,0.4577636420726776,80.0,2390.0,1.0,O,F,O,0
127448.3984375,127543.3515625,127780.546875,127673.2578125,127793.3359375,128003.6171875,127858.78125,127929.6796875,-0.51318359375,0.0,-0.814697265625,-0.6408690810203552,0.3967284858226776,0.4577636420726776,80.0,2391.0,1.0,O,F,O,0
127878.1796875,127973.6640625,128210.59375,128102.953125,128223.3828125,128433.84375,128288.734375,128360.171875,-0.512939453125,0.00146484375,-0.80859375,-0.6713866591453552,0.4272460639476776,0.4272460639476776,80.0,2392.0,1.0,O,F,O,0
127179.015625,127274.5078125,127511.1640625,127403.875,127524.1328125,127734.234375,127589.3984375,127660.5625,-0.5126953125,0.0009765625,-0.810302734375,-0.7629393935203552,0.4882812201976776,0.4882812201976776,80.0,2393.0,1.0,O,F,O,0
126716.3359375,126811.5546875,127048.6640625,126941.015625,127061.09375,127271.109375,127126.625,127197.4375,-0.512939453125,0.001708984375,-0.8134765625,-0.7324218153953552,0.4577636420726776,0.4577636420726776,80.0,2394.0,1.0,O,F,O,0
127410.1328125,127505.7109375,127742.7265625,127635.0859375,127755.0703125,127965.3515625,127820.6953125,127892.0390625,-0.5126953125,-0.00048828125,-0.810791015625,-0.5798339247703552,0.4272460639476776,0.3967284858226776,80.0,2395.0,1.0,O,F,O,0
128017.296875,128113.3203125,128350.25,128242.2421875,128362.6796875,128572.875,128427.765625,128499.5625,-0.510986328125,0.000244140625,-0.80908203125,-0.6713866591453552,0.4577636420726776,0.3967284858226776,80.0,2396.0,1.0,O,F,O,0
127456.1796875,127551.84375,127788.859375,127680.7734375,127801.3828125,128011.21875,127866.6484375,127937.90625,-0.513671875,0.000732421875,-0.8115234375,-0.6408690810203552,0.4882812201976776,0.4272460639476776,80.0,2397.0,1.0,O,F,O,0
126830.78125,126926.171875,127163.640625,127055.6328125,127175.796875,127385.546875,127241.15625,127312.234375,-0.513671875,0.0,-0.814208984375,-0.6103515028953552,0.4577636420726776,0.4577636420726776,80.0,2398.0,1.0,O,F,O,0
127369.3671875,127464.9453125,127702.4921875,127594.7578125,127714.7421875,127924.4921875,127780.3671875,127850.9140625,-0.514892578125,0.00048828125,-0.813720703125,-0.6103515028953552,0.4577636420726776,0.4272460639476776,80.0,2399.0,1.0,O,F,O,0
128117.4375,128213.0078125,128450.3828125,128342.828125,128462.7265625,128672.6484375,128528.6171875,128599.515625,-0.513916015625,0.00146484375,-0.81298828125,-0.6408690810203552,0.4577636420726776,0.4882812201976776,80.0,2400.0,1.0,O,F,O,0
127730.4765625,127825.875,128063.25,127955.3359375,128075.59375,128285.0703125,128141.21875,128212.1171875,-0.51513671875,0.0,-0.81298828125,-0.6408690810203552,0.5187987685203552,0.4577636420726776,80.0,2401.0,1.0,O,F,O,0
126987.7734375,127082.9921875,127320.28125,127212.546875,127332.890625,127542.0078125,127398.15625,127468.875,-0.515869140625,0.000732421875,-0.81103515625,-0.7324218153953552,0.5798339247703552,0.4882812201976776,80.0,2402.0,1.0,O,F,O,0
127334.3203125,127429.625,127666.9140625,127559.1796875,127679.515625,127889.0859375,127744.9609375,127815.8671875,-0.513671875,-0.00146484375,-0.8125,-0.7629393935203552,0.4577636420726776,0.3967284858226776,80.0,2403.0,1.0,O,F,O,0
128175.546875,128271.125,128508.3203125,128400.5859375,128520.8359375,128730.765625,128586.375,128657.8125,-0.5126953125,0.002197265625,-0.810302734375,-0.7324218153953552,0.4882812201976776,0.3967284858226776,80.0,2404.0,1.0,O,F,O,0
127992.53125,128087.84375,128325.0390625,128217.4765625,128337.5546875,128547.75,128403.1796875,128474.5234375,-0.5126953125,0.00048828125,-0.809326171875,-0.5798339247703552,0.4272460639476776,0.3967284858226776,80.0,2405.0,1.0,O,F,O,0
127183.7578125,127278.6171875,127516.0859375,127408.171875,127528.421875,127738.3515625,127593.953125,127664.765625,-0.513427734375,0.000732421875,-0.810791015625,-0.6408690810203552,0.3967284858226776,0.4272460639476776,80.0,2406.0,1.0,O,F,O,0
127322.4296875,127417.8203125,127654.75,127546.9296875,127667.1796875,127877.2890625,127732.625,127803.8828125,-0.5146484375,0.000244140625,-0.813232421875,-0.7019042372703552,0.3967284858226776,0.4577636420726776,80.0,2407.0,1.0,O,F,O,0
128204.9609375,128300.453125,128537.46875,128429.4609375,128549.8984375,128760.625,128615.34375,128687.1328125,-0.5146484375,0.0,-0.810546875,-0.6713866591453552,0.3967284858226776,0.3662109076976776,80.0,2408.0,1.0,O,F,O,0
128234.46875,128329.7734375,128567.2421875,128459.1484375,128579.6640625,128789.953125,128645.2890625,128716.90625,-0.513916015625,-0.000244140625,-0.813232421875,-0.7629393935203552,0.3662109076976776,0.3051757514476776,80.0,2409.0,1.0,O,F,O,0
127410.671875,127505.890625,127743.265625,127635.171875,127755.78125,127965.3515625,127821.2265625,127892.125,-0.515625,-0.001220703125,-0.814697265625,-0.7934569716453552,0.4272460639476776,0.3662109076976776,80.0,2410.0,1.0,O,F,O,0
127331.7265625,127427.390625,127664.6796875,127556.765625,127677.015625,127886.4921875,127742.28125,127813.453125,-0.514892578125,0.002685546875,-0.81103515625,-0.7934569716453552,0.4577636420726776,0.4272460639476776,80.0,2411.0,1.0,O,F,O,0
128198.34375,128293.7421875,128531.2109375,128423.4765625,128543.7265625,128753.296875,128608.8125,128680.4296875,-0.513427734375,0.001953125,-0.814208984375,-0.7934569716453552,0.3662109076976776,0.4272460639476776,80.0,2412.0,1.0,O,F,O,0
128443.5,128539.1640625,128776.359375,128668.5390625,128789.0625,128998.984375,128854.0546875,128926.03125,-0.51318359375,0.00048828125,-0.814453125,-0.7934569716453552,0.4272460639476776,0.3967284858226776,80.0,2413.0,1.0,O,F,O,0
127662.796875,127758.1953125,127995.84375,127888.1015625,128008.265625,128218.375,128073.265625,128144.703125,-0.51513671875,-0.0009765625,-0.813232421875,-0.7324218153953552,0.3662109076976776,0.4577636420726776,80.0,2414.0,1.0,O,F,O,0
127374.90625,127469.859375,127707.4140625,127599.5859375,127719.75,127929.6796875,127785.015625,127856.1875,-0.513427734375,0.00244140625,-0.811767578125,-0.7629393935203552,0.5187987685203552,0.5187987685203552,80.0,2415.0,1.0,O,F,O,0
128173.671875,128268.9765625,128506.265625,128398.3515625,128518.8671875,128728.53125,128584.3203125,128655.6640625,-0.513916015625,0.002685546875,-0.811279296875,-0.7019042372703552,0.5493163466453552,0.4882812201976776,80.0,2416.0,1.0,O,F,O,0
128619.1875,128714.671875,128952.140625,128844.1328125,128964.296875,129174.4921875,129030.0078125,129101.625,-0.513427734375,0.00048828125,-0.81103515625,-0.7324218153953552,0.5493163466453552,0.4577636420726776,80.0,2417.0,1.0,O,F,O,0
127932.359375,128027.578125,128264.7734375,128157.3984375,128277.3828125,128487.4921875,128343.0078125,128414.171875,-0.512939453125,0.000732421875,-0.811279296875,-0.7324218153953552,0.4577636420726776,0.3356933295726776,80.0,2418.0,1.0,O,F,O,0
127454.8359375,127549.875,127786.8046875,127679.6953125,127799.6796875,128009.7890625,127865.125,127936.3828125,-0.5126953125,-0.000244140625,-0.811279296875,-0.7324218153953552,0.4577636420726776,0.4577636420726776,80.0,2419.0,1.0,O,F,O,0
128138.890625,128234.0234375,128471.0390625,128363.6640625,128483.9140625,128694.109375,128549.0,128620.796875,-0.51416015625,0.001953125,-0.812255859375,-0.6713866591453552,0.4577636420726776,0.5187987685203552,80.0,2420.0,1.0,O,F,O,0
128759.375,128854.859375,129091.96875,128984.1484375,129104.484375,129314.7734375,129169.6640625,129241.7265625,-0.514404296875,0.00244140625,-0.809326171875,-0.7324218153953552,0.4882812201976776,0.5493163466453552,80.0,2421.0,1.0,O,F,O,0
128210.8671875,128305.9921875,128543.3671875,128435.2734375,128555.53125,128765.8125,128621.15625,128692.859375,-0.51513671875,0.00244140625,-0.8076171875,-0.8544921278953552,0.5187987685203552,0.5493163466453552,80.0,2422.0,1.0,O,F,O,0
127574.109375,127669.0546875,127906.4296875,127798.6953125,127919.0390625,128128.96875,127984.578125,128055.7421875,-0.510986328125,0.00146484375,-0.8125,-0.8544921278953552,0.4577636420726776,0.5493163466453552,80.0,2423.0,1.0,O,F,O,0
128095.7109375,128191.015625,128428.3046875,128320.390625,128440.90625,128651.28125,128506.265625,128577.7890625,-0.511474609375,0.001708984375,-0.810302734375,-0.7934569716453552,0.4272460639476776,0.4882812201976776,80.0,2424.0,1.0,O,F,O,0
128853.609375,128949.3671875,129186.3828125,129078.6484375,129198.8125,129409.3671875,129264.4375,129336.0546875,-0.513916015625,0.00048828125,-0.8134765625,-0.7324218153953552,0.4577636420726776,0.4882812201976776,80.0,2425.0,1.0,O,F,O,0
128484.71875,128580.1171875,128817.21875,128709.6640625,128829.5625,129039.9375,128895.2734375,128966.625,-0.514892578125,0.0,-0.814208984375,-0.7629393935203552,0.4272460639476776,0.4882812201976776,80.0,2426.0,1.0,O,F,O,0
127735.7578125,127830.8828125,128067.9921875,127960.703125,128080.6875,128290.6171875,128146.3984375,128217.125,-0.5146484375,-0.001220703125,-0.8125,-0.7934569716453552,0.4272460639476776,0.4577636420726776,80.0,2427.0,1.0,O,F,O,0
128065.9375,128160.9765625,128398.0859375,128290.6171875,128411.046875,128620.796875,128476.40625,128547.75,-0.512939453125,0.00048828125,-0.812744140625,-0.6713866591453552,0.4882812201976776,0.4272460639476776,80.0,2428.0,1.0,O,F,O,0
128910.1171875,129005.515625,129242.53125,129135.0625,129255.3125,129465.515625,129320.8515625,129392.734375,-0.513671875,0.000732421875,-0.812744140625,-0.6713866591453552,0.4272460639476776,0.3967284858226776,80.0,2429.0,1.0,O,F,O,0
128743.015625,128838.859375,129075.7890625,128968.3203125,129088.125,129298.5859375,129154.015625,129225.546875,-0.51318359375,0.00146484375,-0.812255859375,-0.6713866591453552,0.5187987685203552,0.4577636420726776,80.0,2430.0,1.0,O,F,O,0
127930.484375,128025.703125,128262.359375,128155.25,128275.4140625,128485.34375,128340.953125,128412.03125,-0.513671875,0.0,-0.8115234375,-0.7324218153953552,0.4577636420726776,0.4272460639476776,80.0,2431.0,1.0,O,F,O,0
128047.875,128142.828125,128379.84375,128272.46875,128392.8046875,128602.6484375,128458.078125,128529.421875,-0.51416015625,0.000244140625,-0.811767578125,-0.8239745497703552,0.4577636420726776,0.5187987685203552,80.0,2432.0,1.0,O,F,O,0
128930.234375,129026.078125,129262.734375,129155.2734375,129275.34375,129485.8046875,129340.875,129412.5859375,-0.513671875,-0.000244140625,-0.8134765625,-0.8850097060203552,0.4882812201976776,0.3967284858226776,80.0,2433.0,1.0,O,F,O,0
128981.640625,129077.3984375,129313.875,129206.5859375,129326.5703125,129537.21875,129392.375,129464.078125,-0.51123046875,-0.0009765625,-0.812255859375,-0.7019042372703552,0.4272460639476776,0.4272460639476776,80.0,2434.0,1.0,O,F,O,0
128160.078125,128255.390625,128492.046875,128384.8515625,128505.015625,128715.1171875,128570.640625,128641.8046875,-0.512939453125,0.001220703125,-0.8095703125,-0.8544921278953552,0.3967284858226776,0.4882812201976776,80.0,2435.0,1.0,O,F,O,0
128059.140625,128154.8046875,128391.6484375,128284.0859375,128403.8046875,128614.359375,128469.875,128540.953125,-0.5126953125,0.000732421875,-0.81396484375,-0.8544921278953552,0.4882812201976776,0.4272460639476776,80.0,2436.0,1.0,O,F,O,0
128922.0078125,129017.765625,129254.2421875,129146.8671875,129266.9375,129477.5859375,129332.65625,129404.890625,-0.515625,-0.000244140625,-0.811767578125,-0.7629393935203552,0.4272460639476776,0.3356933295726776,80.0,2437.0,1.0,O,F,O,0
129188.0859375,129283.8359375,129520.6796875,129412.8515625,129533.4609375,129743.921875,129599.171875,129671.1484375,-0.515869140625,-0.000244140625,-0.80810546875,-0.7934569716453552,0.5187987685203552,0.4272460639476776,80.0,2438.0,1.0,O,F,O,0
128414.0,128509.84375,128746.765625,128639.3046875,128759.109375,128969.6640625,128824.9140625,128896.6171875,-0.5166015625,-0.0009765625,-0.810791015625,-0.7629393935203552,0.3967284858226776,0.4577636420726776,80.0,2439.0,1.0,O,F,O,0
128106.703125,128202.28125,128439.1171875,128331.296875,128451.9921875,128662.3671875,128517.171875,128588.609375,-0.513671875,-0.000244140625,-0.812255859375,-0.7629393935203552,0.5187987685203552,0.5187987685203552,80.0,2440.0,1.0,O,F,O,0
128896.9765625,128993.0859375,129229.4765625,129121.7421875,129242.4453125,129453.0859375,129307.53125,129379.5,-0.51220703125,-0.00048828125,-0.81494140625,-0.7324218153953552,0.4882812201976776,0.5187987685203552,80.0,2441.0,1.0,O,F,O,0
129361.7109375,129457.8203125,129694.5703125,129586.75,129707.0859375,129917.640625,129772.359375,129844.2421875,-0.513427734375,0.001220703125,-0.8125,-0.6713866591453552,0.4577636420726776,0.4272460639476776,80.0,2442.0,1.0,O,F,O,0
128685.6171875,128781.1875,129018.2109375,128910.1171875,129030.7265625,129241.28125,129096.0859375,129167.7890625,-0.513916015625,0.000732421875,-0.810791015625,-0.7629393935203552,0.3967284858226776,0.3356933295726776,80.0,2443.0,1.0,O,F,O,0
128191.28125,128286.7734375,128523.609375,128415.609375,128536.21875,128746.59375,128601.75,128673.2734375,-0.515380859375,-0.001953125,-0.810791015625,-0.7934569716453552,0.4272460639476776,0.4272460639476776,80.0,2444.0,1.0,O,F,O,0
128859.0625,128955.1796875,129191.75,129083.921875,129204.171875,129414.7265625,129269.890625,129341.5078125,-0.513671875,0.0,-0.81005859375,-0.7324218153953552,0.3356933295726776,0.3967284858226776,80.0,2445.0,1.0,O,F,O,0
129492.6953125,129589.25,129826.0,129717.90625,129838.3359375,130049.1640625,129903.9609375,129976.0234375,-0.515869140625,0.000732421875,-0.816162109375,-0.7629393935203552,0.3967284858226776,0.4577636420726776,80.0,2446.0,1.0,O,F,O,0
128961.34375,129057.3671875,129293.9375,129186.4765625,129306.6328125,129517.0078125,129372.3515625,129444.234375,-0.5146484375,0.000244140625,-0.81396484375,-0.7019042372703552,0.4272460639476776,0.3967284858226776,80.0,2447.0,1.0,O,F,O,0
128313.953125,128409.2578125,128646.09375,128538.8984375,128658.703125,128868.9921875,128724.59375,128796.03125,-0.514404296875,-0.0009765625,-0.81103515625,-0.7019042372703552,0.4272460639476776,0.4272460639476776,80.0,2448.0,1.0,O,F,O,0
128816.1484375,128912.0859375,129148.921875,129041.1875,129161.4375,129371.7265625,129226.796875,129298.6796875,-0.513427734375,0.0009765625,-0.8134765625,-0.7934569716453552,0.4272460639476776,0.4577636420726776,80.0,2449.0,1.0,O,F,O,0
129583.4375,129679.8203125,129916.3046875,129808.5703125,129929.0,130139.5546875,129994.171875,130066.328125,-0.512939453125,0.000244140625,-0.811767578125,-0.7324218153953552,0.4882812201976776,0.4577636420726776,80.0,2450.0,1.0,O,F,O,0
129233.234375,129329.703125,129565.734375,129458.4453125,129578.7890625,129789.34375,129643.7890625,129715.8515625,-0.512939453125,0.001953125,-0.814208984375,-0.7324218153953552,0.4882812201976776,0.3662109076976776,80.0,2451.0,1.0,O,F,O,0
128476.7578125,128572.9609375,128809.0859375,128702.0625,128822.140625,129032.6953125,128887.5859375,128959.203125,-0.515380859375,0.0009765625,-0.8125,-0.7629393935203552,0.4882812201976776,0.3662109076976776,80.0,2452.0,1.0,O,F,O,0
128787.09375,128883.1171875,129119.1484375,129012.3046875,129132.0234375,129343.0234375,129197.6484375,129269.625,-0.514404296875,0.001953125,-0.8076171875,-0.7019042372703552,0.4272460639476776,0.4577636420726776,80.0,2453.0,1.0,O,F,O,0
129637.53125,129734.09375,129970.125,129862.8359375,129982.9140625,130193.8203125,130048.265625,130121.046875,-0.51416015625,0.00146484375,-0.807373046875,-0.7629393935203552,0.4882812201976776,0.4882812201976776,80.0,2454.0,1.0,O,F,O,0
129490.6328125,129586.9296875,129823.5859375,129715.9375,129836.1953125,130046.75,129901.7265625,129974.1484375,-0.513427734375,0.002197265625,-0.807861328125,-0.7019042372703552,0.4272460639476776,0.4272460639476776,80.0,2455.0,1.0,O,F,O,0
128674.2578125,128770.1953125,129006.765625,128899.296875,129019.28125,129230.015625,129084.9921875,129156.609375,-0.513427734375,0.001953125,-0.811767578125,-0.7019042372703552,0.5187987685203552,0.5187987685203552,80.0,2456.0,1.0,O,F,O,0
128774.578125,128870.421875,129107.078125,128999.1640625,129119.2421875,129330.1484375,129185.0390625,129256.8359375,-0.51123046875,0.001708984375,-0.812744140625,-0.6103515028953552,0.5187987685203552,0.3967284858226776,80.0,2457.0,1.0,O,F,O,0
129656.484375,129752.421875,129989.078125,129881.2578125,130001.328125,130212.2421875,130067.1328125,130139.28125,-0.51513671875,0.00146484375,-0.81201171875,-0.6103515028953552,0.4882812201976776,0.4272460639476776,80.0,2458.0,1.0,O,F,O,0
129724.1640625,129820.1875,130056.9375,129949.203125,130069.1875,130279.921875,130134.8984375,130206.875,-0.513427734375,0.000244140625,-0.8125,-0.6713866591453552,0.4272460639476776,0.4272460639476776,80.0,2459.0,1.0,O,F,O,0
128905.6484375,129001.1328125,129238.0625,129130.59375,129250.578125,129461.1328125,129316.46875,129387.90625,-0.512451171875,0.002197265625,-0.813720703125,-0.7019042372703552,0.4577636420726776,0.5187987685203552,80.0,2460.0,1.0,O,F,O,0
128788.8828125,128884.453125,129121.203125,129013.7421875,129133.8984375,129344.09375,129199.4375,129271.5859375,-0.514892578125,0.001953125,-0.811279296875,-0.7019042372703552,0.4272460639476776,0.4577636420726776,80.0,2461.0,1.0,O,F,O,0
129648.4375,129745.0,129981.4765625,129873.7421875,129993.8203125,130204.546875,130059.3515625,130131.6796875,-0.514404296875,0.0029296875,-0.80810546875,-0.6713866591453552,0.3662109076976776,0.4882812201976776,80.0,2462.0,1.0,O,F,O,0
129932.125,130028.6875,130265.171875,130156.984375,130277.328125,130488.0625,130342.953125,130415.015625,-0.513427734375,0.001708984375,-0.8115234375,-0.7324218153953552,0.3662109076976776,0.5187987685203552,80.0,2463.0,1.0,O,F,O,0
129164.125,129260.4140625,129497.0703125,129389.0703125,129509.5,129719.7890625,129575.125,129647.1015625,-0.513671875,0.001953125,-0.808837890625,-0.7324218153953552,0.3967284858226776,0.3967284858226776,80.0,2464.0,1.0,O,F,O,0
128836.0859375,128932.203125,129169.0390625,129061.03125,129180.84375,129391.390625,129246.8203125,129318.796875,-0.515380859375,0.000244140625,-0.811279296875,-0.7324218153953552,0.4272460639476776,0.4577636420726776,80.0,2465.0,1.0,O,F,O,0
129617.6796875,129714.15625,129950.7265625,129842.8984375,129962.703125,130173.6171875,130028.421875,130100.8359375,-0.514404296875,-0.001708984375,-0.81396484375,-0.7019042372703552,0.4272460639476776,0.4577636420726776,80.0,2466.0,1.0,O,F,O,0
130098.515625,130195.25,130431.1953125,130323.7265625,130443.8046875,130654.5390625,130509.515625,130581.8515625,-0.5146484375,-0.00048828125,-0.8134765625,-0.7629393935203552,0.4882812201976776,0.3967284858226776,80.0,2467.0,1.0,O,F,O,0
129432.609375,129529.078125,129765.5625,129657.6484375,129778.078125,129988.453125,129843.6171875,129915.40625,-0.515380859375,-0.000732421875,-0.815185546875,-0.7019042372703552,0.5493163466453552,0.3662109076976776,80.0,2468.0,1.0,O,F,O,0
128920.3046875,129016.328125,129253.078125,129145.1640625,129265.328125,129475.9765625,129331.046875,129402.65625,-0.513671875,0.0009765625,-0.811279296875,-0.7629393935203552,0.5187987685203552,0.3662109076976776,80.0,2469.0,1.0,O,F,O,0
129576.9140625,129673.0234375,129909.5078125,129801.6796875,129921.6640625,130132.6640625,129987.7421875,130059.53125,-0.514892578125,0.001953125,-0.81005859375,-0.7629393935203552,0.5187987685203552,0.3967284858226776,80.0,2470.0,1.0,O,F,O,0
130224.21875,130320.6015625,130556.7265625,130449.078125,130568.9765625,130780.328125,130634.953125,130707.4609375,-0.515625,0.001220703125,-0.809814453125,-0.7934569716453552,0.5187987685203552,0.4272460639476776,80.0,2471.0,1.0,O,F,O,0
129705.2109375,129801.4140625,130037.625,129929.984375,130050.140625,130260.7890625,130115.765625,130188.0078125,-0.514892578125,-0.00048828125,-0.81005859375,-0.7019042372703552,0.5493163466453552,0.5493163466453552,80.0,2472.0,1.0,O,F,O,0
129044.5859375,129140.875,129377.1796875,129269.7109375,129389.6953125,129599.890625,129455.40625,129527.1171875,-0.5126953125,0.00048828125,-0.813720703125,-0.6713866591453552,0.4882812201976776,0.4577636420726776,80.0,2473.0,1.0,O,F,O,0
129531.8515625,129628.59375,129864.625,129756.796875,129877.3203125,130088.0546875,129942.859375,130015.2734375,-0.51416015625,0.0009765625,-0.81201171875,-0.7629393935203552,0.3967284858226776,0.4272460639476776,80.0,2474.0,1.0,O,F,O,0
130308.265625,130405.0,130641.0390625,130532.8515625,130653.734375,130864.734375,130719.0,130791.6875,-0.5166015625,0.001953125,-0.816162109375,-0.7019042372703552,0.5187987685203552,0.3356933295726776,80.0,2475.0,1.0,O,F,O,0
129973.5234375,130069.90625,130306.0234375,130197.9375,130318.546875,130529.8125,130384.078125,130456.5,-0.512451171875,-0.000244140625,-0.81298828125,-0.7934569716453552,0.5493163466453552,0.4882812201976776,80.0,2476.0,1.0,O,F,O,0
129208.375,129304.578125,129541.0625,129432.96875,129553.4921875,129764.4921875,129618.9375,129690.90625,-0.513916015625,0.000732421875,-0.811279296875,-0.6408690810203552,0.4882812201976776,0.4577636420726776,80.0,2477.0,1.0,O,F,O,0
129498.328125,129594.796875,129831.2734375,129723.1796875,129843.8828125,130054.34375,129908.8828125,129981.3046875,-0.51318359375,0.001220703125,-0.806640625,-0.6713866591453552,0.5187987685203552,0.4882812201976776,80.0,2478.0,1.0,O,F,O,0
130354.6640625,130451.2265625,130687.4375,130579.4375,130700.1328125,130910.7734375,130765.3125,130838.265625,-0.512451171875,0.0,-0.807373046875,-0.6713866591453552,0.5493163466453552,0.3967284858226776,80.0,2479.0,1.0,O,F,O,0
130226.9921875,130323.015625,130559.4921875,130451.1328125,130571.8359375,130782.8359375,130637.4609375,130710.1484375,-0.513671875,0.00048828125,-0.81103515625,-0.6408690810203552,0.5493163466453552,0.4577636420726776,80.0,2480.0,1.0,O,F,O,0
129408.9140625,129504.765625,129741.5078125,129633.421875,129753.7578125,129964.2265625,129819.65625,129891.265625,-0.51318359375,0.00048828125,-0.811279296875,-0.7019042372703552,0.5187987685203552,0.4882812201976776,80.0,2481.0,1.0,O,F,O,0
129486.5234375,129582.90625,129819.203125,129711.109375,129831.453125,130042.1875,129897.078125,129969.234375,-0.51318359375,0.00048828125,-0.812744140625,-0.6713866591453552,0.5187987685203552,0.4272460639476776,80.0,2482.0,1.0,O,F,O,0
130369.1484375,130465.890625,130702.1875,130594.1875,130714.171875,130925.171875,130779.9765625,130852.5703125,-0.51220703125,0.000732421875,-0.81298828125,-0.6713866591453552,0.4577636420726776,0.4272460639476776,80.0,2483.0,1.0,O,F,O,0
130457.6640625,130554.3125,130790.609375,130682.4296875,130802.859375,131013.7734375,130868.484375,130940.90625,-0.512939453125,0.00048828125,-0.81201171875,-0.6713866591453552,0.5493163466453552,0.3967284858226776,80.0,2484.0,1.0,O,F,O,0
129640.03125,129736.328125,129972.2734375,129864.1796875,129984.6953125,130195.7890625,130050.4140625,130122.4765625,-0.512939453125,-0.000244140625,-0.812255859375,-0.7629393935203552,0.4272460639476776,0.3662109076976776,80.0,2485.0,1.0,O,F,O,0
129501.1875,129597.296875,129833.78125,129725.8671875,129846.03125,130057.03125,129912.0078125,129983.8046875,-0.513427734375,0.0009765625,-0.813232421875,-0.7324218153953552,0.3662109076976776,0.4272460639476776,80.0,2486.0,1.0,O,F,O,0
130354.578125,130451.1328125,130687.078125,130579.4375,130699.4140625,130910.7734375,130765.4921875,130837.8203125,-0.510498046875,0.000244140625,-0.810791015625,-0.7019042372703552,0.3662109076976776,0.4272460639476776,80.0,2487.0,1.0,O,F,O,0
130658.828125,130755.65625,130991.6015625,130883.5078125,131004.1171875,131215.390625,131070.0078125,131142.421875,-0.511962890625,0.000732421875,-0.8125,-0.6408690810203552,0.4577636420726776,0.4272460639476776,80.0,2488.0,1.0,O,F,O,0
129899.8515625,129996.3203125,130232.359375,130124.7109375,130245.2265625,130456.0546875,130310.9453125,130383.09375,-0.513427734375,0.00146484375,-0.81201171875,-0.7629393935203552,0.4882812201976776,0.4272460639476776,80.0,2489.0,1.0,O,F,O,0
129553.0390625,129649.421875,129885.8125,129777.9921875,129898.15625,130109.15625,129963.6015625,130035.75,-0.5146484375,0.00146484375,-0.812255859375,-0.7019042372703552,0.4577636420726776,0.4272460639476776,80.0,2490.0,1.0,O,F,O,0
130325.7890625,130422.2578125,130658.46875,130550.5546875,130670.625,130881.984375,130736.4296875,130808.8515625,-0.5146484375,0.00146484375,-0.810302734375,-0.7629393935203552,0.4577636420726776,0.4577636420726776,80.0,2491.0,1.0,O,F,O,0
130823.0703125,130919.8984375,131156.015625,131047.65625,131168.171875,131379.265625,131233.625,131306.578125,-0.51318359375,0.00146484375,-0.8095703125,-0.8239745497703552,0.4577636420726776,0.3967284858226776,80.0,2492.0,1.0,O,F,O,0
130169.7734375,130266.5078125,130502.8125,130394.2734375,130515.0625,130725.8828125,130580.5078125,130652.9296875,-0.51220703125,0.0,-0.812744140625,-0.7934569716453552,0.4577636420726776,0.4272460639476776,80.0,2493.0,1.0,O,F,O,0
129643.609375,129740.171875,129976.3828125,129868.46875,129988.71875,130199.71875,130054.6171875,130126.40625,-0.51220703125,0.001220703125,-0.80908203125,-0.7324218153953552,0.4882812201976776,0.4577636420726776,80.0,2494.0,1.0,O,F,O,0
130285.015625,130381.6640625,130617.96875,130509.875,130630.3984375,130841.3046875,130696.0234375,130768.4375,-0.514404296875,0.000244140625,-0.81005859375,-0.7019042372703552,0.4882812201976776,0.4272460639476776,80.0,2495.0,1.0,O,F,O,0
130948.0625,131044.6171875,131280.65625,131172.5625,131292.71875,131504.53125,131358.609375,131431.296875,-0.51318359375,0.000244140625,-0.8125,-0.8239745497703552,0.4272460639476776,0.4577636420726776,80.0,2496.0,1.0,O,F,O,0
130445.59375,130541.8828125,130778.1875,130670.453125,130790.5234375,131001.8828125,130856.1484375,130928.5703125,-0.513916015625,0.00146484375,-0.813232421875,-0.7934569716453552,0.3051757514476776,0.4577636420726776,80.0,2497.0,1.0,O,F,O,0
129772.8046875,129869.0078125,130105.1328125,129997.6640625,130117.734375,130328.734375,130183.1796875,130255.515625,-0.513427734375,0.001220703125,-0.814453125,-0.7629393935203552,0.4272460639476776,0.3967284858226776,80.0,2498.0,1.0,O,F,O,0
130242.8203125,130339.015625,130575.234375,130467.40625,130587.4765625,130798.484375,130653.28125,130725.6171875,-0.511474609375,0.000244140625,-0.808837890625,-0.7934569716453552,0.4272460639476776,0.4577636420726776,80.0,2499.0,1.0,O,F,O,0
131028.2578125,131125.078125,131360.84375,131253.296875,131373.546875,131584.453125,131439.0,131511.6875,-0.51318359375,0.001220703125,-0.8125,-0.7629393935203552,0.3356933295726776,0.4882812201976776,80.0,2500.0,1.0,O,F,O,0
130712.0234375,130808.8515625,131044.6171875,130937.0625,131057.40625,131268.40625,131122.765625,131195.453125,-0.513671875,0.0,-0.813232421875,-0.7019042372703552,0.3356933295726776,0.4577636420726776,80.0,2501.0,1.0,O,F,O,0
129938.4765625,130035.125,130271.3359375,130163.2421875,130283.671875,130494.6796875,130349.4765625,130421.5390625,-0.5146484375,0.001220703125,-0.811279296875,-0.7934569716453552,0.3051757514476776,0.4272460639476776,80.0,2502.0,1.0,O,F,O,0
130210.5390625,130307.3671875,130543.40625,130435.21875,130555.7421875,130767.1015625,130621.546875,130694.140625,-0.51318359375,0.000244140625,-0.81494140625,-0.7324218153953552,0.3662109076976776,0.4577636420726776,80.0,2503.0,1.0,O,F,O,0
131073.3125,131170.234375,131405.734375,131297.640625,131418.515625,131630.234375,131484.5,131557.28125,-0.513916015625,-0.00048828125,-0.810302734375,-0.7324218153953552,0.3967284858226776,0.4577636420726776,80.0,2504.0,1.0,O,F,O,0
130966.7421875,131063.21875,131299.25,131190.984375,131311.859375,131523.296875,131377.65625,131450.078125,-0.514404296875,0.000244140625,-0.810791015625,-0.7629393935203552,0.5798339247703552,0.3967284858226776,80.0,2505.0,1.0,O,F,O,0
130144.3828125,130240.7578125,130476.9765625,130368.609375,130489.3984375,130700.3984375,130555.1171875,130627.0,-0.514892578125,0.000244140625,-0.80908203125,-0.7324218153953552,0.5798339247703552,0.4272460639476776,80.0,2506.0,1.0,O,F,O,0
130199.453125,130295.8359375,130531.8671875,130423.6875,130544.296875,130755.296875,130610.28125,130682.1640625,-0.515625,0.0,-0.80712890625,-0.7324218153953552,0.5493163466453552,0.4272460639476776,80.0,2507.0,1.0,O,F,O,0
131081.984375,131178.8125,131414.671875,131306.3125,131427.09375,131638.640625,131493.0,131565.59375,-0.5126953125,0.000732421875,-0.8095703125,-0.7019042372703552,0.4882812201976776,0.3967284858226776,80.0,2508.0,1.0,O,F,O,0
131193.21875,131290.125,131525.8125,131417.625,131538.40625,131750.046875,131604.125,131677.078125,-0.514404296875,0.000244140625,-0.81005859375,-0.7629393935203552,0.4272460639476776,0.5187987685203552,80.0,2509.0,1.0,O,F,O,0
130376.75,130473.578125,130709.34375,130601.3359375,130721.859375,130933.0390625,130787.3046875,130860.0859375,-0.515625,-0.000244140625,-0.8125,-0.6408690810203552,0.4577636420726776,0.5187987685203552,80.0,2510.0,1.0,O,F,O,0
130214.8359375,130311.5703125,130547.515625,130439.3359375,130560.03125,130771.3046875,130625.4765625,130698.078125,-0.5126953125,0.00146484375,-0.812255859375,-0.7019042372703552,0.4882812201976776,0.5187987685203552,80.0,2511.0,1.0,O,F,O,0
131061.9609375,131158.96875,131394.828125,131286.375,131407.34375,131618.875,131472.78125,131545.921875,-0.512939453125,0.0029296875,-0.809326171875,-0.6408690810203552,0.5187987685203552,0.4882812201976776,80.0,2512.0,1.0,O,F,O,0
131385.078125,131482.09375,131717.9375,131609.578125,131730.8125,131941.90625,131796.0,131869.125,-0.513916015625,0.00146484375,-0.813232421875,-0.7324218153953552,0.4577636420726776,0.4272460639476776,80.0,2513.0,1.0,O,F,O,0
130632.8125,130729.640625,130965.671875,130857.4921875,130978.28125,131189.28125,131043.90625,131116.046875,-0.51513671875,0.00244140625,-0.814208984375,-0.7019042372703552,0.5798339247703552,0.4272460639476776,80.0,2514.0,1.0,O,F,O,0
130267.9375,130364.5859375,130600.53125,130492.7109375,130613.2265625,130823.9609375,130678.765625,130750.9140625,-0.514404296875,0.001220703125,-0.81494140625,-0.7019042372703552,0.4577636420726776,0.3967284858226776,80.0,2515.0,1.0,O,F,O,0
131028.703125,131125.078125,131361.203125,131253.46875,131373.8125,131585.0,131439.34375,131512.03125,-0.512939453125,-0.00048828125,-0.815673828125,-0.7019042372703552,0.4272460639476776,0.3662109076976776,80.0,2516.0,1.0,O,F,O,0
131544.140625,131640.875,131877.0,131769.171875,131889.421875,132100.875,131955.140625,132028.09375,-0.5146484375,-0.00048828125,-0.81396484375,-0.6408690810203552,0.4882812201976776,0.4272460639476776,80.0,2517.0,1.0,O,F,O,0
130904.25,131000.8125,131237.296875,131129.109375,131249.71875,131460.71875,131315.4375,131387.9375,-0.513916015625,-0.000244140625,-0.812255859375,-0.6408690810203552,0.4272460639476776,0.4882812201976776,80.0,2518.0,1.0,O,F,O,0
130361.640625,130458.109375,130694.765625,130586.5,130707.109375,130918.015625,130772.9140625,130845.2421875,-0.513916015625,0.0009765625,-0.812255859375,-0.7324218153953552,0.4272460639476776,0.4272460639476776,80.0,2519.0,1.0,O,F,O,0
130985.4296875,131082.34375,131318.65625,131210.734375,131331.078125,131542.796875,131396.796875,131469.5625,-0.51220703125,0.0,-0.812744140625,-0.7324218153953552,0.3967284858226776,0.4272460639476776,80.0,2520.0,1.0,O,F,O,0
131661.265625,131758.796875,131994.5625,131886.75,132007.0,132218.703125,132072.703125,132145.671875,-0.512451171875,-0.0009765625,-0.8115234375,-0.6408690810203552,0.3967284858226776,0.4577636420726776,80.0,2521.0,1.0,O,F,O,0
131175.78125,131272.703125,131508.8125,131400.8125,131521.25,131732.96875,131587.3125,131659.5625,-0.51318359375,-0.000732421875,-0.810791015625,-0.6408690810203552,0.4272460639476776,0.4272460639476776,80.0,2522.0,1.0,O,F,O,0
130492.265625,130588.640625,130824.859375,130716.765625,130837.4609375,131048.5546875,130903.1796875,130975.5078125,-0.513671875,0.0009765625,-0.81494140625,-0.6713866591453552,0.4577636420726776,0.4272460639476776,80.0,2523.0,1.0,O,F,O,0
130944.75,131041.3984375,131277.25,131168.890625,131289.765625,131501.3125,131355.578125,131428.53125,-0.512939453125,0.000732421875,-0.81201171875,-0.6103515028953552,0.4272460639476776,0.3967284858226776,80.0,2524.0,1.0,O,F,O,0
131740.5625,131837.65625,132073.328125,131965.0625,132085.765625,132297.75,132151.65625,132224.796875,-0.51318359375,0.001220703125,-0.813232421875,-0.7019042372703552,0.5493163466453552,0.3662109076976776,80.0,2525.0,1.0,O,F,O,0
131443.375,131540.296875,131776.421875,131668.140625,131788.9375,132000.296875,131854.28125,131927.609375,-0.5146484375,0.001220703125,-0.812255859375,-0.6408690810203552,0.5493163466453552,0.4882812201976776,80.0,2526.0,1.0,O,F,O,0
130663.4765625,130760.125,130996.15625,130888.15625,131008.859375,131220.03125,131074.5625,131147.34375,-0.513671875,-0.0009765625,-0.809814453125,-0.6713866591453552,0.4882812201976776,0.3662109076976776,80.0,2527.0,1.0,O,F,O,0
130915.515625,131012.7890625,131248.640625,131140.015625,131261.15625,131472.4375,131326.875,131399.828125,-0.51611328125,0.00146484375,-0.810546875,-0.5493163466453552,0.5187987685203552,0.3967284858226776,80.0,2528.0,1.0,O,F,O,0
131779.71875,131877.265625,132113.125,132004.578125,132125.109375,132337.359375,132191.078125,132264.578125,-0.513916015625,0.00390625,-0.810791015625,-0.6103515028953552,0.5798339247703552,0.3662109076976776,80.0,2529.0,1.0,O,F,O,0
131691.390625,131788.21875,132023.984375,131915.703125,132035.96875,132248.125,132102.484375,132175.53125,-0.51318359375,0.001220703125,-0.812744140625,-0.5798339247703552,0.5493163466453552,0.3967284858226776,80.0,2530.0,1.0,O,F,O,0
130865.265625,130962.09375,131197.59375,131089.671875,131210.109375,131421.46875,131276.359375,131348.875,-0.512939453125,0.001953125,-0.8134765625,-0.7629393935203552,0.4882812201976776,0.4577636420726776,80.0,2531.0,1.0,O,F,O,0
130903.8046875,131000.453125,131236.3125,131128.390625,131249.09375,131460.09375,131314.984375,131387.3125,-0.513916015625,0.0009765625,-0.81201171875,-0.7934569716453552,0.4882812201976776,0.4272460639476776,80.0,2532.0,1.0,O,F,O,0
131785.984375,131883.25,132118.75,132010.390625,132131.265625,132342.71875,132197.34375,132269.9375,-0.513671875,0.00146484375,-0.812255859375,-0.8239745497703552,0.6103515028953552,0.4577636420726776,80.0,2533.0,1.0,O,F,O,0
131911.515625,132008.78125,132244.8125,132136.1875,132256.890625,132468.515625,132322.953125,132396.0,-0.51318359375,0.001953125,-0.810791015625,-0.7629393935203552,0.3967284858226776,0.4577636420726776,80.0,2534.0,1.0,O,F,O,0
131099.875,131196.609375,131432.5625,131324.28125,131445.078125,131656.609375,131510.78125,131583.75,-0.51318359375,0.001220703125,-0.8115234375,-0.7629393935203552,0.4272460639476776,0.4882812201976776,80.0,2535.0,1.0,O,F,O,0
130922.4921875,131019.140625,131255.171875,131146.8125,131267.421875,131478.875,131333.40625,131406.1875,-0.512939453125,0.002197265625,-0.811279296875,-0.7934569716453552,0.4272460639476776,0.4272460639476776,80.0,2536.0,1.0,O,F,O,0
131765.15625,131862.0625,132098.375,131989.5625,132109.984375,132322.0625,132176.328125,132249.5625,-0.511474609375,0.002197265625,-0.810302734375,-0.7629393935203552,0.4272460639476776,0.3967284858226776,80.0,2537.0,1.0,O,F,O,0
132102.921875,132200.03125,132435.609375,132326.890625,132447.765625,132660.109375,132513.671875,132587.0625,-0.512939453125,0.003173828125,-0.810791015625,-0.7019042372703552,0.4272460639476776,0.3967284858226776,80.0,2538.0,1.0,O,F,O,0
131356.203125,131453.03125,131689.15625,131580.703125,131701.3125,131913.203125,131767.03125,131840.078125,-0.51318359375,0.001953125,-0.808349609375,-0.7019042372703552,0.3967284858226776,0.3662109076976776,80.0,2539.0,1.0,O,F,O,0
130978.0078125,131074.65625,131311.40625,131202.78125,131323.296875,131535.015625,131389.28125,131462.0625,-0.513916015625,0.0009765625,-0.81103515625,-0.6408690810203552,0.4882812201976776,0.3967284858226776,80.0,2540.0,1.0,O,F,O,0
131729.203125,131826.296875,132062.15625,131953.703125,132074.5,132286.21875,132140.296875,132213.703125,-0.515380859375,0.00244140625,-0.809326171875,-0.7019042372703552,0.4882812201976776,0.3967284858226776,80.0,2541.0,1.0,O,F,O,0
132256.0,132353.09375,132589.03125,132480.765625,132601.546875,132813.359375,132667.09375,132740.671875,-0.51513671875,0.002685546875,-0.813720703125,-0.6713866591453552,0.4577636420726776,0.4577636420726776,80.0,2542.0,1.0,O,F,O,0
131625.9375,131722.6875,131958.71875,131850.796875,131971.234375,132182.765625,132036.59375,132110.265625,-0.513671875,0.00048828125,-0.811767578125,-0.7019042372703552,0.4577636420726776,0.4272460639476776,80.0,2543.0,1.0,O,F,O,0
131070.1015625,131166.390625,131402.609375,131294.6875,131414.859375,131626.390625,131480.390625,131553.703125,-0.51318359375,0.00048828125,-0.8134765625,-0.6408690810203552,0.6103515028953552,0.4882812201976776,80.0,2544.0,1.0,O,F,O,0
131683.15625,131780.078125,132015.84375,131907.9375,132028.28125,132240.078125,132093.984375,132167.125,-0.513427734375,0.001953125,-0.811767578125,-0.6408690810203552,0.5187987685203552,0.4272460639476776,80.0,2545.0,1.0,O,F,O,0
132370.171875,132467.703125,132703.125,132595.03125,132715.640625,132927.625,132781.53125,132854.65625,-0.513427734375,0.0029296875,-0.809326171875,-0.6103515028953552,0.5493163466453552,0.3662109076976776,80.0,2546.0,1.0,O,F,O,0
131900.875,131997.703125,132233.90625,132125.453125,132246.34375,132457.875,132311.875,132385.1875,-0.515380859375,0.0009765625,-0.81005859375,-0.7629393935203552,0.3662109076976776,0.3967284858226776,80.0,2547.0,1.0,O,F,O,0
131205.375,131302.375,131538.59375,131430.234375,131550.84375,131762.28125,131616.203125,131689.59375,-0.512939453125,-0.000732421875,-0.81201171875,-0.7629393935203552,0.4272460639476776,0.3662109076976776,80.0,2548.0,1.0,O,F,O,0
131640.78125,131737.796875,131973.734375,131865.734375,131986.15625,132197.96875,132051.78125,132125.28125,-0.514404296875,0.002197265625,-0.811279296875,-0.8239745497703552,0.4272460639476776,0.4882812201976776,80.0,2549.0,1.0,O,F,O,0
132444.46875,132541.828125,132777.6875,132669.328125,132789.578125,133002.09375,132856.0,132929.140625,-0.513671875,0.0,-0.81103515625,-0.7934569716453552,0.4882812201976776,0.4272460639476776,80.0,2550.0,1.0,O,F,O,0
132164.625,132261.890625,132497.65625,132389.203125,132509.90625,132722.25,132575.796875,132648.9375,-0.51318359375,-0.000732421875,-0.811279296875,-0.8239745497703552,0.4882812201976776,0.4272460639476776,80.0,2551.0,1.0,O,F,O,0
131379.71875,131476.359375,131712.484375,131603.859375,131724.5625,131936.625,131790.625,131863.3125,-0.512939453125,0.000244140625,-0.809326171875,-0.7629393935203552,0.5493163466453552,0.4272460639476776,80.0,2552.0,1.0,O,F,O,0
131612.796875,131709.8125,131945.65625,131837.21875,131957.828125,132169.8125,132023.984375,132096.9375,-0.51220703125,0.00146484375,-0.81005859375,-0.8239745497703552,0.5187987685203552,0.4577636420726776,80.0,2553.0,1.0,O,F,O,0
132480.578125,132577.953125,132813.09375,132704.734375,132825.609375,133038.125,132891.671875,132964.984375,-0.513671875,0.001220703125,-0.81298828125,-0.7629393935203552,0.4882812201976776,0.4577636420726776,80.0,2554.0,1.0,O,F,O,0
132410.3125,132507.765625,132743.34375,132634.90625,132755.78125,132967.9375,132821.671875,132894.984375,-0.511474609375,0.000732421875,-0.810302734375,-0.7629393935203552,0.4882812201976776,0.4577636420726776,80.0,2555.0,1.0,O,F,O,0
131584.640625,131681.109375,131917.5,131809.140625,131929.921875,132141.46875,131995.640625,132068.421875,-0.51171875,-0.000244140625,-0.8115234375,-0.6408690810203552,0.5798339247703552,0.4272460639476776,80.0,2556.0,1.0,O,F,O,0
131603.859375,131700.328125,131936.8125,131828.265625,131948.609375,132160.859375,132015.046875,132087.90625,-0.5126953125,0.001220703125,-0.81396484375,-0.6713866591453552,0.5493163466453552,0.4577636420726776,80.0,2557.0,1.0,O,F,O,0
132483.625,132580.71875,132816.84375,132708.21875,132828.640625,133041.25,132894.8125,132968.203125,-0.513427734375,0.0029296875,-0.81005859375,-0.7324218153953552,0.4882812201976776,0.3967284858226776,80.0,2558.0,1.0,O,F,O,0
132628.828125,132726.546875,132962.125,132853.5,132974.46875,133186.359375,133040.359375,133113.5,-0.513671875,0.0009765625,-0.810302734375,-0.6408690810203552,0.5187987685203552,0.3662109076976776,80.0,2559.0,1.0,O,F,O,0
131821.03125,131918.03125,132154.0625,132045.4375,132166.234375,132378.03125,132232.125,132304.984375,-0.515869140625,0.000244140625,-0.812255859375,-0.7324218153953552,0.5187987685203552,0.4272460639476776,80.0,2560.0,1.0,O,F,O,0
131623.53125,131720.453125,131956.5625,131847.84375,131969.0,132180.984375,132034.984375,132107.40625,-0.513671875,-0.000244140625,-0.810546875,-0.6713866591453552,0.4577636420726776,0.5187987685203552,80.0,2561.0,1.0,O,F,O,0
132458.046875,132555.328125,132791.546875,132682.28125,132803.4375,133015.78125,132869.6875,132942.546875,-0.513916015625,0.00146484375,-0.812255859375,-0.7019042372703552,0.4577636420726776,0.4577636420726776,80.0,2562.0,1.0,O,F,O,0
132815.859375,132913.5,133148.984375,133040.1875,133161.328125,133373.3125,133227.125,133300.625,-0.513671875,0.001220703125,-0.812744140625,-0.6408690810203552,0.4882812201976776,0.4577636420726776,80.0,2563.0,1.0,O,F,O,0
132078.78125,132175.890625,132411.65625,132303.375,132424.078125,132636.234375,132489.96875,132563.203125,-0.512451171875,0.0009765625,-0.813720703125,-0.6713866591453552,0.4577636420726776,0.4882812201976776,80.0,2564.0,1.0,O,F,O,0
131680.390625,131777.390625,132013.34375,131904.984375,132025.765625,132237.671875,132091.9375,132164.53125,-0.513427734375,0.0,-0.813232421875,-0.6713866591453552,0.4882812201976776,0.4272460639476776,80.0,2565.0,1.0,O,F,O,0
132419.703125,132517.328125,132753.0,132644.28125,132765.34375,132977.15625,132831.328125,132904.375,-0.514404296875,0.000732421875,-0.81494140625,-0.7324218153953552,0.4882812201976776,0.3662109076976776,80.0,2566.0,1.0,O,F,O,0
132963.5625,133061.546875,133297.046875,133188.234375,133309.03125,133521.375,133375.015625,133448.59375,-0.5126953125,0.002197265625,-0.8095703125,-0.6713866591453552,0.5187987685203552,0.3662109076976776,80.0,2567.0,1.0,O,F,O,0
132343.609375,132441.328125,132676.921875,132568.5625,132689.171875,132901.328125,132755.234375,132828.46875,-0.511474609375,0.00146484375,-0.813720703125,-0.7019042372703552,0.5493163466453552,0.3967284858226776,80.0,2568.0,1.0,O,F,O,0
131772.84375,131870.296875,132105.875,131997.609375,132118.390625,132329.84375,132184.109375,132257.421875,-0.513427734375,0.00146484375,-0.815673828125,-0.8239745497703552,0.5493163466453552,0.3662109076976776,80.0,2569.0,1.0,O,F,O,0
132370.34375,132468.0625,132704.015625,132595.203125,132715.8125,132927.890625,132781.703125,132855.203125,-0.5146484375,0.00244140625,-0.810302734375,-0.7324218153953552,0.5493163466453552,0.4272460639476776,80.0,2570.0,1.0,O,F,O,0
133071.03125,133169.109375,133404.96875,133296.15625,133416.9375,133629.1875,133482.921875,133556.5,-0.513916015625,0.002685546875,-0.81201171875,-0.7019042372703552,0.4577636420726776,0.3662109076976776,80.0,2571.0,1.0,O,F,O,0
132615.40625,132713.125,132948.71875,132840.453125,132961.234375,133173.125,133027.046875,133100.359375,-0.513671875,-0.000244140625,-0.809326171875,-0.7934569716453552,0.4577636420726776,0.4272460639476776,80.0,2572.0,1.0,O,F,O,0
131910.703125,132008.15625,132243.921875,132135.65625,132256.625,132468.25,132321.96875,132395.296875,-0.514404296875,0.000244140625,-0.808837890625,-0.8850097060203552,0.4882812201976776,0.4882812201976776,80.0,2573.0,1.0,O,F,O,0
132327.875,132425.421875,132661.09375,132552.828125,132673.53125,132885.78125,132739.59375,132812.640625,-0.513671875,-0.000244140625,-0.80859375,-0.8239745497703552,0.4272460639476776,0.4272460639476776,80.0,2574.0,1.0,O,F,O,0
133137.09375,133235.09375,133470.40625,133361.78125,133482.75,133695.171875,133548.640625,133622.3125,-0.514404296875,0.0009765625,-0.810791015625,-0.7629393935203552,0.4272460639476776,0.3967284858226776,80.0,2575.0,1.0,O,F,O,0
132875.21875,132973.125,133208.71875,133100.078125,133221.140625,133433.390625,133286.765625,133360.4375,-0.51513671875,0.002197265625,-0.814697265625,-0.7934569716453552,0.4577636420726776,0.4882812201976776,80.0,2576.0,1.0,O,F,O,0
132085.3125,132183.390625,132418.71875,132310.171875,132430.875,132642.953125,132496.765625,132570.078125,-0.51416015625,0.0009765625,-0.8115234375,-0.7019042372703552,0.4882812201976776,0.4577636420726776,80.0,2577.0,1.0,O,F,O,0
132300.25,132397.875,132633.375,132525.109375,132645.71875,132857.796875,132711.703125,132784.828125,-0.51318359375,0.00146484375,-0.808837890625,-0.7324218153953552,0.4577636420726776,0.4272460639476776,80.0,2578.0,1.0,O,F,O,0
133173.3125,133271.03125,133506.4375,133398.078125,133518.859375,133731.390625,133584.9375,133658.4375,-0.5126953125,0.0,-0.81005859375,-0.7019042372703552,0.5493163466453552,0.4272460639476776,80.0,2579.0,1.0,O,F,O,0
133124.671875,133222.296875,133458.078125,133349.4375,133470.140625,133682.75,133536.296875,133610.15625,-0.512451171875,0.00048828125,-0.810546875,-0.6713866591453552,0.5493163466453552,0.3967284858226776,80.0,2580.0,1.0,O,F,O,0
132298.546875,132395.5625,132631.0625,132523.234375,132643.84375,132856.0,132709.734375,132782.6875,-0.513671875,-0.0009765625,-0.81005859375,-0.7934569716453552,0.5187987685203552,0.3662109076976776,80.0,2581.0,1.0,O,F,O,0
132296.234375,132392.96875,132629.09375,132521.078125,132641.6875,132853.671875,132707.3125,132780.640625,-0.5146484375,-0.00048828125,-0.812744140625,-0.7324218153953552,0.5187987685203552,0.3967284858226776,80.0,2582.0,1.0,O,F,O,0
133175.546875,133273.0,133508.859375,133400.40625,133521.1875,133733.890625,133587.359375,133660.84375,-0.515380859375,0.00048828125,-0.80908203125,-0.7019042372703552,0.5187987685203552,0.4272460639476776,80.0,2583.0,1.0,O,F,O,0
133338.890625,133436.875,133672.640625,133563.921875,133684.8125,133897.5,133751.0625,133824.546875,-0.5146484375,-0.000732421875,-0.810546875,-0.7934569716453552,0.4882812201976776,0.4882812201976776,80.0,2584.0,1.0,O,F,O,0
132532.265625,132629.796875,132865.5625,132757.203125,132877.90625,133090.34375,132944.15625,133017.109375,-0.5146484375,0.002685546875,-0.812744140625,-0.7629393935203552,0.4882812201976776,0.3662109076976776,80.0,2585.0,1.0,O,F,O,0
132317.5,132414.78125,132650.375,132542.359375,132663.0625,132875.140625,132729.046875,132802.265625,-0.513916015625,0.0029296875,-0.811279296875,-0.7019042372703552,0.4882812201976776,0.3967284858226776,80.0,2586.0,1.0,O,F,O,0
133148.28125,133245.546875,133480.953125,133373.046875,133493.921875,133706.0,133559.71875,133633.390625,-0.513427734375,-0.00048828125,-0.813720703125,-0.7629393935203552,0.4577636420726776,0.4272460639476776,80.0,2587.0,1.0,O,F,O,0
133518.6875,133616.671875,133852.359375,133743.71875,133864.6875,134076.765625,133930.765625,134004.609375,-0.513427734375,0.002685546875,-0.8115234375,-0.5798339247703552,0.3967284858226776,0.3967284858226776,80.0,2588.0,1.0,O,F,O,0
132787.15625,132884.53125,133120.734375,133012.015625,133133.078125,133344.96875,133199.234375,133272.90625,-0.51220703125,0.0009765625,-0.809814453125,-0.5493163466453552,0.5187987685203552,0.4882812201976776,80.0,2589.0,1.0,O,F,O,0
132374.1875,132471.28125,132707.59375,132599.40625,132719.84375,132932.359375,132786.09375,132859.484375,-0.51416015625,0.000244140625,-0.81005859375,-0.7324218153953552,0.4272460639476776,0.4272460639476776,80.0,2590.0,1.0,O,F,O,0
133102.765625,133200.21875,133436.25,133327.796875,133448.421875,133661.03125,133514.484375,133588.15625,-0.512451171875,0.000244140625,-0.812255859375,-0.7324218153953552,0.4882812201976776,0.4882812201976776,80.0,2591.0,1.0,O,F,O,0
133663.53125,133761.078125,133996.84375,133888.296875,134009.265625,134221.609375,134075.25,134148.828125,-0.513916015625,0.000732421875,-0.81494140625,-0.7629393935203552,0.4577636420726776,0.4882812201976776,80.0,2592.0,1.0,O,F,O,0
133059.140625,133156.765625,133392.453125,133284.171875,133404.875,133617.125,133470.671875,133544.34375,-0.512939453125,0.00048828125,-0.813232421875,-0.7934569716453552,0.4577636420726776,0.4577636420726776,80.0,2593.0,1.0,O,F,O,0
132474.59375,132572.046875,132807.984375,132699.546875,132820.515625,133032.40625,132886.140625,132959.71875,-0.5126953125,0.001708984375,-0.81201171875,-0.6713866591453552,0.4577636420726776,0.5493163466453552,80.0,2594.0,1.0,O,F,O,0
133056.71875,133154.359375,133390.203125,133281.578125,133402.734375,133614.625,133468.625,133542.296875,-0.51318359375,0.002197265625,-0.8115234375,-0.7324218153953552,0.5187987685203552,0.4577636420726776,80.0,2595.0,1.0,O,F,O,0
133767.859375,133865.765625,134101.0,133992.640625,134113.875,134326.296875,134179.859375,134253.875,-0.513671875,0.00146484375,-0.8134765625,-0.7324218153953552,0.5493163466453552,0.3662109076976776,80.0,2596.0,1.0,O,F,O,0
133325.5625,133423.375,133658.875,133550.875,133671.75,133884.09375,133737.5625,133811.3125,-0.51318359375,0.000244140625,-0.813720703125,-0.7019042372703552,0.4272460639476776,0.4272460639476776,80.0,2597.0,1.0,O,F,O,0
132612.28125,132709.828125,132945.328125,132837.3125,132957.921875,133170.265625,133024.0,133097.40625,-0.512451171875,0.0,-0.8125,-0.6713866591453552,0.4577636420726776,0.3967284858226776,80.0,2598.0,1.0,O,F,O,0
133015.234375,133112.953125,133348.453125,133240.0,133360.96875,133573.40625,133426.6875,133500.71875,-0.51220703125,-0.000732421875,-0.811767578125,-0.7324218153953552,0.4882812201976776,0.3356933295726776,80.0,2599.0,1.0,O,F,O,0
133831.703125,133929.6875,134165.09375,134056.46875,134177.4375,134389.953125,134243.15625,134317.546875,-0.514404296875,-0.001708984375,-0.812744140625,-0.7324218153953552,0.4577636420726776,0.3356933295726776,80.0,2600.0,1.0,O,F,O,0
133585.75,133683.828125,133919.40625,133811.046875,133931.390625,134144.0,133997.46875,134071.484375,-0.514892578125,0.000732421875,-0.80908203125,-0.7019042372703552,0.4272460639476776,0.3051757514476776,80.0,2601.0,1.0,O,F,O,0
132789.578125,132886.84375,133122.890625,133014.609375,133134.859375,133347.390625,133200.84375,133274.609375,-0.5146484375,0.001220703125,-0.808349609375,-0.7629393935203552,0.4272460639476776,0.3967284858226776,80.0,2602.0,1.0,O,F,O,0
132986.09375,133083.546875,133319.40625,133211.125,133331.828125,133544.171875,133397.625,133471.578125,-0.513427734375,0.0009765625,-0.81005859375,-0.7629393935203552,0.3967284858226776,0.3967284858226776,80.0,2603.0,1.0,O,F,O,0
133859.953125,133957.859375,134193.4375,134084.8125,134206.234375,134418.390625,134271.859375,134346.15625,-0.5126953125,0.00146484375,-0.811279296875,-0.7934569716453552,0.3967284858226776,0.4882812201976776,80.0,2604.0,1.0,O,F,O,0
133827.953125,133925.765625,134161.25,134052.890625,134174.046875,134386.109375,134239.9375,134313.96875,-0.5146484375,0.00048828125,-0.811279296875,-0.7934569716453552,0.3967284858226776,0.5187987685203552,80.0,2605.0,1.0,O,F,O,0
133002.1875,133099.640625,133335.40625,133227.21875,133347.921875,133560.0,133413.8125,133487.21875,-0.514404296875,-0.00048828125,-0.8115234375,-0.7324218153953552,0.4272460639476776,0.4272460639476776,80.0,2606.0,1.0,O,F,O,0
132980.90625,133078.359375,133314.03125,133205.859375,133326.375,133538.8125,133392.359375,133465.9375,-0.513916015625,-0.00048828125,-0.81103515625,-0.7934569716453552,0.4882812201976776,0.4272460639476776,80.0,2607.0,1.0,O,F,O,0
133855.3125,133953.296875,134188.703125,134080.25,134201.046875,134413.921875,134267.109375,134341.40625,-0.51318359375,-0.000244140625,-0.809814453125,-0.8239745497703552,0.5798339247703552,0.4577636420726776,80.0,2608.0,1.0,O,F,O,0
134038.765625,134137.03125,134372.53125,134264.15625,134385.046875,134597.390625,134450.9375,134525.234375,-0.512939453125,0.0009765625,-0.810546875,-0.7934569716453552,0.4577636420726776,0.4272460639476776,80.0,2609.0,1.0,O,F,O,0
133239.734375,133338.171875,133573.3125,133465.484375,133586.015625,133798.171875,133651.90625,133725.671875,-0.51416015625,0.000244140625,-0.811279296875,-0.7934569716453552,0.4577636420726776,0.3967284858226776,80.0,2610.0,1.0,O,F,O,0
133007.28125,133105.1875,133340.5,133232.59375,133353.203125,133565.625,133419.453125,133492.765625,-0.51416015625,-0.000244140625,-0.811767578125,-0.7324218153953552,0.4272460639476776,0.4882812201976776,80.0,2611.0,1.0,O,F,O,0
133829.640625,133927.640625,134163.140625,134054.5,134175.65625,134388.171875,134241.546875,134315.296875,-0.51416015625,0.00146484375,-0.810546875,-0.7629393935203552,0.3662109076976776,0.4577636420726776,80.0,2612.0,1.0,O,F,O,0
134218.921875,134317.09375,134552.234375,134443.78125,134564.578125,134777.265625,134630.46875,134704.765625,-0.51416015625,0.001708984375,-0.8115234375,-0.7019042372703552,0.3662109076976776,0.4577636420726776,80.0,2613.0,1.0,O,F,O,0
133496.0625,133593.703125,133829.109375,133720.75,133841.625,134054.0625,133907.609375,133981.375,-0.511962890625,0.001953125,-0.81005859375,-0.6408690810203552,0.4272460639476776,0.4272460639476776,80.0,2614.0,1.0,O,F,O,0
133065.21875,133163.03125,133398.34375,133290.15625,133410.78125,133623.109375,133476.9375,133550.34375,-0.513427734375,0.00146484375,-0.81005859375,-0.6408690810203552,0.3967284858226776,0.3967284858226776,80.0,2615.0,1.0,O,F,O,0
133783.515625,133881.59375,134116.546875,134008.1875,134129.0625,134341.671875,134195.328125,134268.90625,-0.5146484375,0.000244140625,-0.81103515625,-0.7324218153953552,0.4577636420726776,0.4272460639476776,80.0,2616.0,1.0,O,F,O,0
134355.984375,134454.328125,134689.03125,134580.578125,134701.625,134914.515625,134767.796875,134841.734375,-0.513427734375,-0.000244140625,-0.811767578125,-0.7019042372703552,0.4882812201976776,0.5187987685203552,80.0,2617.0,1.0,O,F,O,0
133765.09375,133862.453125,134097.6875,133989.6875,134110.5625,134323.078125,134176.28125,134250.21875,-0.513671875,0.000244140625,-0.81494140625,-0.7324218153953552,0.5187987685203552,0.4882812201976776,80.0,2618.0,1.0,O,F,O,0
133169.28125,133266.734375,133502.328125,133394.0625,133515.015625,133727.1875,133580.734375,133654.59375,-0.514892578125,0.00146484375,-0.81396484375,-0.7934569716453552,0.5493163466453552,0.4882812201976776,80.0,2619.0,1.0,O,F,O,0
133737.28125,133834.734375,134070.15625,133961.875,134082.75,134295.28125,134148.828125,134222.953125,-0.513671875,0.00048828125,-0.812744140625,-0.7934569716453552,0.4882812201976776,0.5187987685203552,80.0,2620.0,1.0,O,F,O,0
134457.640625,134555.09375,134790.59375,134681.6875,134803.109375,135015.890625,134869.0,134943.5625,-0.5126953125,0.001220703125,-0.81201171875,-0.7324218153953552,0.4577636420726776,0.5493163466453552,80.0,2621.0,1.0,O,F,O,0
134033.21875,134130.859375,134366.09375,134257.28125,134378.609375,134591.125,134444.765625,134518.796875,-0.51318359375,0.003173828125,-0.80859375,-0.7629393935203552,0.5493163466453552,0.4882812201976776,80.0,2622.0,1.0,O,F,O,0
133310.1875,133407.5625,133642.703125,133534.328125,133655.65625,133867.640625,133721.375,133795.140625,-0.512939453125,0.003662109375,-0.81298828125,-0.7629393935203552,0.4882812201976776,0.5187987685203552,80.0,2623.0,1.0,O,F,O,0
133695.09375,133792.984375,134027.59375,133919.40625,134040.828125,134253.25,134106.453125,134180.5625,-0.51318359375,0.00048828125,-0.81201171875,-0.7324218153953552,0.5187987685203552,0.5493163466453552,80.0,2624.0,1.0,O,F,O,0
134516.5625,134615.265625,134849.78125,134741.15625,134862.65625,135075.265625,134928.015625,135002.578125,-0.513427734375,-0.000244140625,-0.808349609375,-0.7629393935203552,0.5187987685203552,0.5187987685203552,80.0,2625.0,1.0,O,F,O,0
134288.75,134386.828125,134621.703125,134512.984375,134634.578125,134846.734375,134700.109375,134774.234375,-0.512939453125,0.0,-0.810302734375,-0.7629393935203552,0.5798339247703552,0.5493163466453552,80.0,2626.0,1.0,O,F,O,0
133487.125,133584.484375,133819.984375,133711.09375,133832.78125,134044.578125,133898.3125,133972.25,-0.512939453125,0.000244140625,-0.812255859375,-0.6408690810203552,0.4882812201976776,0.4577636420726776,80.0,2627.0,1.0,O,F,O,0
133664.6875,133762.046875,133997.46875,133888.828125,134010.0625,134222.140625,134076.046875,134149.984375,-0.513671875,0.00146484375,-0.80908203125,-0.6713866591453552,0.5493163466453552,0.4577636420726776,80.0,2628.0,1.0,O,F,O,0
134540.078125,134638.0625,134872.9375,134764.578125,134885.8125,135098.515625,134951.609375,135026.09375,-0.513671875,0.0,-0.809326171875,-0.7324218153953552,0.5798339247703552,0.4577636420726776,80.0,2629.0,1.0,O,F,O,0
134524.96875,134622.59375,134857.734375,134749.203125,134870.34375,135083.40625,134936.0625,135010.4375,-0.513671875,-0.000244140625,-0.8115234375,-0.7019042372703552,0.5187987685203552,0.4577636420726776,80.0,2630.0,1.0,O,F,O,0
133697.0625,133794.59375,134029.921875,133921.46875,134042.609375,134254.953125,134108.328125,134182.0,-0.513916015625,0.001220703125,-0.811279296875,-0.7019042372703552,0.5187987685203552,0.3662109076976776,80.0,2631.0,1.0,O,F,O,0
133660.484375,133758.203125,133992.8125,133884.90625,134006.046875,134218.296875,134071.671875,134145.703125,-0.512451171875,-0.001220703125,-0.80859375,-0.7019042372703552,0.5187987685203552,0.5798339247703552,80.0,2632.0,1.0,O,F,O,0
134534.265625,134632.515625,134866.859375,134758.765625,134879.640625,135092.609375,134945.359375,135020.09375,-0.5126953125,0.000732421875,-0.80908203125,-0.6408690810203552,0.4577636420726776,0.5187987685203552,80.0,2633.0,1.0,O,F,O,0
134734.625,134832.96875,135067.390625,134958.859375,135080.09375,135292.875,135145.8125,135220.546875,-0.512939453125,0.000244140625,-0.811279296875,-0.6713866591453552,0.4272460639476776,0.5187987685203552,80.0,2634.0,1.0,O,F,O,0
133939.078125,134037.0625,134271.9375,134163.765625,134284.375,134497.0625,134350.4375,134424.375,-0.5166015625,0.001220703125,-0.81103515625,-0.7324218153953552,0.4882812201976776,0.4882812201976776,80.0,2635.0,1.0,O,F,O,0
133686.59375,133784.765625,134019.640625,133911.625,134032.421875,134244.859375,134098.046875,134171.890625,-0.513427734375,0.00146484375,-0.81494140625,-0.7629393935203552,0.4882812201976776,0.4577636420726776,80.0,2636.0,1.0,O,F,O,0
134501.890625,134600.515625,134835.203125,134726.84375,134847.640625,135060.421875,134913.609375,134987.828125,-0.51171875,0.000732421875,-0.81396484375,-0.7629393935203552,0.5187987685203552,0.3662109076976776,80.0,2637.0,1.0,O,F,O,0
134909.859375,135008.390625,135243.171875,135134.984375,135255.859375,135468.5625,135321.765625,135395.96875,-0.512939453125,-0.000244140625,-0.80908203125,-0.7324218153953552,0.4577636420726776,0.4272460639476776,80.0,2638.0,1.0,O,F,O,0
134198.71875,134296.703125,134532.03125,134423.75,134544.359375,134756.625,134610.34375,134684.5625,-0.513427734375,-0.000244140625,-0.810546875,-0.7324218153953552,0.4882812201976776,0.4577636420726776,80.0,2639.0,1.0,O,F,O,0
133753.65625,133851.28125,134086.6875,133978.78125,134099.203125,134311.28125,134165.09375,134239.046875,-0.51123046875,-0.0009765625,-0.81005859375,-0.7019042372703552,0.5187987685203552,0.4272460639476776,80.0,2640.0,1.0,O,F,O,0
134459.875,134558.046875,134793.359375,134685.265625,134805.703125,135018.046875,134871.421875,134945.796875,-0.511962890625,0.0009765625,-0.810791015625,-0.6713866591453552,0.5798339247703552,0.4272460639476776,80.0,2641.0,1.0,O,F,O,0
135046.828125,135145.09375,135379.96875,135271.6875,135392.65625,135605.265625,135458.375,135533.03125,-0.513427734375,-0.000244140625,-0.8115234375,-0.6713866591453552,0.5493163466453552,0.3662109076976776,80.0,2642.0,1.0,O,F,O,0
134465.953125,134564.296875,134799.0,134690.8125,134811.875,135024.390625,134877.671875,134951.796875,-0.513671875,0.001220703125,-0.812255859375,-0.7629393935203552,0.4577636420726776,0.3051757514476776,80.0,2643.0,1.0,O,F,O,0
133856.46875,133954.8125,134189.421875,134081.421875,134202.390625,134414.71875,134268.1875,134342.125,-0.512451171875,-0.00048828125,-0.812255859375,-0.8239745497703552,0.3967284858226776,0.3662109076976776,80.0,2644.0,1.0,O,F,O,0
134409.359375,134507.703125,134742.3125,134634.3125,134755.09375,134967.96875,134820.984375,134895.203125,-0.513916015625,0.00048828125,-0.813232421875,-0.7324218153953552,0.4272460639476776,0.5187987685203552,80.0,2645.0,1.0,O,F,O,0
135142.234375,135241.109375,135475.71875,135367.53125,135488.328125,135701.65625,135553.765625,135628.78125,-0.51318359375,-0.00048828125,-0.81494140625,-0.7629393935203552,0.4882812201976776,0.4272460639476776,80.0,2646.0,1.0,O,F,O,0
134735.78125,134834.3125,135069.1875,134960.828125,135081.703125,135294.671875,135147.0625,135222.0625,-0.512939453125,0.00048828125,-0.81298828125,-0.7629393935203552,0.4577636420726776,0.4272460639476776,80.0,2647.0,1.0,O,F,O,0
134002.828125,134100.8125,134335.875,134227.859375,134348.390625,134561.171875,134414.015625,134488.484375,-0.513427734375,0.0,-0.811279296875,-0.7629393935203552,0.4272460639476776,0.4272460639476776,80.0,2648.0,1.0,O,F,O,0
134368.5,134466.578125,134701.1875,134593.1875,134714.234375,134926.671875,134779.6875,134854.15625,-0.514892578125,0.000732421875,-0.8134765625,-0.8239745497703552,0.4882812201976776,0.4272460639476776,80.0,2649.0,1.0,O,F,O,0
135198.203125,135296.546875,135530.609375,135422.609375,135544.03125,135756.453125,135609.03125,135684.390625,-0.515625,0.0009765625,-0.808837890625,-0.7934569716453552,0.4882812201976776,0.3356933295726776,80.0,2650.0,1.0,O,F,O,0
134988.546875,135087.15625,135321.765625,135213.578125,135334.71875,135547.328125,135399.8125,135475.09375,-0.513916015625,0.0009765625,-0.81005859375,-0.7019042372703552,0.4882812201976776,0.3662109076976776,80.0,2651.0,1.0,O,F,O,0
134182.265625,134280.078125,134515.578125,134406.765625,134528.09375,134740.609375,134593.625,134668.1875,-0.51171875,0.001220703125,-0.809814453125,-0.6713866591453552,0.5187987685203552,0.4882812201976776,80.0,2652.0,1.0,O,F,O,0
134341.328125,134438.953125,134674.28125,134565.734375,134686.96875,134899.765625,134752.6875,134826.890625,-0.512451171875,0.001953125,-0.809814453125,-0.6408690810203552,0.4577636420726776,0.4577636420726776,80.0,2653.0,1.0,O,F,O,0
135218.84375,135317.109375,135551.796875,135443.625,135564.59375,135777.375,135630.390625,135704.953125,-0.5126953125,-0.00048828125,-0.81298828125,-0.6408690810203552,0.4577636420726776,0.4577636420726776,80.0,2654.0,1.0,O,F,O,0
135223.859375,135321.765625,135556.71875,135448.53125,135569.328125,135782.296875,135635.40625,135709.78125,-0.5146484375,-0.00048828125,-0.8095703125,-0.6713866591453552,0.4882812201976776,0.4272460639476776,80.0,2655.0,1.0,O,F,O,0
134398.1875,134496.078125,134731.140625,134623.046875,134743.921875,134956.359375,134809.375,134883.578125,-0.51513671875,0.000244140625,-0.81201171875,-0.6408690810203552,0.4882812201976776,0.3662109076976776,80.0,2656.0,1.0,O,F,O,0
134341.140625,134439.046875,134674.09375,134565.828125,134686.796875,134899.578125,134752.328125,134826.53125,-0.515625,0.00048828125,-0.81298828125,-0.7019042372703552,0.4577636420726776,0.4272460639476776,80.0,2657.0,1.0,O,F,O,0
135210.71875,135309.234375,135543.9375,135435.3125,135556.71875,135769.6875,135622.171875,135696.90625,-0.513916015625,0.000732421875,-0.811767578125,-0.7629393935203552,0.4577636420726776,0.3662109076976776,80.0,2658.0,1.0,O,F,O,0
135429.765625,135528.203125,135763.15625,135654.625,135775.859375,135988.734375,135841.125,135916.140625,-0.513916015625,0.000244140625,-0.811279296875,-0.7629393935203552,0.4272460639476776,0.3356933295726776,80.0,2659.0,1.0,O,F,O,0
134638.0625,134736.40625,134971.546875,134862.921875,134984.0625,135196.328125,135049.328125,135123.8125,-0.514892578125,0.00146484375,-0.81396484375,-0.7934569716453552,0.4272460639476776,0.4272460639476776,80.0,2660.0,1.0,O,F,O,0
134367.34375,134465.515625,134700.375,134591.75,134713.078125,134925.6875,134778.34375,134852.8125,-0.515625,0.002197265625,-0.81298828125,-0.7629393935203552,0.4577636420726776,0.4577636420726776,80.0,2661.0,1.0,O,F,O,0
135175.75,135274.015625,135508.703125,135400.078125,135521.40625,135734.734375,135587.125,135661.78125,-0.514404296875,-0.00048828125,-0.81103515625,-0.7019042372703552,0.3662109076976776,0.4577636420726776,80.0,2662.0,1.0,O,F,O,0
135600.171875,135698.609375,135933.390625,135824.671875,135946.09375,136159.0625,136012.0625,136086.1875,-0.514892578125,0.00048828125,-0.811767578125,-0.7324218153953552,0.4272460639476776,0.4882812201976776,80.0,2663.0,1.0,O,F,O,0
134897.875,134996.140625,135231.09375,135122.46875,135243.796875,135456.859375,135309.515625,135383.546875,-0.515625,-0.000244140625,-0.813232421875,-0.7629393935203552,0.4272460639476776,0.4272460639476776,80.0,2664.0,1.0,O,F,O,0
134434.65625,134533.1875,134767.53125,134659.15625,134780.40625,134993.453125,134845.9375,134920.40625,-0.513916015625,-0.000732421875,-0.8125,-0.6713866591453552,0.4577636420726776,0.5187987685203552,80.0,2665.0,1.0,O,F,O,0
135126.5,135225.203125,135459.984375,135351.078125,135472.5,135685.5625,135538.03125,135612.59375,-0.5146484375,0.0009765625,-0.81396484375,-0.7324218153953552,0.3967284858226776,0.5798339247703552,80.0,2666.0,1.0,O,F,O,0
135728.5625,135827.359375,136062.140625,135953.515625,136074.828125,136288.0625,136140.1875,136215.109375,-0.513671875,0.000244140625,-0.8134765625,-0.7324218153953552,0.4577636420726776,0.5493163466453552,80.0,2667.0,1.0,O,F,O,0
135163.234375,135261.859375,135496.1875,135388.015625,135508.703125,135721.859375,135574.609375,135649.078125,-0.513427734375,0.0,-0.813720703125,-0.7629393935203552,0.5187987685203552,0.5798339247703552,80.0,2668.0,1.0,O,F,O,0
134538.203125,134636.640625,134871.328125,134763.140625,134883.9375,135096.546875,134949.640625,135023.859375,-0.51318359375,0.0,-0.81103515625,-0.7629393935203552,0.5187987685203552,0.3967284858226776,80.0,2669.0,1.0,O,F,O,0
135076.34375,135174.859375,135409.46875,135301.109375,135421.8125,135634.765625,135487.96875,135562.359375,-0.51220703125,-0.000244140625,-0.810546875,-0.6408690810203552,0.4882812201976776,0.3662109076976776,80.0,2670.0,1.0,O,F,O,0
135821.1875,135920.078125,136154.671875,136045.859375,136166.75,136380.34375,136233.0,136308.0,-0.513671875,0.000732421875,-0.80908203125,-0.5798339247703552,0.5493163466453552,0.4272460639476776,80.0,2671.0,1.0,O,F,O,0
135431.109375,135530.078125,135764.859375,135655.609375,135776.9375,135990.34375,135843.0,135917.5625,-0.513427734375,0.0,-0.81103515625,-0.6408690810203552,0.4577636420726776,0.4272460639476776,80.0,2672.0,1.0,O,F,O,0
134688.484375,134787.015625,135021.890625,134913.53125,135034.765625,135247.28125,135100.296875,135174.59375,-0.51171875,0.000732421875,-0.8115234375,-0.6713866591453552,0.4882812201976776,0.4272460639476776,80.0,2673.0,1.0,O,F,O,0
135038.78125,135136.953125,135371.921875,135263.375,135384.515625,135597.484375,135450.0625,135524.796875,-0.51220703125,-0.00048828125,-0.811767578125,-0.7629393935203552,0.4272460639476776,0.4577636420726776,80.0,2674.0,1.0,O,F,O,0
135876.34375,135975.40625,136210.015625,136101.03125,136222.359375,136435.6875,136288.15625,136363.078125,-0.511474609375,0.001220703125,-0.8125,-0.7934569716453552,0.4272460639476776,0.4577636420726776,80.0,2675.0,1.0,O,F,O,0
135685.46875,135784.171875,136018.78125,135910.0625,136031.734375,136244.625,136097.0,136171.84375,-0.5126953125,0.0009765625,-0.812744140625,-0.7629393935203552,0.4272460639476776,0.3967284858226776,80.0,2676.0,1.0,O,F,O,0
134873.390625,134971.8125,135206.515625,135098.234375,135219.921875,135432.265625,135284.828125,135359.40625,-0.512939453125,0.002685546875,-0.8125,-0.7019042372703552,0.4272460639476776,0.4272460639476776,80.0,2677.0,1.0,O,F,O,0
135010.890625,135109.421875,135344.109375,135235.484375,135357.078125,135570.046875,135422.609375,135497.0,-0.514404296875,0.0,-0.811279296875,-0.7629393935203552,0.4577636420726776,0.4577636420726776,80.0,2678.0,1.0,O,F,O,0
135888.15625,135986.953125,136221.640625,136112.65625,136234.0625,136447.484375,136299.953125,136374.96875,-0.514892578125,0.00048828125,-0.811279296875,-0.7934569716453552,0.5187987685203552,0.4577636420726776,80.0,2679.0,1.0,O,F,O,0
135912.109375,136011.0,136245.875,136136.609375,136258.296875,136471.359375,136323.828125,136399.03125,-0.5146484375,0.002197265625,-0.812255859375,-0.7629393935203552,0.4577636420726776,0.3967284858226776,80.0,2680.0,1.0,O,F,O,0
135088.859375,135187.296875,135422.4375,135313.359375,135434.765625,135647.46875,135500.578125,135575.234375,-0.514404296875,0.002197265625,-0.810302734375,-0.6713866591453552,0.5798339247703552,0.3967284858226776,80.0,2681.0,1.0,O,F,O,0
135011.34375,135109.5,135344.828125,135235.84375,135357.078125,135569.859375,135422.96875,135497.53125,-0.51318359375,0.00146484375,-0.812744140625,-0.6713866591453552,0.5187987685203552,0.3967284858226776,80.0,2682.0,1.0,O,F,O,0
135877.953125,135976.484375,136211.171875,136102.453125,136223.703125,136436.9375,136289.40625,136364.6875,-0.51318359375,0.0,-0.812255859375,-0.7019042372703552,0.5187987685203552,0.4272460639476776,80.0,2683.0,1.0,O,F,O,0
136116.3125,136215.375,136449.8125,136341.09375,136461.875,136675.65625,136528.03125,136603.046875,-0.513427734375,0.00048828125,-0.813720703125,-0.7934569716453552,0.4577636420726776,0.4882812201976776,80.0,2684.0,1.0,O,F,O,0
135330.34375,135428.875,135663.390625,135554.484375,135675.625,135889.3125,135741.96875,135816.625,-0.51416015625,0.001220703125,-0.81298828125,-0.7934569716453552,0.5493163466453552,0.4882812201976776,80.0,2685.0,1.0,O,F,O,0
135041.46875,135139.640625,135374.234375,135265.609375,135387.03125,135600.265625,135453.09375,135527.84375,-0.513916015625,0.000244140625,-0.811767578125,-0.7324218153953552,0.4577636420726776,0.3967284858226776,80.0,2686.0,1.0,O,F,O,0
135840.5,135939.5625,136173.8125,136065.09375,136186.859375,136399.65625,136252.390625,136327.5,-0.515380859375,0.00244140625,-0.8076171875,-0.7629393935203552,0.4882812201976776,0.4577636420726776,80.0,2687.0,1.0,O,F,O,0
136281.8125,136380.96875,136615.03125,136506.140625,136628.078125,136841.3125,136693.796875,136768.984375,-0.512939453125,0.001220703125,-0.808349609375,-0.7324218153953552,0.4577636420726776,0.4577636420726776,80.0,2688.0,1.0,O,F,O,0
135592.03125,135690.734375,135925.25,135816.453125,135938.046875,136151.015625,136003.9375,136078.40625,-0.5146484375,0.0029296875,-0.810546875,-0.6408690810203552,0.4577636420726776,0.4272460639476776,80.0,2689.0,1.0,O,F,O,0
135114.609375,135212.953125,135447.90625,135339.109375,135460.609375,135673.3125,135525.875,135600.34375,-0.514404296875,0.002685546875,-0.8095703125,-0.8239745497703552,0.3967284858226776,0.4577636420726776,80.0,2690.0,1.0,O,F,O,0
135796.15625,135894.859375,136129.546875,136020.65625,136141.984375,136354.859375,136207.609375,136282.703125,-0.514404296875,0.001708984375,-0.81201171875,-0.7934569716453552,0.4272460639476776,0.5187987685203552,80.0,2691.0,1.0,O,F,O,0
136410.5625,136509.984375,136743.859375,136635.421875,136756.734375,136969.890625,136822.359375,136898.0,-0.512451171875,0.0009765625,-0.811279296875,-0.7934569716453552,0.4577636420726776,0.4882812201976776,80.0,2692.0,1.0,O,F,O,0
135859.984375,135958.78125,136193.5625,136084.765625,136206.0,136419.046875,136271.796875,136347.078125,-0.513671875,0.00048828125,-0.810546875,-0.7019042372703552,0.4882812201976776,0.4577636420726776,80.0,2693.0,1.0,O,F,O,0
135224.390625,135322.828125,135557.796875,135449.078125,135569.953125,135783.1875,135636.03125,135711.03125,-0.513916015625,0.00146484375,-0.81103515625,-0.7629393935203552,0.3967284858226776,0.4882812201976776,80.0,2694.0,1.0,O,F,O,0
135746.625,135845.953125,136080.640625,135971.5625,136092.984375,136306.390625,136159.0625,136234.0625,-0.51318359375,0.0,-0.814697265625,-0.7019042372703552,0.3967284858226776,0.4272460639476776,80.0,2695.0,1.0,O,F,O,0
136498.359375,136598.046875,136832.375,136723.03125,136845.078125,137058.3125,136910.796875,136986.34375,-0.5126953125,0.001220703125,-0.81298828125,-0.7019042372703552,0.4272460639476776,0.4272460639476776,80.0,2696.0,1.0,O,F,O,0
136120.25,136219.40625,136453.921875,136345.015625,136466.171875,136679.671875,136531.96875,136607.15625,-0.513916015625,0.001220703125,-0.81201171875,-0.7019042372703552,0.4882812201976776,0.3967284858226776,80.0,2697.0,1.0,O,F,O,0
135369.859375,135468.390625,135703.34375,135594.8125,135715.59375,135928.828125,135781.3125,135856.0625,-0.512451171875,0.002685546875,-0.808837890625,-0.7019042372703552,0.3662109076976776,0.4272460639476776,80.0,2698.0,1.0,O,F,O,0
135700.75,135799.640625,136033.53125,135925.609375,136046.40625,136259.8125,136112.46875,136187.3125,-0.512451171875,0.001708984375,-0.813720703125,-0.7629393935203552,0.4577636420726776,0.3967284858226776,80.0,2699.0,1.0,O,F,O,0
136544.9375,136644.453125,136878.15625,136769.609375,136890.84375,137104.171875,136957.015625,137032.03125,-0.512451171875,0.001708984375,-0.815673828125,-0.7324218153953552,0.4272460639476776,0.4577636420726776,80.0,2700.0,1.0,O,F,O,0
136372.828125,136472.515625,136706.5,136597.859375,136719.09375,136932.15625,136784.71875,136859.921875,-0.513916015625,0.003173828125,-0.81591796875,-0.7019042372703552,0.4882812201976776,0.3356933295726776,80.0,2701.0,1.0,O,F,O,0
135558.328125,135657.578125,135892.171875,135783.359375,135904.328125,136117.65625,135970.3125,136044.875,-0.51220703125,-0.00048828125,-0.81396484375,-0.7019042372703552,0.4882812201976776,0.4272460639476776,80.0,2702.0,1.0,O,F,O,0
135676.53125,135775.59375,136009.75,135901.390625,136022.4375,136235.765625,136088.421875,136163.25,-0.513916015625,0.003173828125,-0.81201171875,-0.7629393935203552,0.5187987685203552,0.4272460639476776,80.0,2703.0,1.0,O,F,O,0
136556.375,136655.53125,136889.234375,136781.15625,136902.296875,137115.703125,136968.453125,137043.5625,-0.513916015625,0.001953125,-0.807861328125,-0.7324218153953552,0.4882812201976776,0.4577636420726776,80.0,2704.0,1.0,O,F,O,0
136598.765625,136697.46875,136931.359375,136822.71875,136944.234375,137157.46875,137010.203125,137085.125,-0.514404296875,0.002685546875,-0.811767578125,-0.7019042372703552,0.4577636420726776,0.4272460639476776,80.0,2705.0,1.0,O,F,O,0
135774.875,135873.125,136107.734375,135999.109375,136120.34375,136333.40625,136186.140625,136260.984375,-0.5146484375,0.002197265625,-0.81298828125,-0.7324218153953552,0.4882812201976776,0.4577636420726776,80.0,2706.0,1.0,O,F,O,0
135678.046875,135776.390625,136010.90625,135902.375,136023.515625,136236.484375,136088.953125,136164.328125,-0.515380859375,0.001953125,-0.81201171875,-0.7629393935203552,0.4577636420726776,0.5187987685203552,80.0,2707.0,1.0,O,F,O,0
136539.65625,136638.359375,136872.703125,136763.890625,136885.3125,137098.640625,136951.296875,137026.390625,-0.513916015625,0.002197265625,-0.811279296875,-0.8239745497703552,0.3967284858226776,0.4577636420726776,80.0,2708.0,1.0,O,F,O,0
136798.859375,136898.1875,137132.15625,137023.4375,137145.03125,137358.0,137210.75,137285.765625,-0.51416015625,0.001708984375,-0.8125,-0.7324218153953552,0.3662109076976776,0.3662109076976776,80.0,2709.0,1.0,O,F,O,0
136019.3125,136117.921875,136352.625,136244.078125,136365.140625,136578.1875,136430.765625,136506.046875,-0.513427734375,0.002197265625,-0.810302734375,-0.7019042372703552,0.4272460639476776,0.3662109076976776,80.0,2710.0,1.0,O,F,O,0
135711.84375,135810.375,136045.0625,135936.703125,136057.75,136270.71875,136123.375,136198.21875,-0.512939453125,0.000244140625,-0.8125,-0.7019042372703552,0.4577636420726776,0.3356933295726776,80.0,2711.0,1.0,O,F,O,0
136503.8125,136603.046875,136837.203125,136728.578125,136849.8125,137063.046875,136915.53125,136990.71875,-0.511962890625,0.0009765625,-0.811279296875,-0.7019042372703552,0.5187987685203552,0.4272460639476776,80.0,2712.0,1.0,O,F,O,0
136963.265625,137062.609375,137296.9375,137187.59375,137309.015625,137522.953125,137375.4375,137450.546875,-0.513427734375,0.002685546875,-0.80908203125,-0.7324218153953552,0.4272460639476776,0.3967284858226776,80.0,2713.0,1.0,O,F,O,0
136281.71875,136380.515625,136615.125,136505.859375,136627.8125,136840.875,136693.796875,136768.90625,-0.51220703125,0.00244140625,-0.810791015625,-0.7019042372703552,0.4882812201976776,0.4577636420726776,80.0,2714.0,1.0,O,F,O,0
135786.5,135885.375,136119.890625,136011.09375,136132.40625,136345.46875,136198.390625,136273.578125,-0.51220703125,0.0,-0.811279296875,-0.6713866591453552,0.6103515028953552,0.4577636420726776,80.0,2715.0,1.0,O,F,O,0
136453.828125,136553.078125,136787.3125,136678.515625,136799.484375,137013.078125,136865.734375,136941.359375,-0.513671875,0.000244140625,-0.809326171875,-0.7629393935203552,0.5798339247703552,0.3967284858226776,80.0,2716.0,1.0,O,F,O,0
137085.21875,137185.09375,137419.0625,137309.984375,137431.3125,137645.09375,137497.484375,137573.03125,-0.511474609375,0.0,-0.813720703125,-0.7629393935203552,0.4577636420726776,0.3967284858226776,80.0,2717.0,1.0,O,F,O,0
136549.40625,136649.0,136883.25,136774.625,136895.59375,137109.0,136961.9375,137036.9375,-0.51318359375,0.0009765625,-0.814453125,-0.7324218153953552,0.4882812201976776,0.3967284858226776,80.0,2718.0,1.0,O,F,O,0
135898.25,135997.234375,136231.75,136123.375,136244.53125,136457.40625,136310.421875,136385.25,-0.5126953125,0.0009765625,-0.815185546875,-0.7019042372703552,0.5493163466453552,0.4882812201976776,80.0,2719.0,1.0,O,F,O,0
136402.421875,136501.75,136735.8125,136627.640625,136748.6875,136962.203125,136814.765625,136889.875,-0.513916015625,0.001708984375,-0.810302734375,-0.6713866591453552,0.5493163466453552,0.3967284858226776,80.0,2720.0,1.0,O,F,O,0
137166.671875,137266.453125,137500.421875,137391.625,137512.9375,137726.625,137579.109375,137654.5625,-0.51318359375,0.000244140625,-0.8095703125,-0.7324218153953552,0.5187987685203552,0.3967284858226776,80.0,2721.0,1.0,O,F,O,0
136811.09375,136910.15625,137144.40625,137035.59375,137156.921875,137370.15625,137223.09375,137298.1875,-0.5126953125,-0.000244140625,-0.81201171875,-0.7324218153953552,0.4577636420726776,0.4577636420726776,80.0,2722.0,1.0,O,F,O,0
136051.5,136150.109375,136384.1875,136275.828125,136397.234375,136610.203125,136463.484375,136537.875,-0.51220703125,0.0,-0.814453125,-0.7324218153953552,0.5187987685203552,0.3967284858226776,80.0,2723.0,1.0,O,F,O,0
136361.828125,136461.25,136694.953125,136586.421875,136707.75,136920.984375,136773.8125,136848.828125,-0.51416015625,0.001220703125,-0.814697265625,-0.7629393935203552,0.5798339247703552,0.5187987685203552,80.0,2724.0,1.0,O,F,O,0
137209.234375,137309.359375,137542.8125,137434.0,137555.5,137769.28125,137621.390625,137697.125,-0.512451171875,0.002197265625,-0.812255859375,-0.7629393935203552,0.5187987685203552,0.4272460639476776,80.0,2725.0,1.0,O,F,O,0
137058.125,137158.453125,137392.15625,137283.171875,137404.578125,137618.265625,137470.65625,137546.03125,-0.51318359375,0.00048828125,-0.8125,-0.8544921278953552,0.4882812201976776,0.3967284858226776,80.0,2726.0,1.0,O,F,O,0
136241.40625,136340.375,136574.890625,136465.984375,136587.578125,136801.0,136653.203125,136728.40625,-0.514404296875,0.000244140625,-0.8134765625,-0.7629393935203552,0.4272460639476776,0.3967284858226776,80.0,2727.0,1.0,O,F,O,0
136339.203125,136438.453125,136672.78125,136563.796875,136685.3125,136898.453125,136751.109375,136826.390625,-0.513916015625,-0.001708984375,-0.8115234375,-0.6713866591453552,0.4882812201976776,0.3662109076976776,80.0,2728.0,1.0,O,F,O,0
137217.09375,137316.96875,137550.859375,137441.859375,137563.1875,137776.875,137629.171875,137704.90625,-0.51513671875,-0.00244140625,-0.811767578125,-0.7324218153953552,0.3967284858226776,0.3967284858226776,80.0,2729.0,1.0,O,F,O,0
137280.9375,137380.625,137614.25,137505.53125,137627.03125,137840.796875,137693.09375,137768.375,-0.513427734375,-0.000732421875,-0.80908203125,-0.7629393935203552,0.3967284858226776,0.4577636420726776,80.0,2730.0,1.0,O,F,O,0
136459.015625,136558.171875,136792.140625,136683.25,136805.015625,137017.984375,136870.734375,136945.65625,-0.51123046875,0.00048828125,-0.81005859375,-0.7629393935203552,0.4272460639476776,0.4272460639476776,80.0,2731.0,1.0,O,F,O,0
136337.421875,136436.75,136670.90625,136562.109375,136683.703125,136896.75,136749.40625,136824.59375,-0.513671875,0.001220703125,-0.81005859375,-0.7324218153953552,0.4272460639476776,0.3662109076976776,80.0,2732.0,1.0,O,F,O,0
137195.109375,137294.703125,137528.859375,137419.96875,137541.375,137754.96875,137607.1875,137683.0,-0.512939453125,0.00146484375,-0.8125,-0.6408690810203552,0.4577636420726776,0.4577636420726776,80.0,2733.0,1.0,O,F,O,0
137472.265625,137571.859375,137806.015625,137697.125,137818.71875,138032.125,137884.609375,137960.34375,-0.512939453125,0.00048828125,-0.812744140625,-0.6103515028953552,0.4577636420726776,0.4577636420726776,80.0,2734.0,1.0,O,F,O,0
136699.34375,136798.40625,137032.375,136924.015625,137045.4375,137258.5,137111.421875,137186.78125,-0.5146484375,0.001220703125,-0.8134765625,-0.7324218153953552,0.4882812201976776,0.4577636420726776,80.0,2735.0,1.0,O,F,O,0
136372.5625,136471.53125,136705.515625,136597.15625,136718.75,136931.796875,136784.453125,136859.640625,-0.515625,0.001708984375,-0.81298828125,-0.7019042372703552,0.4882812201976776,0.4272460639476776,80.0,2736.0,1.0,O,F,O,0
137152.015625,137251.515625,137485.40625,137376.59375,137498.28125,137711.96875,137563.90625,137639.546875,-0.51611328125,0.00048828125,-0.81103515625,-0.7629393935203552,0.4272460639476776,0.4882812201976776,80.0,2737.0,1.0,O,F,O,0
137625.859375,137726.0,137959.359375,137850.71875,137972.234375,138186.1875,138038.03125,138113.84375,-0.515380859375,0.00048828125,-0.810302734375,-0.7629393935203552,0.4882812201976776,0.4577636420726776,80.0,2738.0,1.0,O,F,O,0
136959.15625,137058.578125,137292.203125,137184.375,137305.078125,137518.9375,137371.234375,137446.515625,-0.516357421875,0.00048828125,-0.810791015625,-0.6713866591453552,0.4577636420726776,0.3662109076976776,80.0,2739.0,1.0,O,F,O,0
136448.5625,136547.796875,136781.953125,136673.59375,136794.46875,137008.0625,136860.8125,136935.640625,-0.514892578125,-0.000244140625,-0.814697265625,-0.8239745497703552,0.4882812201976776,0.3356933295726776,80.0,2740.0,1.0,O,F,O,0
137101.765625,137201.71875,137435.875,137326.703125,137448.03125,137661.8125,137514.46875,137590.015625,-0.5146484375,0.001708984375,-0.811767578125,-0.8239745497703552,0.5187987685203552,0.4272460639476776,80.0,2741.0,1.0,O,F,O,0
137747.375,137847.15625,138081.125,137972.234375,138093.375,138307.421875,138159.8125,138235.625,-0.51318359375,0.0,-0.8095703125,-0.6408690810203552,0.4577636420726776,0.4272460639476776,80.0,2742.0,1.0,O,F,O,0
137227.015625,137326.703125,137560.78125,137451.703125,137573.109375,137786.703125,137639.28125,137714.5625,-0.513671875,0.000244140625,-0.8095703125,-0.6408690810203552,0.4577636420726776,0.4272460639476776,80.0,2743.0,1.0,O,F,O,0
136565.234375,136664.46875,136899.171875,136789.828125,136910.96875,137124.46875,136977.21875,137052.234375,-0.512939453125,-0.001220703125,-0.812744140625,-0.7629393935203552,0.5187987685203552,0.4272460639476776,80.0,2744.0,1.0,O,F,O,0
137051.609375,137151.46875,137385.625,137276.375,137397.4375,137611.5625,137464.046875,137539.140625,-0.513916015625,0.000244140625,-0.8115234375,-0.7629393935203552,0.5187987685203552,0.3662109076976776,80.0,2745.0,1.0,O,F,O,0
137825.0625,137925.46875,138159.0,138049.828125,138171.515625,138385.015625,138237.765625,138312.875,-0.51318359375,-0.000244140625,-0.8125,-0.7019042372703552,0.4272460639476776,0.3967284858226776,80.0,2746.0,1.0,O,F,O,0
137487.46875,137587.421875,137821.3125,137712.234375,137833.46875,138047.78125,137899.625,137975.8125,-0.5126953125,0.004150390625,-0.81201171875,-0.6713866591453552,0.4882812201976776,0.4272460639476776,80.0,2747.0,1.0,O,F,O,0
136720.171875,136819.6875,137054.109375,136945.03125,137066.359375,137280.046875,137131.984375,137207.890625,-0.51318359375,0.00341796875,-0.81201171875,-0.7019042372703552,0.3967284858226776,0.3662109076976776,80.0,2748.0,1.0,O,F,O,0
137011.46875,137111.0625,137345.125,137236.234375,137357.375,137571.15625,137423.359375,137498.90625,-0.5146484375,0.002685546875,-0.81103515625,-0.5798339247703552,0.4577636420726776,0.3967284858226776,80.0,2749.0,1.0,O,F,O,0
137865.390625,137965.4375,138199.140625,138090.0625,138211.65625,138425.34375,138277.546875,138353.375,-0.51611328125,0.001953125,-0.812255859375,-0.6713866591453552,0.4272460639476776,0.3967284858226776,80.0,2750.0,1.0,O,F,O,0
137734.046875,137833.921875,138067.53125,137958.640625,138079.96875,138294.09375,138146.21875,138221.765625,-0.512939453125,0.001953125,-0.80712890625,-0.7324218153953552,0.4577636420726776,0.3967284858226776,80.0,2751.0,1.0,O,F,O,0
136914.640625,137014.234375,137248.125,137139.5,137260.546875,137474.59375,137326.796875,137401.71875,-0.515380859375,0.00146484375,-0.807861328125,-0.7019042372703552,0.4577636420726776,0.3662109076976776,80.0,2752.0,1.0,O,F,O,0
136990.453125,137090.5,137324.03125,137215.40625,137336.640625,137550.5,137402.96875,137477.890625,-0.513671875,0.00146484375,-0.810791015625,-0.7629393935203552,0.4882812201976776,0.3662109076976776,80.0,2753.0,1.0,O,F,O,0
137871.203125,137971.328125,138204.78125,138095.875,138217.296875,138431.421875,138283.453125,138359.0,-0.5146484375,0.000244140625,-0.811767578125,-0.6713866591453552,0.5187987685203552,0.4272460639476776,80.0,2754.0,1.0,O,F,O,0
137957.5625,138057.875,138291.140625,138182.328125,138303.921875,138518.0625,138370.09375,138445.640625,-0.51220703125,-0.00048828125,-0.812744140625,-0.6713866591453552,0.4882812201976776,0.4577636420726776,80.0,2755.0,1.0,O,F,O,0
137137.4375,137237.125,137471.109375,137362.109375,137483.4375,137697.296875,137549.609375,137625.15625,-0.513427734375,0.00244140625,-0.813232421875,-0.7324218153953552,0.4577636420726776,0.3967284858226776,80.0,2756.0,1.0,O,F,O,0
136996.796875,137096.390625,137330.203125,137221.203125,137342.71875,137556.390625,137408.515625,137484.15625,-0.51220703125,-0.000732421875,-0.8134765625,-0.6713866591453552,0.4272460639476776,0.4577636420726776,80.0,2757.0,1.0,O,F,O,0
137848.484375,137948.265625,138181.890625,138072.90625,138194.40625,138408.53125,138260.203125,138336.46875,-0.51318359375,0.00048828125,-0.81396484375,-0.7324218153953552,0.5493163466453552,0.4272460639476776,80.0,2758.0,1.0,O,F,O,0
138146.03125,138246.53125,138479.609375,138370.71875,138492.40625,138706.4375,138558.296875,138634.28125,-0.513671875,0.001953125,-0.814697265625,-0.6713866591453552,0.4882812201976776,0.4577636420726776,80.0,2759.0,1.0,O,F,O,0
137382.765625,137482.71875,137716.609375,137607.265625,137729.046875,137943.0,137795.03125,137870.65625,-0.51416015625,0.000732421875,-0.81201171875,-0.6408690810203552,0.4882812201976776,0.4272460639476776,80.0,2760.0,1.0,O,F,O,0
137035.78125,137136.0,137370.078125,137260.8125,137382.328125,137596.0,137448.03125,137524.03125,-0.512939453125,0.000244140625,-0.810791015625,-0.7019042372703552,0.4882812201976776,0.4272460639476776,80.0,2761.0,1.0,O,F,O,0
137803.703125,137903.921875,138137.625,138028.46875,138150.234375,138363.921875,138215.5,138291.953125,-0.515380859375,0.000244140625,-0.810546875,-0.7019042372703552,0.4882812201976776,0.3967284858226776,80.0,2762.0,1.0,O,F,O,0
138298.5625,138399.140625,138632.140625,138522.890625,138644.921875,138859.0625,138711.0,138787.078125,-0.5146484375,-0.000732421875,-0.813232421875,-0.7019042372703552,0.4882812201976776,0.3967284858226776,80.0,2763.0,1.0,O,F,O,0
137639.90625,137739.765625,137973.5625,137864.5,137986.171875,138200.03125,138052.34375,138128.15625,-0.5146484375,-0.000732421875,-0.81201171875,-0.7629393935203552,0.4272460639476776,0.4882812201976776,80.0,2764.0,1.0,O,F,O,0
137111.328125,137211.015625,137445.171875,137336.09375,137457.6875,137671.375,137523.859375,137598.953125,-0.512451171875,-0.001220703125,-0.811767578125,-0.7934569716453552,0.4882812201976776,0.5187987685203552,80.0,2765.0,1.0,O,F,O,0
137747.453125,137847.78125,138081.3125,137971.953125,138093.90625,138307.765625,138160.4375,138235.796875,-0.5126953125,0.000244140625,-0.812744140625,-0.7324218153953552,0.5187987685203552,0.5187987685203552,80.0,2766.0,1.0,O,F,O,0
138407.1875,138507.78125,138740.765625,138631.6875,138753.828125,138967.5,138820.078125,138895.625,-0.51171875,0.000244140625,-0.8134765625,-0.6713866591453552,0.5493163466453552,0.4882812201976776,80.0,2767.0,1.0,O,F,O,0
137904.09375,138004.140625,138237.859375,138128.609375,138250.375,138464.0625,138316.71875,138392.4375,-0.5126953125,0.00048828125,-0.8125,-0.7019042372703552,0.4577636420726776,0.4882812201976776,80.0,2768.0,1.0,O,F,O,0
137228.359375,137328.046875,137562.5625,137452.953125,137574.8125,137788.140625,137640.625,137716.171875,-0.5146484375,0.001220703125,-0.81103515625,-0.7629393935203552,0.5493163466453552,0.5187987685203552,80.0,2769.0,1.0,O,F,O,0
137694.53125,137794.390625,138028.5625,137919.296875,138040.890625,138254.75,138106.96875,138182.78125,-0.51611328125,0.00146484375,-0.810791015625,-0.7324218153953552,0.5493163466453552,0.4882812201976776,80.0,2770.0,1.0,O,F,O,0
138478.625,138579.296875,138812.5625,138703.125,138825.078125,139039.296875,138891.15625,138967.421875,-0.51513671875,0.0029296875,-0.81201171875,-0.6713866591453552,0.4882812201976776,0.3967284858226776,80.0,2771.0,1.0,O,F,O,0
138162.75,138263.34375,138496.25,138387.171875,138508.9375,138723.25,138575.375,138651.359375,-0.51611328125,0.001953125,-0.80908203125,-0.7019042372703552,0.4882812201976776,0.4882812201976776,80.0,2772.0,1.0,O,F,O,0
137388.484375,137488.453125,137721.703125,137613.34375,137734.578125,137948.625,137800.828125,137876.5625,-0.51416015625,0.000732421875,-0.80908203125,-0.7019042372703552,0.5187987685203552,0.3967284858226776,80.0,2773.0,1.0,O,F,O,0
137656.890625,137757.203125,137990.296875,137881.75,138003.078125,138216.84375,138069.421875,138145.140625,-0.513671875,0.0,-0.811279296875,-0.7019042372703552,0.3662109076976776,0.3356933295726776,80.0,2774.0,1.0,O,F,O,0
138514.03125,138614.4375,138847.609375,138738.53125,138860.125,139074.265625,138926.640625,139002.90625,-0.513671875,0.001220703125,-0.814453125,-0.7324218153953552,0.3967284858226776,0.3356933295726776,80.0,2775.0,1.0,O,F,O,0
138403.703125,138503.75,138737.015625,138628.03125,138749.4375,138963.84375,138816.046875,138892.140625,-0.515380859375,-0.00048828125,-0.813232421875,-0.7934569716453552,0.4272460639476776,0.3662109076976776,80.0,2776.0,1.0,O,F,O,0
137581.078125,137681.125,137914.65625,137805.578125,137926.8125,138141.03125,137993.328125,138068.875,-0.514892578125,0.0,-0.8154296875,-0.8850097060203552,0.3662109076976776,0.4272460639476776,80.0,2777.0,1.0,O,F,O,0
137634.265625,137734.578125,137967.84375,137859.046875,137980.28125,138194.40625,138046.890625,138122.515625,-0.513427734375,0.00048828125,-0.810791015625,-0.7629393935203552,0.3662109076976776,0.4272460639476776,80.0,2778.0,1.0,O,F,O,0
138514.125,138614.4375,138847.609375,138739.078125,138860.21875,139074.609375,138926.921875,139003.09375,-0.51611328125,0.002197265625,-0.810791015625,-0.7019042372703552,0.3662109076976776,0.4272460639476776,80.0,2779.0,1.0,O,F,O,0
138623.203125,138723.6875,138956.953125,138848.15625,138969.390625,139183.875,139036.078125,139112.25,-0.5166015625,-0.000244140625,-0.80810546875,-0.7019042372703552,0.4577636420726776,0.4272460639476776,80.0,2780.0,1.0,O,F,O,0
137806.375,137906.6875,138140.140625,138031.328125,138152.734375,138366.78125,138218.8125,138294.546875,-0.515869140625,0.001708984375,-0.8115234375,-0.6713866591453552,0.5493163466453552,0.3967284858226776,80.0,2781.0,1.0,O,F,O,0
137644.828125,137744.953125,137978.578125,137869.671875,137991.09375,138205.140625,138057.078125,138132.796875,-0.51416015625,0.001953125,-0.81005859375,-0.7934569716453552,0.5187987685203552,0.3967284858226776,80.0,2782.0,1.0,O,F,O,0
138490.609375,138590.921875,138824.359375,138715.203125,138836.703125,139050.921875,138902.859375,138979.21875,-0.514404296875,-0.000244140625,-0.81103515625,-0.7934569716453552,0.3967284858226776,0.4272460639476776,80.0,2783.0,1.0,O,F,O,0
138809.078125,138909.75,139142.828125,139033.9375,139155.265625,139369.84375,139221.953125,139298.21875,-0.513916015625,-0.00048828125,-0.812255859375,-0.7324218153953552,0.4882812201976776,0.3967284858226776,80.0,2784.0,1.0,O,F,O,0
138054.484375,138154.34375,138387.796875,138279.15625,138400.3125,138614.703125,138467.0,138542.640625,-0.5126953125,0.00146484375,-0.810791015625,-0.7019042372703552,0.4882812201976776,0.3967284858226776,80.0,2785.0,1.0,O,F,O,0
137689.875,137789.21875,138023.015625,137914.46875,138035.703125,138249.84375,138102.140625,138177.953125,-0.51220703125,0.0009765625,-0.812744140625,-0.8544921278953552,0.4272460639476776,0.4577636420726776,80.0,2786.0,1.0,O,F,O,0
138447.25,138547.828125,138781.359375,138671.921875,138793.703125,139007.921875,138860.125,138936.21875,-0.513671875,0.001708984375,-0.81494140625,-0.7019042372703552,0.4577636420726776,0.4272460639476776,80.0,2787.0,1.0,O,F,O,0
138957.3125,139058.078125,139291.609375,139182.0,139303.671875,139518.25,139370.109375,139446.546875,-0.513671875,0.000732421875,-0.815673828125,-0.7019042372703552,0.5798339247703552,0.5798339247703552,80.0,2788.0,1.0,O,F,O,0
138312.953125,138413.28125,138646.890625,138537.546875,138659.40625,138873.8125,138725.21875,138801.75,-0.511962890625,0.002197265625,-0.813232421875,-0.7019042372703552,0.4577636420726776,0.4882812201976776,80.0,2789.0,1.0,O,F,O,0
137768.015625,137868.0625,138101.875,137992.796875,138114.203125,138328.34375,138180.1875,138256.28125,-0.51318359375,0.00146484375,-0.8125,-0.7324218153953552,0.5187987685203552,0.4577636420726776,80.0,2790.0,1.0,O,F,O,0
138391.546875,138491.59375,138725.390625,138616.234375,138737.46875,138952.046875,138803.796875,138880.15625,-0.514404296875,0.00146484375,-0.812744140625,-0.6408690810203552,0.5798339247703552,0.3662109076976776,80.0,2791.0,1.0,O,F,O,0
139064.328125,139164.5625,139397.734375,139288.484375,139410.25,139624.734375,139476.5,139553.21875,-0.5146484375,-0.000244140625,-0.810302734375,-0.6408690810203552,0.4882812201976776,0.3967284858226776,80.0,2792.0,1.0,O,F,O,0
138577.421875,138677.375,138910.5625,138801.484375,138923.078125,139137.734375,138989.40625,139065.9375,-0.515380859375,-0.000244140625,-0.810546875,-0.6713866591453552,0.4882812201976776,0.3967284858226776,80.0,2793.0,1.0,O,F,O,0
137890.328125,137989.9375,138223.46875,138114.03125,138235.890625,138450.375,138302.234375,138378.5,-0.513916015625,0.000732421875,-0.810546875,-0.7629393935203552,0.5187987685203552,0.4882812201976776,80.0,2794.0,1.0,O,F,O,0
138340.234375,138440.09375,138673.625,138564.546875,138685.78125,138900.359375,138752.578125,138828.75,-0.51318359375,0.0029296875,-0.811767578125,-0.7324218153953552,0.4577636420726776,0.5187987685203552,80.0,2795.0,1.0,O,F,O,0
139131.5625,139231.796875,139464.96875,139356.0625,139477.65625,139692.234375,139544.09375,139620.359375,-0.512939453125,0.00244140625,-0.81201171875,-0.7324218153953552,0.4272460639476776,0.4882812201976776,80.0,2796.0,1.0,O,F,O,0
138830.265625,138930.671875,139163.671875,139054.953125,139176.359375,139390.484375,139242.796875,139318.703125,-0.514404296875,0.0009765625,-0.810546875,-0.6713866591453552,0.4272460639476776,0.4577636420726776,80.0,2797.0,1.0,O,F,O,0
138048.9375,138148.890625,138382.421875,138273.171875,138394.5,138608.625,138461.015625,138537.109375,-0.512451171875,0.000244140625,-0.809814453125,-0.7629393935203552,0.4882812201976776,0.4882812201976776,80.0,2798.0,1.0,O,F,O,0
138300.0,138399.59375,138633.390625,138523.515625,138645.1875,138859.59375,138711.890625,138788.25,-0.513671875,0.00146484375,-0.811279296875,-0.6713866591453552,0.5493163466453552,0.4577636420726776,80.0,2799.0,1.0,O,F,O,0
139160.0,139260.3125,139493.484375,139383.96875,139505.828125,139720.5,139572.4375,139648.875,-0.511962890625,-0.001220703125,-0.814208984375,-0.6713866591453552,0.5798339247703552,0.4882812201976776,80.0,2800.0,1.0,O,F,O,0
139067.90625,139168.671875,139402.109375,139292.40625,139414.359375,139629.03125,139480.609375,139556.875,-0.5146484375,0.000244140625,-0.813720703125,-0.6408690810203552,0.4882812201976776,0.5493163466453552,80.0,2801.0,1.0,O,F,O,0
138243.40625,138343.890625,138577.328125,138468.078125,138589.578125,138803.796875,138655.828125,138731.921875,-0.51416015625,0.00048828125,-0.811767578125,-0.7019042372703552,0.4272460639476776,0.4272460639476776,80.0,2802.0,1.0,O,F,O,0
138277.640625,138377.6875,138611.3125,138502.140625,138623.734375,138837.953125,138689.984375,138766.4375,-0.5146484375,0.000732421875,-0.810302734375,-0.7019042372703552,0.3967284858226776,0.3662109076976776,80.0,2803.0,1.0,O,F,O,0
139155.984375,139256.65625,139489.734375,139380.65625,139502.25,139716.828125,139568.5,139645.390625,-0.516845703125,0.001220703125,-0.811767578125,-0.7629393935203552,0.4882812201976776,0.4577636420726776,80.0,2804.0,1.0,O,F,O,0
139283.46875,139384.328125,139617.234375,139508.328125,139629.828125,139844.140625,139696.265625,139772.890625,-0.5146484375,0.0009765625,-0.812744140625,-0.6713866591453552,0.4272460639476776,0.3662109076976776,80.0,2805.0,1.0,O,F,O,0
138470.40625,138570.625,138803.984375,138695.0,138816.40625,139030.453125,138882.921875,138958.921875,-0.51416015625,0.0029296875,-0.810791015625,-0.6713866591453552,0.3662109076976776,0.3662109076976776,80.0,2806.0,1.0,O,F,O,0
138288.8125,138388.78125,138622.671875,138512.96875,138635.0,138848.953125,138701.4375,138777.25,-0.511962890625,0.00244140625,-0.813232421875,-0.7019042372703552,0.4272460639476776,0.3967284858226776,80.0,2807.0,1.0,O,F,O,0
139129.25,139229.65625,139462.90625,139353.390625,139475.421875,139690.0,139541.765625,139618.21875,-0.51416015625,0.003173828125,-0.81005859375,-0.7629393935203552,0.3967284858226776,0.5493163466453552,80.0,2808.0,1.0,O,F,O,0
139464.703125,139565.546875,139798.546875,139689.375,139811.15625,140025.8125,139877.578125,139954.109375,-0.5146484375,0.0029296875,-0.811279296875,-0.7324218153953552,0.4577636420726776,0.4882812201976776,80.0,2809.0,1.0,O,F,O,0
138718.0625,138818.5625,139051.640625,138942.828125,139064.328125,139278.734375,139131.03125,139207.03125,-0.51513671875,0.001220703125,-0.809814453125,-0.7934569716453552,0.4272460639476776,0.4882812201976776,80.0,2810.0,1.0,O,F,O,0
138333.25,138433.5625,138666.828125,138557.9375,138679.265625,138893.84375,138745.875,138822.046875,-0.51416015625,0.000732421875,-0.810546875,-0.8544921278953552,0.4272460639476776,0.4577636420726776,80.0,2811.0,1.0,O,F,O,0
139079.890625,139180.828125,139413.734375,139304.484375,139426.34375,139641.09375,139492.6875,139569.21875,-0.513671875,0.000732421875,-0.810546875,-0.7019042372703552,0.4882812201976776,0.4882812201976776,80.0,2812.0,1.0,O,F,O,0
139605.0625,139706.09375,139938.640625,139829.5625,139951.34375,140166.09375,140017.953125,140094.84375,-0.51513671875,0.000732421875,-0.814208984375,-0.7324218153953552,0.4882812201976776,0.4272460639476776,80.0,2813.0,1.0,O,F,O,0
138973.234375,139074.265625,139306.890625,139197.8125,139319.40625,139534.265625,139386.015625,139462.46875,-0.5146484375,0.000732421875,-0.812744140625,-0.7019042372703552,0.4882812201976776,0.4272460639476776,80.0,2814.0,1.0,O,F,O,0
138415.6875,138516.265625,138749.53125,138640.375,138762.046875,138976.265625,138828.484375,138904.46875,-0.5126953125,0.000244140625,-0.807861328125,-0.7019042372703552,0.4272460639476776,0.4882812201976776,80.0,2815.0,1.0,O,F,O,0
139025.171875,139126.203125,139358.9375,139249.40625,139371.625,139586.109375,139437.4375,139514.40625,-0.514404296875,0.00244140625,-0.8125,-0.7629393935203552,0.5493163466453552,0.5493163466453552,80.0,2816.0,1.0,O,F,O,0
139710.03125,139811.0625,140043.4375,139934.265625,140056.3125,140270.875,140122.28125,140199.359375,-0.513671875,0.001220703125,-0.81298828125,-0.7019042372703552,0.5493163466453552,0.4882812201976776,80.0,2817.0,1.0,O,F,O,0
139237.875,139338.1875,139571.09375,139462.28125,139583.703125,139798.1875,139650.3125,139726.578125,-0.51416015625,0.000732421875,-0.811279296875,-0.6408690810203552,0.4882812201976776,0.3967284858226776,80.0,2818.0,1.0,O,F,O,0
138541.125,138641.34375,138874.609375,138765.625,138886.859375,139101.703125,138953.296875,139029.640625,-0.513916015625,0.00146484375,-0.81005859375,-0.6713866591453552,0.4272460639476776,0.4577636420726776,80.0,2819.0,1.0,O,F,O,0
138974.125,139074.796875,139307.796875,139198.71875,139320.125,139534.96875,139386.46875,139463.09375,-0.513671875,0.0009765625,-0.810302734375,-0.7324218153953552,0.3356933295726776,0.4272460639476776,80.0,2820.0,1.0,O,F,O,0
139776.546875,139877.484375,140110.21875,140000.875,140122.5625,140337.484375,140188.890625,140265.96875,-0.514892578125,0.00048828125,-0.810791015625,-0.6103515028953552,0.4577636420726776,0.4272460639476776,80.0,2821.0,1.0,O,F,O,0
139496.625,139597.203125,139830.546875,139721.296875,139843.0625,140057.46875,139909.328125,139985.859375,-0.514404296875,-0.00048828125,-0.8115234375,-0.6713866591453552,0.5187987685203552,0.3967284858226776,80.0,2822.0,1.0,O,F,O,0
138707.59375,138807.921875,139041.265625,138932.28125,139053.703125,139268.1875,139120.390625,139196.484375,-0.516357421875,0.0,-0.810791015625,-0.7324218153953552,0.4882812201976776,0.4577636420726776,80.0,2823.0,1.0,O,F,O,0
138936.03125,139036.53125,139269.25,139160.890625,139281.765625,139496.890625,139348.65625,139424.90625,-0.513916015625,0.000732421875,-0.809326171875,-0.7629393935203552,0.4882812201976776,0.3662109076976776,80.0,2824.0,1.0,O,F,O,0
139801.046875,139902.34375,140134.625,140026.0,140147.5,140362.34375,140213.9375,140290.640625,-0.513427734375,0.0009765625,-0.8076171875,-0.6713866591453552,0.4882812201976776,0.4272460639476776,80.0,2825.0,1.0,O,F,O,0
139728.265625,139829.484375,140062.109375,139953.125,140074.71875,140289.65625,140141.0625,140218.484375,-0.513671875,0.0029296875,-0.8115234375,-0.7324218153953552,0.5493163466453552,0.4272460639476776,80.0,2826.0,1.0,O,F,O,0
138903.3125,139003.8125,139236.984375,139128.171875,139249.5,139464.25,139315.65625,139392.734375,-0.51416015625,0.001953125,-0.810546875,-0.7629393935203552,0.4882812201976776,0.3662109076976776,80.0,2827.0,1.0,O,F,O,0
138920.484375,139020.890625,139254.140625,139145.15625,139266.84375,139481.421875,139332.734375,139409.53125,-0.511962890625,0.00146484375,-0.8125,-0.8239745497703552,0.4577636420726776,0.4272460639476776,80.0,2828.0,1.0,O,F,O,0
139796.40625,139897.25,140129.890625,140020.90625,140142.40625,140357.421875,140208.5625,140285.90625,-0.51416015625,0.002685546875,-0.810302734375,-0.7324218153953552,0.5493163466453552,0.4272460639476776,80.0,2829.0,1.0,O,F,O,0
139939.265625,140040.65625,140273.125,140164.125,140286.078125,140500.75,140352.328125,140429.484375,-0.513916015625,0.001953125,-0.8125,-0.7019042372703552,0.3967284858226776,0.3356933295726776,80.0,2830.0,1.0,O,F,O,0
139128.171875,139229.015625,139462.28125,139352.84375,139474.796875,139689.640625,139540.96875,139617.671875,-0.513916015625,0.0029296875,-0.81396484375,-0.7019042372703552,0.4577636420726776,0.3662109076976776,80.0,2831.0,1.0,O,F,O,0
138928.609375,139029.375,139262.640625,139153.03125,139275.515625,139489.90625,139341.5,139417.765625,-0.5146484375,-0.000244140625,-0.8095703125,-0.7324218153953552,0.4577636420726776,0.4272460639476776,80.0,2832.0,1.0,O,F,O,0
139762.25,139863.28125,140096.53125,139986.84375,140109.0625,140323.546875,140175.390625,140252.109375,-0.512939453125,0.0009765625,-0.811767578125,-0.6713866591453552,0.4577636420726776,0.4577636420726776,80.0,2833.0,1.0,O,F,O,0
140114.953125,140215.890625,140449.078125,140339.71875,140461.40625,140676.25,140527.921875,140604.8125,-0.513671875,0.00146484375,-0.814453125,-0.7324218153953552,0.3967284858226776,0.4577636420726776,80.0,2834.0,1.0,O,F,O,0
139373.5,139474.359375,139707.625,139598.546875,139719.6875,139934.4375,139785.9375,139863.0,-0.512451171875,0.002685546875,-0.81103515625,-0.7019042372703552,0.3967284858226776,0.4577636420726776,80.0,2835.0,1.0,O,F,O,0
138975.375,139076.046875,139308.953125,139200.40625,139321.921875,139535.875,139387.625,139464.609375,-0.512451171875,0.0,-0.8125,-0.7019042372703552,0.3662109076976776,0.4577636420726776,80.0,2836.0,1.0,O,F,O,0
139714.0625,139815.4375,140047.90625,139939.0,140060.78125,140275.359375,140126.9375,140203.828125,-0.513671875,-0.00146484375,-0.8125,-0.7934569716453552,0.4272460639476776,0.4882812201976776,80.0,2837.0,1.0,O,F,O,0
140256.40625,140357.875,140590.515625,140481.34375,140602.84375,140818.140625,140669.640625,140746.53125,-0.5126953125,0.002685546875,-0.8125,-0.5798339247703552,0.3967284858226776,0.4882812201976776,80.0,2838.0,1.0,O,F,O,0
139638.15625,139738.734375,139971.734375,139862.734375,139984.59375,140199.09375,140050.765625,140127.46875,-0.514892578125,0.0009765625,-0.813232421875,-0.6408690810203552,0.4577636420726776,0.4272460639476776,80.0,2839.0,1.0,O,F,O,0
139065.046875,139165.359375,139398.71875,139289.90625,139411.328125,139625.625,139477.390625,139553.75,-0.513671875,0.000732421875,-0.810302734375,-0.6713866591453552,0.4272460639476776,0.4577636420726776,80.0,2840.0,1.0,O,F,O,0
139660.234375,139760.71875,139993.8125,139884.734375,140006.5,140221.265625,140072.40625,140149.5625,-0.513427734375,-0.000244140625,-0.81005859375,-0.7324218153953552,0.4577636420726776,0.4577636420726776,80.0,2841.0,1.0,O,F,O,0
140358.140625,140459.359375,140691.8125,140582.828125,140704.78125,140919.53125,140770.9375,140848.0,-0.51318359375,0.000244140625,-0.812744140625,-0.6713866591453552,0.4577636420726776,0.4577636420726776,80.0,2842.0,1.0,O,F,O,0
139900.921875,140002.484375,140235.03125,140125.953125,140247.8125,140461.9375,140313.890625,140390.78125,-0.51416015625,-0.001708984375,-0.813720703125,-0.6103515028953552,0.5493163466453552,0.4272460639476776,80.0,2843.0,1.0,O,F,O,0
139192.28125,139293.03125,139526.125,139417.3125,139538.8125,139752.765625,139604.890625,139681.515625,-0.51416015625,-0.00048828125,-0.81201171875,-0.7019042372703552,0.3967284858226776,0.3967284858226776,80.0,2844.0,1.0,O,F,O,0
139605.78125,139706.546875,139939.625,139830.90625,139952.234375,140166.453125,140018.125,140095.28125,-0.512451171875,0.002197265625,-0.811279296875,-0.7324218153953552,0.4272460639476776,0.3356933295726776,80.0,2845.0,1.0,O,F,O,0
140415.28125,140516.578125,140748.9375,140639.953125,140761.375,140976.21875,140827.890625,140905.21875,-0.513916015625,0.00146484375,-0.811767578125,-0.7324218153953552,0.4272460639476776,0.4272460639476776,80.0,2846.0,1.0,O,F,O,0
140153.40625,140254.4375,140487.25,140378.171875,140499.765625,140714.4375,140566.1875,140642.90625,-0.51416015625,-0.000732421875,-0.814697265625,-0.7019042372703552,0.3967284858226776,0.5187987685203552,80.0,2847.0,1.0,O,F,O,0
139359.921875,139460.9375,139693.84375,139585.3125,139706.8125,139920.859375,139772.53125,139849.328125,-0.513427734375,0.00048828125,-0.813232421875,-0.7934569716453552,0.4882812201976776,0.5187987685203552,80.0,2848.0,1.0,O,F,O,0
139571.625,139672.578125,139905.46875,139796.671875,139918.171875,140132.75,139984.328125,140061.046875,-0.513427734375,0.00244140625,-0.813232421875,-0.7019042372703552,0.5493163466453552,0.4272460639476776,80.0,2849.0,1.0,O,F,O,0
140440.578125,140541.609375,140774.0625,140665.34375,140787.03125,141001.78125,140853.09375,140930.53125,-0.512939453125,0.002197265625,-0.81396484375,-0.7019042372703552,0.4577636420726776,0.4272460639476776,80.0,2850.0,1.0,O,F,O,0
140389.53125,140490.640625,140722.921875,140613.9375,140735.625,140950.46875,140801.953125,140879.203125,-0.512939453125,0.001708984375,-0.814208984375,-0.7019042372703552,0.5798339247703552,0.3967284858226776,80.0,2851.0,1.0,O,F,O,0
139559.65625,139660.59375,139893.578125,139784.515625,139905.921875,140120.953125,139972.359375,140049.25,-0.51123046875,0.001220703125,-0.814453125,-0.7019042372703552,0.5493163466453552,0.3051757514476776,80.0,2852.0,1.0,O,F,O,0
139553.03125,139653.53125,139886.703125,139777.4375,139899.125,140113.96875,139965.203125,140042.453125,-0.51220703125,-0.000244140625,-0.81201171875,-0.7019042372703552,0.5187987685203552,0.4272460639476776,80.0,2853.0,1.0,O,F,O,0
140426.890625,140528.015625,140760.46875,140651.578125,140773.625,140988.015625,140839.59375,140916.84375,-0.51220703125,0.00048828125,-0.815185546875,-0.6713866591453552,0.4577636420726776,0.3967284858226776,80.0,2854.0,1.0,O,F,O,0
140592.390625,140693.421875,140925.609375,140816.890625,140938.84375,141153.421875,141004.734375,141082.25,-0.512451171875,-0.00048828125,-0.812744140625,-0.6103515028953552,0.3967284858226776,0.4577636420726776,80.0,2855.0,1.0,O,F,O,0
139787.8125,139888.9375,140121.21875,140012.40625,140134.171875,140348.671875,140200.25,140277.40625,-0.511962890625,-0.00048828125,-0.81298828125,-0.6408690810203552,0.5187987685203552,0.4577636420726776,80.0,2856.0,1.0,O,F,O,0
139568.40625,139669.265625,139901.625,139793.0,139914.59375,140128.90625,139980.671875,140057.46875,-0.51123046875,0.000732421875,-0.81298828125,-0.6408690810203552,0.4882812201976776,0.4577636420726776,80.0,2857.0,1.0,O,F,O,0
140394.078125,140495.390625,140727.578125,140618.40625,140740.359375,140955.203125,140806.515625,140883.671875,-0.51123046875,0.0009765625,-0.814453125,-0.7019042372703552,0.5187987685203552,0.4882812201976776,80.0,2858.0,1.0,O,F,O,0
140767.265625,140869.109375,141101.203125,140991.953125,141114.265625,141328.828125,141180.515625,141257.578125,-0.51171875,0.001220703125,-0.813232421875,-0.6408690810203552,0.6103515028953552,0.4882812201976776,80.0,2859.0,1.0,O,F,O,0
140036.28125,140137.484375,140370.03125,140260.953125,140383.09375,140597.21875,140449.25,140526.3125,-0.51220703125,-0.000244140625,-0.81298828125,-0.7629393935203552,0.5798339247703552,0.4272460639476776,80.0,2860.0,1.0,O,F,O,0
139617.40625,139718.890625,139951.4375,139842.625,139964.3125,140178.4375,140030.734375,140107.359375,-0.513427734375,-0.00048828125,-0.8134765625,-0.7019042372703552,0.5493163466453552,0.4882812201976776,80.0,2861.0,1.0,O,F,O,0
140344.015625,140445.765625,140678.125,140569.5,140691.09375,140905.40625,140757.4375,140834.234375,-0.51318359375,-0.00048828125,-0.8134765625,-0.6103515028953552,0.4577636420726776,0.4882812201976776,80.0,2862.0,1.0,O,F,O,0
140902.984375,141004.90625,141236.65625,141128.109375,141249.4375,141464.28125,141315.6875,141393.296875,-0.513916015625,0.001953125,-0.8134765625,-0.6408690810203552,0.4882812201976776,0.4577636420726776,80.0,2863.0,1.0,O,F,O,0
140296.90625,140398.28125,140630.5625,140521.765625,140643.265625,140858.015625,140709.6875,140786.578125,-0.514892578125,0.00244140625,-0.812255859375,-0.7324218153953552,0.4272460639476776,0.4882812201976776,80.0,2864.0,1.0,O,F,O,0
139708.515625,139809.1875,140042.171875,139932.921875,140054.609375,140269.453125,140121.03125,140197.5625,-0.513671875,0.003173828125,-0.812744140625,-0.6713866591453552,0.5493163466453552,0.4272460639476776,80.0,2865.0,1.0,O,F,O,0
140287.0625,140388.1875,140620.90625,140511.65625,140633.421875,140848.0,140699.59375,140776.5625,-0.51318359375,0.00244140625,-0.811279296875,-0.7019042372703552,0.4882812201976776,0.4577636420726776,80.0,2866.0,1.0,O,F,O,0
140996.859375,141098.609375,141330.984375,141221.90625,141343.59375,141558.4375,141409.65625,141486.8125,-0.5126953125,0.001708984375,-0.811279296875,-0.6713866591453552,0.4272460639476776,0.4882812201976776,80.0,2867.0,1.0,O,F,O,0
140558.765625,140660.703125,140892.96875,140784.078125,140905.578125,141119.984375,140971.65625,141048.640625,-0.515380859375,0.00146484375,-0.809814453125,-0.7019042372703552,0.4272460639476776,0.4272460639476776,80.0,2868.0,1.0,O,F,O,0
139839.140625,139940.34375,140172.796875,140064.0,140185.765625,140399.890625,140252.109375,140328.640625,-0.5126953125,0.001708984375,-0.812744140625,-0.7629393935203552,0.4577636420726776,0.4882812201976776,80.0,2869.0,1.0,O,F,O,0
140235.484375,140336.5,140569.140625,140460.0625,140581.921875,140796.421875,140648.453125,140725.25,-0.513427734375,0.0,-0.8115234375,-0.7019042372703552,0.3967284858226776,0.4577636420726776,80.0,2870.0,1.0,O,F,O,0
141052.5625,141153.859375,141386.234375,141277.34375,141399.203125,141614.140625,141465.71875,141542.515625,-0.513427734375,0.000732421875,-0.808837890625,-0.5798339247703552,0.4272460639476776,0.4577636420726776,80.0,2871.0,1.0,O,F,O,0
140809.375,140910.671875,141143.046875,141034.421875,141155.921875,141370.859375,141222.265625,141299.328125,-0.513427734375,-0.0009765625,-0.80908203125,-0.5493163466453552,0.4882812201976776,0.4577636420726776,80.0,2872.0,1.0,O,F,O,0
140010.796875,140111.375,140344.203125,140235.65625,140357.078125,140571.734375,140423.59375,140500.21875,-0.51416015625,-0.000244140625,-0.812744140625,-0.7629393935203552,0.5187987685203552,0.3967284858226776,80.0,2873.0,1.0,O,F,O,0
140200.78125,140301.546875,140534.1875,140425.203125,140547.15625,140761.640625,140613.21875,140689.9375,-0.512939453125,0.000732421875,-0.811767578125,-0.6713866591453552,0.5187987685203552,0.4882812201976776,80.0,2874.0,1.0,O,F,O,0
141071.34375,141172.8125,141404.828125,141296.015625,141417.796875,141632.734375,141483.859375,141561.03125,-0.511962890625,0.00048828125,-0.812744140625,-0.6713866591453552,0.4882812201976776,0.5798339247703552,80.0,2875.0,1.0,O,F,O,0
141041.21875,141142.59375,141374.875,141266.078125,141387.84375,141602.59375,141453.921875,141530.984375,-0.51220703125,0.000732421875,-0.813232421875,-0.7324218153953552,0.3967284858226776,0.4577636420726776,80.0,2876.0,1.0,O,F,O,0
140212.953125,140313.625,140546.53125,140437.53125,140559.3125,140774.15625,140625.921875,140702.546875,-0.511962890625,0.00244140625,-0.8115234375,-0.7629393935203552,0.4882812201976776,0.4882812201976776,80.0,2877.0,1.0,O,F,O,0
140186.21875,140287.15625,140519.96875,140410.796875,140532.671875,140747.515625,140599.09375,140676.078125,-0.51220703125,0.000244140625,-0.814208984375,-0.6713866591453552,0.4882812201976776,0.3967284858226776,80.0,2878.0,1.0,O,F,O,0
141058.375,141160.03125,141392.3125,141282.875,141404.828125,141620.03125,141471.171875,141548.78125,-0.51318359375,0.000732421875,-0.8125,-0.7324218153953552,0.4272460639476776,0.4882812201976776,80.0,2879.0,1.0,O,F,O,0
141245.15625,141346.890625,141579.359375,141469.828125,141591.78125,141806.8125,141658.203125,141735.453125,-0.512939453125,0.000732421875,-0.81005859375,-0.7019042372703552,0.3967284858226776,0.4577636420726776,80.0,2880.0,1.0,O,F,O,0
140444.875,140545.890625,140778.71875,140669.640625,140791.328125,141006.078125,140857.65625,140934.46875,-0.514404296875,0.001220703125,-0.8115234375,-0.7629393935203552,0.4882812201976776,0.4882812201976776,80.0,2881.0,1.0,O,F,O,0
140206.0625,140306.90625,140539.375,140430.296875,140552.0625,140766.5625,140618.140625,140695.125,-0.514892578125,0.0009765625,-0.8095703125,-0.6713866591453552,0.4577636420726776,0.4882812201976776,80.0,2882.0,1.0,O,F,O,0
141023.0625,141124.8125,141356.734375,141247.75,141369.78125,141584.265625,141435.9375,141513.1875,-0.513671875,0.001220703125,-0.810546875,-0.6713866591453552,0.4882812201976776,0.4577636420726776,80.0,2883.0,1.0,O,F,O,0
141414.21875,141516.140625,141747.890625,141638.984375,141760.9375,141975.875,141827.28125,141904.890625,-0.51318359375,0.000244140625,-0.811279296875,-0.6713866591453552,0.4577636420726776,0.4882812201976776,80.0,2884.0,1.0,O,F,O,0
140694.40625,140795.96875,141027.890625,140919.078125,141040.9375,141255.796875,141107.375,141184.359375,-0.51318359375,-0.00048828125,-0.813720703125,-0.6713866591453552,0.4882812201976776,0.5493163466453552,80.0,2885.0,1.0,O,F,O,0
140259.796875,140361.71875,140593.90625,140484.65625,140606.6875,140821.359375,140673.125,140750.015625,-0.51220703125,-0.000244140625,-0.811279296875,-0.6408690810203552,0.5187987685203552,0.4272460639476776,80.0,2886.0,1.0,O,F,O,0
140972.375,141074.734375,141306.484375,141197.40625,141319.453125,141534.03125,141385.875,141462.953125,-0.5126953125,0.0009765625,-0.812255859375,-0.6408690810203552,0.6408690810203552,0.3967284858226776,80.0,2887.0,1.0,O,F,O,0
141545.109375,141647.03125,141878.421875,141769.703125,141891.65625,142106.765625,141958.078125,142035.6875,-0.513671875,-0.00146484375,-0.806640625,-0.7629393935203552,0.4882812201976776,0.4272460639476776,80.0,2888.0,1.0,O,F,O,0
140950.90625,141052.5625,141284.125,141175.40625,141297.359375,141512.390625,141363.703125,141440.859375,-0.513916015625,0.0009765625,-0.8095703125,-0.7324218153953552,0.5187987685203552,0.4882812201976776,80.0,2889.0,1.0,O,F,O,0
140349.109375,140450.328125,140682.6875,140573.703125,140695.65625,140910.40625,140761.734375,140838.703125,-0.514892578125,0.001953125,-0.81396484375,-0.6103515028953552,0.4882812201976776,0.4577636420726776,80.0,2890.0,1.0,O,F,O,0
140913.8125,141015.46875,141247.65625,141138.390625,141260.625,141475.46875,141326.78125,141403.9375,-0.515625,0.000244140625,-0.81494140625,-0.7324218153953552,0.4882812201976776,0.4882812201976776,80.0,2891.0,1.0,O,F,O,0
141633.71875,141736.078125,141967.921875,141858.296875,141980.609375,142195.90625,142046.765625,142124.375,-0.514404296875,0.0009765625,-0.8125,-0.7324218153953552,0.5493163466453552,0.4577636420726776,80.0,2892.0,1.0,O,F,O,0
141207.953125,141310.0625,141541.796875,141432.71875,141554.953125,141769.875,141621.203125,141698.265625,-0.513427734375,0.00048828125,-0.809326171875,-0.7629393935203552,0.4882812201976776,0.4577636420726776,80.0,2893.0,1.0,O,F,O,0
140481.703125,140583.0,140815.1875,140706.203125,140828.15625,141042.90625,140894.234375,140970.765625,-0.5126953125,0.00146484375,-0.810546875,-0.7019042372703552,0.5187987685203552,0.4882812201976776,80.0,2894.0,1.0,O,F,O,0
140860.078125,140961.8125,141193.65625,141084.484375,141206.609375,141421.640625,141272.6875,141349.75,-0.513427734375,0.0009765625,-0.81201171875,-0.7629393935203552,0.4272460639476776,0.4577636420726776,80.0,2895.0,1.0,O,F,O,0
141682.078125,141784.984375,142016.28125,141906.84375,142029.15625,142244.359375,142095.328125,142172.65625,-0.514892578125,0.000244140625,-0.8115234375,-0.7629393935203552,0.4577636420726776,0.4272460639476776,80.0,2896.0,1.0,O,F,O,0
141457.21875,141559.5,141791.15625,141682.0,141803.859375,142018.78125,141870.015625,141947.4375,-0.5146484375,0.00048828125,-0.813232421875,-0.6103515028953552,0.5187987685203552,0.4882812201976776,80.0,2897.0,1.0,O,F,O,0
140652.734375,140754.125,140986.578125,140877.515625,140999.1875,141213.765625,141065.359375,141142.6875,-0.51416015625,0.000244140625,-0.812255859375,-0.6713866591453552,0.5493163466453552,0.3662109076976776,80.0,2898.0,1.0,O,F,O,0
140824.578125,140926.59375,141158.609375,141049.34375,141171.484375,141386.0625,141237.546875,141314.984375,-0.5126953125,0.0009765625,-0.81103515625,-0.6408690810203552,0.5187987685203552,0.3967284858226776,80.0,2899.0,1.0,O,F,O,0
141700.046875,141802.25,142033.546875,141924.640625,142046.59375,142261.625,142112.75,142190.890625,-0.5126953125,-0.001953125,-0.811279296875,-0.6408690810203552,0.5187987685203552,0.3051757514476776,80.0,2900.0,1.0,O,F,O,0
141685.65625,141787.671875,142018.96875,141909.890625,142031.9375,142247.140625,142098.359375,142176.140625,-0.513916015625,-0.00048828125,-0.811767578125,-0.6408690810203552,0.4882812201976776,0.3967284858226776,80.0,2901.0,1.0,O,F,O,0
140856.9375,140958.6875,141190.609375,141081.625,141203.484375,141418.421875,141270.0,141347.4375,-0.51416015625,0.000732421875,-0.810791015625,-0.7019042372703552,0.6408690810203552,0.4577636420726776,80.0,2902.0,1.0,O,F,O,0
140812.6875,140914.515625,141146.265625,141037.640625,141159.40625,141374.4375,141226.109375,141303.0,-0.514892578125,-0.000244140625,-0.813232421875,-0.6713866591453552,0.5187987685203552,0.3662109076976776,80.0,2903.0,1.0,O,F,O,0
141685.5625,141788.203125,142019.5,141910.609375,142032.46875,142247.671875,142099.34375,142176.40625,-0.514404296875,-0.000732421875,-0.814697265625,-0.7324218153953552,0.5493163466453552,0.3967284858226776,80.0,2904.0,1.0,O,F,O,0
141888.609375,141991.34375,142222.546875,142113.203125,142235.0625,142450.453125,142301.765625,142379.453125,-0.514892578125,0.000732421875,-0.814453125,-0.7934569716453552,0.4577636420726776,0.4272460639476776,80.0,2905.0,1.0,O,F,O,0
141091.453125,141193.390625,141424.953125,141315.875,141437.90625,141652.671875,141504.15625,141581.5,-0.51513671875,0.00146484375,-0.8125,-0.7629393935203552,0.4577636420726776,0.4577636420726776,80.0,2906.0,1.0,O,F,O,0
140832.890625,140934.734375,141166.734375,141057.484375,141179.796875,141393.921875,141246.140625,141323.109375,-0.514892578125,0.00048828125,-0.813720703125,-0.8239745497703552,0.4577636420726776,0.4882812201976776,80.0,2907.0,1.0,O,F,O,0
141645.15625,141747.171875,141979.09375,141869.75,141991.609375,142206.546875,142058.484375,142135.734375,-0.51416015625,-0.000732421875,-0.814697265625,-0.8239745497703552,0.5187987685203552,0.4882812201976776,80.0,2908.0,1.0,O,F,O,0
142052.9375,142155.140625,142386.703125,142277.625,142399.3125,142614.5,142466.0,142543.515625,-0.51318359375,0.001220703125,-0.81640625,-0.7629393935203552,0.4272460639476776,0.4577636420726776,80.0,2909.0,1.0,O,F,O,0
141339.109375,141441.046875,141672.96875,141563.796875,141685.5625,141900.859375,141751.90625,141829.328125,-0.515380859375,0.000732421875,-0.8115234375,-0.7019042372703552,0.3967284858226776,0.4577636420726776,80.0,2910.0,1.0,O,F,O,0
140887.25,140988.90625,141221.28125,141112.015625,141233.34375,141448.546875,141300.140625,141377.390625,-0.51318359375,0.001708984375,-0.8095703125,-0.6408690810203552,0.3967284858226776,0.3967284858226776,80.0,2911.0,1.0,O,F,O,0
141591.15625,141692.90625,141924.640625,141815.484375,141936.984375,142152.71875,142003.859375,142081.015625,-0.513671875,0.0009765625,-0.811767578125,-0.6408690810203552,0.4882812201976776,0.4882812201976776,80.0,2912.0,1.0,O,F,O,0
142181.328125,142283.703125,142515.0,142406.015625,142527.515625,142742.984375,142594.21875,142671.90625,-0.511474609375,0.00146484375,-0.809814453125,-0.6713866591453552,0.4272460639476776,0.3967284858226776,80.0,2913.0,1.0,O,F,O,0
141601.96875,141704.171875,141935.8125,141827.015625,141948.15625,142163.53125,142015.03125,142092.375,-0.512939453125,0.000732421875,-0.81005859375,-0.7629393935203552,0.4272460639476776,0.4577636420726776,80.0,2914.0,1.0,O,F,O,0
140985.25,141087.25,141319.0,141210.109375,141331.78125,141546.8125,141397.765625,141475.1875,-0.514404296875,0.00048828125,-0.811279296875,-0.7019042372703552,0.5493163466453552,0.4272460639476776,80.0,2915.0,1.0,O,F,O,0
141533.578125,141635.5,141867.25,141758.4375,141880.203125,142095.234375,141946.015625,142023.703125,-0.51220703125,0.001953125,-0.8095703125,-0.7629393935203552,0.4882812201976776,0.4882812201976776,80.0,2916.0,1.0,O,F,O,0
142263.578125,142365.953125,142597.515625,142488.171875,142609.953125,142825.328125,142676.5625,142753.984375,-0.51416015625,0.001953125,-0.810302734375,-0.7019042372703552,0.4882812201976776,0.4577636420726776,80.0,2917.0,1.0,O,F,O,0
141854.90625,141957.1875,142188.75,142079.671875,142201.359375,142416.734375,142267.875,142345.484375,-0.51416015625,0.0029296875,-0.810546875,-0.6713866591453552,0.5493163466453552,0.3662109076976776,80.0,2918.0,1.0,O,F,O,0
141120.34375,141222.265625,141454.09375,141344.75,141466.796875,141681.546875,141533.3125,141610.015625,-0.513671875,0.001708984375,-0.81298828125,-0.6103515028953552,0.5187987685203552,0.3662109076976776,80.0,2919.0,1.0,O,F,O,0
141480.5625,141582.75,141814.765625,141705.421875,141827.09375,142042.125,141894.0625,141970.59375,-0.5146484375,0.001708984375,-0.81201171875,-0.7019042372703552,0.5187987685203552,0.3662109076976776,80.0,2920.0,1.0,O,F,O,0
142310.078125,142412.71875,142644.1875,142534.9375,142656.703125,142872.0,142723.21875,142800.75,-0.513427734375,0.0,-0.81494140625,-0.6713866591453552,0.6103515028953552,0.5187987685203552,80.0,2921.0,1.0,O,F,O,0
142103.90625,142206.453125,142438.015625,142328.671875,142450.625,142665.734375,142516.875,142594.5625,-0.513671875,0.0009765625,-0.813720703125,-0.6713866591453552,0.5493163466453552,0.3967284858226776,80.0,2922.0,1.0,O,F,O,0
141293.875,141396.0625,141627.90625,141518.734375,141640.59375,141855.265625,141706.9375,141784.359375,-0.513671875,0.0009765625,-0.8125,-0.7019042372703552,0.5187987685203552,0.4272460639476776,80.0,2923.0,1.0,O,F,O,0
141445.78125,141548.15625,141779.265625,141670.546875,141792.40625,142007.34375,141858.578125,141936.359375,-0.515625,0.002685546875,-0.81396484375,-0.5798339247703552,0.4577636420726776,0.4577636420726776,80.0,2924.0,1.0,O,F,O,0
142323.9375,142426.578125,142657.78125,142548.25,142670.5625,142885.671875,142736.734375,142814.78125,-0.51318359375,0.001220703125,-0.81201171875,-0.6103515028953552,0.3662109076976776,0.4577636420726776,80.0,2925.0,1.0,O,F,O,0
142331.984375,142434.53125,142665.921875,142556.125,142678.796875,142893.546875,142745.046875,142822.734375,-0.51416015625,0.001953125,-0.81103515625,-0.6713866591453552,0.3662109076976776,0.6103515028953552,80.0,2926.0,1.0,O,F,O,0
141502.46875,141604.390625,141836.046875,141726.609375,141848.921875,142063.765625,141915.25,141992.859375,-0.5146484375,0.002685546875,-0.810302734375,-0.6103515028953552,0.4272460639476776,0.5493163466453552,80.0,2927.0,1.0,O,F,O,0
141435.671875,141537.421875,141769.4375,141660.09375,141782.3125,141997.0625,141848.375,141925.984375,-0.513427734375,0.001220703125,-0.813232421875,-0.6103515028953552,0.5187987685203552,0.3662109076976776,80.0,2928.0,1.0,O,F,O,0
142302.75,142405.296875,142636.765625,142527.421875,142649.46875,142864.578125,142715.71875,142793.59375,-0.513671875,0.0029296875,-0.813232421875,-0.7324218153953552,0.4577636420726776,0.4272460639476776,80.0,2929.0,1.0,O,F,O,0
142525.90625,142628.640625,142860.109375,142750.40625,142872.796875,143087.921875,142938.96875,143017.109375,-0.51513671875,0.002197265625,-0.81103515625,-0.7934569716453552,0.3967284858226776,0.5187987685203552,80.0,2930.0,1.0,O,F,O,0
141735.375,141837.734375,142069.296875,141959.78125,142082.171875,142296.84375,142148.421875,142225.859375,-0.514404296875,0.0,-0.80908203125,-0.7019042372703552,0.4882812201976776,0.4577636420726776,80.0,2931.0,1.0,O,F,O,0
141459.8125,141561.734375,141793.84375,141684.234375,141806.453125,142021.46875,141872.703125,141950.21875,-0.513671875,0.00048828125,-0.809814453125,-0.6713866591453552,0.4882812201976776,0.4272460639476776,80.0,2932.0,1.0,O,F,O,0
142262.25,142364.609375,142596.359375,142486.484375,142608.78125,142824.25,142674.765625,142752.734375,-0.51318359375,0.001220703125,-0.811279296875,-0.6713866591453552,0.4577636420726776,0.3967284858226776,80.0,2933.0,1.0,O,F,O,0
142685.3125,142788.21875,143019.34375,142910.171875,143032.03125,143247.59375,143098.203125,143176.25,-0.51416015625,0.001220703125,-0.812744140625,-0.7629393935203552,0.4272460639476776,0.3662109076976776,80.0,2934.0,1.0,O,F,O,0
141983.390625,142085.390625,142316.96875,142207.96875,142329.65625,142544.859375,142396.09375,142473.6875,-0.51513671875,0.0009765625,-0.81201171875,-0.8239745497703552,0.5187987685203552,0.4882812201976776,80.0,2935.0,1.0,O,F,O,0
141516.59375,141618.15625,141849.8125,141740.828125,141862.421875,142077.625,141929.109375,142006.546875,-0.514404296875,0.00048828125,-0.8134765625,-0.7324218153953552,0.5798339247703552,0.4882812201976776,80.0,2936.0,1.0,O,F,O,0
142206.0,142308.28125,142539.40625,142430.515625,142552.453125,142767.9375,142618.796875,142696.84375,-0.511962890625,0.00146484375,-0.81396484375,-0.7324218153953552,0.5493163466453552,0.4577636420726776,80.0,2937.0,1.0,O,F,O,0
142808.609375,142911.34375,143142.28125,143033.109375,143155.234375,143370.796875,143221.578125,143299.640625,-0.514892578125,0.0009765625,-0.810791015625,-0.7629393935203552,0.4882812201976776,0.4577636420726776,80.0,2938.0,1.0,O,F,O,0
142243.46875,142346.015625,142577.21875,142467.703125,142589.734375,142805.03125,142656.171875,142734.140625,-0.513671875,0.000732421875,-0.811767578125,-0.7934569716453552,0.5187987685203552,0.4272460639476776,80.0,2939.0,1.0,O,F,O,0
141617.34375,141719.359375,141951.109375,141841.578125,141963.890625,142178.828125,142030.046875,142107.484375,-0.513427734375,-0.00048828125,-0.81103515625,-0.7629393935203552,0.5187987685203552,0.5493163466453552,80.0,2940.0,1.0,O,F,O,0
142149.953125,142252.234375,142483.53125,142374.625,142496.484375,142711.96875,142563.09375,142640.609375,-0.512939453125,0.001220703125,-0.811767578125,-0.7629393935203552,0.5187987685203552,0.4882812201976776,80.0,2941.0,1.0,O,F,O,0
142892.5625,142995.375,143226.5,143117.328125,143239.46875,143455.109375,143305.890625,143383.859375,-0.513671875,0.000244140625,-0.81298828125,-0.7019042372703552,0.4882812201976776,0.4882812201976776,80.0,2942.0,1.0,O,F,O,0
142503.375,142606.375,142837.3125,142728.234375,142850.09375,143065.921875,142916.4375,142994.390625,-0.513671875,0.00048828125,-0.812744140625,-0.7629393935203552,0.4577636420726776,0.4882812201976776,80.0,2943.0,1.0,O,F,O,0
141757.546875,141859.90625,142091.203125,141982.046875,142103.8125,142319.46875,142169.96875,142247.9375,-0.514404296875,-0.000732421875,-0.811279296875,-0.7019042372703552,0.3967284858226776,0.3967284858226776,80.0,2944.0,1.0,O,F,O,0
142099.34375,142201.453125,142433.015625,142323.484375,142445.53125,142660.828125,142511.875,142589.921875,-0.514404296875,0.0,-0.81201171875,-0.6713866591453552,0.5493163466453552,0.4577636420726776,80.0,2945.0,1.0,O,F,O,0
142934.578125,143037.40625,143268.4375,143159.078125,143281.125,143496.78125,143347.5625,143425.703125,-0.51318359375,-0.000244140625,-0.80908203125,-0.7324218153953552,0.4577636420726776,0.3967284858226776,80.0,2946.0,1.0,O,F,O,0
142747.1875,142850.09375,143080.9375,142971.6875,143093.90625,143309.734375,143160.34375,143237.9375,-0.514892578125,0.00048828125,-0.80908203125,-0.7629393935203552,0.4882812201976776,0.4272460639476776,80.0,2947.0,1.0,O,F,O,0
141934.03125,142036.671875,142267.703125,142158.703125,142280.578125,142495.859375,142347.1875,142424.34375,-0.5146484375,0.001220703125,-0.811767578125,-0.7019042372703552,0.4577636420726776,0.3967284858226776,80.0,2948.0,1.0,O,F,O,0
142066.625,142169.0,142400.109375,142291.125,142413.078125,142628.546875,142479.5,142557.015625,-0.512939453125,0.000732421875,-0.811767578125,-0.7324218153953552,0.4272460639476776,0.4577636420726776,80.0,2949.0,1.0,O,F,O,0
142943.34375,143046.171875,143277.015625,143167.9375,143290.15625,143505.53125,143356.3125,143434.375,-0.5146484375,0.00146484375,-0.812255859375,-0.7629393935203552,0.3967284858226776,0.4882812201976776,80.0,2950.0,1.0,O,F,O,0
142968.375,143071.109375,143302.140625,143192.875,143315.015625,143530.65625,143381.34375,143459.578125,-0.51416015625,0.000244140625,-0.81298828125,-0.7324218153953552,0.4882812201976776,0.4882812201976776,80.0,2951.0,1.0,O,F,O,0
142141.546875,142243.828125,142474.671875,142365.6875,142487.8125,142703.46875,142554.0625,142632.125,-0.515625,0.001953125,-0.81103515625,-0.7324218153953552,0.4882812201976776,0.4882812201976776,80.0,2952.0,1.0,O,F,O,0
142056.609375,142158.984375,142390.359375,142281.28125,142403.15625,142618.796875,142469.671875,142547.1875,-0.513427734375,0.001953125,-0.810546875,-0.6408690810203552,0.4577636420726776,0.4272460639476776,80.0,2953.0,1.0,O,F,O,0
142922.6875,143025.421875,143256.265625,143147.015625,143269.0625,143484.890625,143335.75,143413.359375,-0.514404296875,0.00146484375,-0.810302734375,-0.7324218153953552,0.4272460639476776,0.4577636420726776,80.0,2954.0,1.0,O,F,O,0
143162.65625,143265.75,143496.5,143387.078125,143509.296875,143725.125,143575.984375,143654.046875,-0.5146484375,-0.000244140625,-0.81201171875,-0.7019042372703552,0.4577636420726776,0.4272460639476776,80.0,2955.0,1.0,O,F,O,0
142376.859375,142479.765625,142711.0625,142601.546875,142723.859375,142939.234375,142789.921875,142867.96875,-0.513427734375,0.00048828125,-0.813232421875,-0.7629393935203552,0.4577636420726776,0.4272460639476776,80.0,2956.0,1.0,O,F,O,0
142083.34375,142185.890625,142417.1875,142308.109375,142429.96875,142645.53125,142496.21875,142573.828125,-0.514892578125,0.001220703125,-0.81201171875,-0.7324218153953552,0.4272460639476776,0.3967284858226776,80.0,2957.0,1.0,O,F,O,0
142879.328125,142982.6875,143213.09375,143104.015625,143226.234375,143441.703125,143292.75,143370.53125,-0.513671875,0.000732421875,-0.811279296875,-0.7629393935203552,0.3356933295726776,0.4577636420726776,80.0,2958.0,1.0,O,F,O,0
143319.84375,143423.46875,143654.046875,143544.703125,143667.1875,143882.921875,143733.609375,143811.3125,-0.515869140625,-0.000244140625,-0.81103515625,-0.7629393935203552,0.4272460639476776,0.4882812201976776,80.0,2959.0,1.0,O,F,O,0
142626.84375,142730.015625,142960.875,142851.609375,142973.828125,143189.3125,143040.265625,143118.046875,-0.515625,-0.000244140625,-0.810791015625,-0.7934569716453552,0.4882812201976776,0.4882812201976776,80.0,2960.0,1.0,O,F,O,0
142143.875,142246.859375,142477.890625,142368.8125,142490.765625,142706.328125,142557.109375,142635.078125,-0.51513671875,0.0009765625,-0.8125,-0.6713866591453552,0.4272460639476776,0.4272460639476776,80.0,2961.0,1.0,O,F,O,0
142821.9375,142924.75,143155.6875,143046.515625,143168.390625,143384.21875,143235.171875,143312.953125,-0.5146484375,0.001708984375,-0.813232421875,-0.7934569716453552,0.4272460639476776,0.4577636420726776,80.0,2962.0,1.0,O,F,O,0
143436.25,143539.421875,143770.359375,143661.015625,143783.0625,143998.96875,143849.484375,143927.8125,-0.512939453125,0.001220703125,-0.81103515625,-0.7324218153953552,0.4577636420726776,0.4272460639476776,80.0,2963.0,1.0,O,F,O,0
142883.796875,142986.796875,143217.828125,143108.484375,143230.515625,143446.34375,143296.953125,143375.1875,-0.51318359375,0.00244140625,-0.8115234375,-0.6713866591453552,0.3662109076976776,0.3662109076976776,80.0,2964.0,1.0,O,F,O,0
142242.578125,142345.03125,142576.328125,142467.515625,142588.9375,142804.859375,142655.8125,142733.6875,-0.51318359375,-0.00048828125,-0.810546875,-0.7629393935203552,0.4577636420726776,0.4272460639476776,80.0,2965.0,1.0,O,F,O,0
142762.03125,142864.84375,143095.78125,142987.0625,143108.484375,143324.578125,143175.453125,143253.5,-0.511474609375,0.00048828125,-0.80908203125,-0.7629393935203552,0.4577636420726776,0.4577636420726776,80.0,2966.0,1.0,O,F,O,0
143515.90625,143619.703125,143849.84375,143740.953125,143862.453125,144078.71875,143929.328125,144007.734375,-0.51318359375,-0.000732421875,-0.81201171875,-0.8239745497703552,0.4577636420726776,0.3662109076976776,80.0,2967.0,1.0,O,F,O,0
143142.28125,143245.453125,143476.125,143366.953125,143488.90625,143704.921875,143555.6875,143634.109375,-0.514404296875,0.000244140625,-0.80908203125,-0.6713866591453552,0.4882812201976776,0.3051757514476776,80.0,2968.0,1.0,O,F,O,0
142388.125,142490.671875,142721.890625,142612.8125,142734.765625,142950.5,142801.375,142879.328125,-0.513671875,0.000732421875,-0.81201171875,-0.6103515028953552,0.4577636420726776,0.4272460639476776,80.0,2969.0,1.0,O,F,O,0
142713.921875,142816.484375,143047.328125,142938.34375,143060.65625,143276.203125,143127.25,143205.125,-0.514404296875,0.000732421875,-0.813720703125,-0.6408690810203552,0.4577636420726776,0.3967284858226776,80.0,2970.0,1.0,O,F,O,0
143554.171875,143657.171875,143887.9375,143778.671875,143900.8125,144116.71875,143967.59375,144045.734375,-0.512451171875,0.0009765625,-0.814208984375,-0.7324218153953552,0.4577636420726776,0.3967284858226776,80.0,2971.0,1.0,O,F,O,0
143382.328125,143485.59375,143716.1875,143607.375,143728.78125,143944.703125,143795.9375,143874.4375,-0.514404296875,0.00048828125,-0.81005859375,-0.6713866591453552,0.3662109076976776,0.4272460639476776,80.0,2972.0,1.0,O,F,O,0
142564.4375,142667.25,142898.46875,142789.5625,142911.078125,143126.546875,142977.953125,143056.0,-0.5146484375,0.000732421875,-0.81103515625,-0.7324218153953552,0.4577636420726776,0.5187987685203552,80.0,2973.0,1.0,O,F,O,0
142680.21875,142783.21875,143014.328125,142905.171875,143026.859375,143242.328125,143093.90625,143171.515625,-0.51513671875,0.000732421875,-0.8134765625,-0.7629393935203552,0.5493163466453552,0.4577636420726776,80.0,2974.0,1.0,O,F,O,0
143558.90625,143662.625,143893.03125,143784.046875,143905.71875,144121.46875,143972.421875,144050.65625,-0.514892578125,0.0009765625,-0.81396484375,-0.7629393935203552,0.4882812201976776,0.3967284858226776,80.0,2975.0,1.0,O,F,O,0
143601.828125,143705.453125,143935.765625,143826.59375,143948.734375,144164.375,144015.34375,144093.5625,-0.511962890625,-0.00048828125,-0.811279296875,-0.7629393935203552,0.4577636420726776,0.3967284858226776,80.0,2976.0,1.0,O,F,O,0
142773.65625,142876.734375,143107.59375,142998.59375,143120.109375,143336.203125,143186.890625,143265.125,-0.51220703125,0.00048828125,-0.808837890625,-0.7629393935203552,0.4882812201976776,0.4577636420726776,80.0,2977.0,1.0,O,F,O,0
142671.8125,142774.8125,143005.84375,142896.859375,143018.8125,143234.453125,143084.96875,143163.109375,-0.51318359375,0.0,-0.813232421875,-0.6713866591453552,0.4577636420726776,0.3662109076976776,80.0,2978.0,1.0,O,F,O,0
143531.828125,143635.359375,143865.671875,143757.046875,143878.90625,144094.46875,143945.328125,144023.734375,-0.515625,0.000244140625,-0.810791015625,-0.7629393935203552,0.4882812201976776,0.5187987685203552,80.0,2979.0,1.0,O,F,O,0
143788.875,143892.578125,144122.625,144013.546875,144136.03125,144351.59375,144202.375,144280.875,-0.515380859375,0.0,-0.811767578125,-0.7019042372703552,0.4577636420726776,0.4882812201976776,80.0,2980.0,1.0,O,F,O,0
143007.546875,143110.8125,143341.5625,143232.40625,143354.796875,143570.09375,143421.046875,143499.1875,-0.514404296875,-0.000244140625,-0.810546875,-0.7324218153953552,0.3967284858226776,0.4577636420726776,80.0,2981.0,1.0,O,F,O,0
142693.8125,142796.984375,143028.015625,142918.765625,143040.890625,143256.265625,143107.234375,143185.546875,-0.51611328125,-0.000732421875,-0.810791015625,-0.7629393935203552,0.4272460639476776,0.3051757514476776,80.0,2982.0,1.0,O,F,O,0
143482.03125,143585.46875,143815.875,143706.609375,143828.65625,144044.578125,143895.265625,143974.03125,-0.51220703125,0.002197265625,-0.813232421875,-0.7629393935203552,0.4577636420726776,0.3662109076976776,80.0,2983.0,1.0,O,F,O,0
143940.6875,144043.953125,144274.53125,144165.09375,144287.3125,144503.234375,144353.734375,144432.15625,-0.5126953125,0.000732421875,-0.809814453125,-0.7629393935203552,0.4882812201976776,0.4577636420726776,80.0,2984.0,1.0,O,F,O,0
143257.515625,143360.609375,143591.546875,143482.109375,143604.421875,143819.796875,143670.671875,143749.078125,-0.513671875,0.00146484375,-0.811279296875,-0.7324218153953552,0.3967284858226776,0.4882812201976776,80.0,2985.0,1.0,O,F,O,0
142758.90625,142861.890625,143092.65625,142983.484375,143105.625,143321.0,143172.3125,143250.28125,-0.51220703125,-0.001953125,-0.809814453125,-0.8239745497703552,0.4272460639476776,0.5493163466453552,80.0,2986.0,1.0,O,F,O,0
143424.0,143527.359375,143757.75,143648.671875,143770.890625,143986.375,143837.59375,143915.734375,-0.511962890625,0.001708984375,-0.814208984375,-0.8239745497703552,0.4272460639476776,0.4882812201976776,80.0,2987.0,1.0,O,F,O,0
144055.125,144158.75,144388.875,144279.4375,144402.109375,144618.03125,144468.1875,144547.125,-0.514404296875,0.002197265625,-0.814697265625,-0.7629393935203552,0.3662109076976776,0.4577636420726776,80.0,2988.0,1.0,O,F,O,0
143519.390625,143622.296875,143853.0625,143743.53125,143866.203125,144081.9375,143932.09375,144011.046875,-0.513427734375,0.0009765625,-0.81201171875,-0.8544921278953552,0.3967284858226776,0.4882812201976776,80.0,2989.0,1.0,O,F,O,0
142867.34375,142970.078125,143201.203125,143092.125,143214.15625,143429.984375,143280.5,143358.90625,-0.51318359375,0.002685546875,-0.8125,-0.7629393935203552,0.4882812201976776,0.4577636420726776,80.0,2990.0,1.0,O,F,O,0
143367.140625,143470.125,143700.796875,143591.90625,143713.765625,143929.6875,143780.375,143859.046875,-0.513671875,0.001708984375,-0.8154296875,-0.6713866591453552,0.4272460639476776,0.4577636420726776,80.0,2991.0,1.0,O,F,O,0
144130.671875,144234.734375,144464.609375,144355.53125,144477.921875,144693.84375,144544.265625,144623.21875,-0.514404296875,0.001220703125,-0.8134765625,-0.7629393935203552,0.4577636420726776,0.4577636420726776,80.0,2992.0,1.0,O,F,O,0
143773.765625,143877.5625,144107.78125,143998.53125,144120.921875,144336.671875,144187.359375,144266.03125,-0.513427734375,0.001220703125,-0.8134765625,-0.6713866591453552,0.5187987685203552,0.3662109076976776,80.0,2993.0,1.0,O,F,O,0
143011.46875,143114.65625,143345.5,143235.890625,143358.1875,143573.671875,143424.359375,143502.859375,-0.512939453125,0.0,-0.8115234375,-0.5798339247703552,0.4272460639476776,0.3967284858226776,80.0,2994.0,1.0,O,F,O,0
143317.609375,143420.78125,143651.359375,143541.921875,143664.140625,143879.890625,143730.671875,143809.25,-0.5146484375,0.00146484375,-0.810302734375,-0.7019042372703552,0.3967284858226776,0.4577636420726776,80.0,2995.0,1.0,O,F,O,0
144165.546875,144269.25,144499.5625,144390.125,144512.171875,144728.09375,144579.046875,144657.71875,-0.514404296875,0.001220703125,-0.810791015625,-0.7629393935203552,0.4272460639476776,0.4272460639476776,80.0,2996.0,1.0,O,F,O,0
144012.75,144116.09375,144346.671875,144237.25,144359.109375,144575.109375,144425.71875,144504.65625,-0.51318359375,0.001953125,-0.810302734375,-0.7324218153953552,0.4577636420726776,0.4272460639476776,80.0,2997.0,1.0,O,F,O,0
143192.703125,143295.609375,143526.453125,143417.109375,143539.15625,143754.71875,143605.578125,143684.078125,-0.51318359375,0.000244140625,-0.812744140625,-0.6103515028953552,0.4577636420726776,0.3662109076976776,80.0,2998.0,1.0,O,F,O,0
143287.5625,143391.0,143621.59375,143512.15625,143634.375,143850.296875,143700.796875,143779.296875,-0.51220703125,-0.000732421875,-0.809814453125,-0.6713866591453552,0.3662109076976776,0.3967284858226776,80.0,2999.0,1.0,O,F,O,0
144166.515625,144270.0625,144500.546875,144391.203125,144513.328125,144729.34375,144579.859375,144658.53125,-0.512451171875,-0.000732421875,-0.813232421875,-0.8850097060203552,0.3967284858226776,0.4272460639476776,80.0,3000.0,1.0,O,F,O,0
144230.625,144333.890625,144564.46875,144455.046875,144577.265625,144792.90625,144643.875,144722.546875,-0.510498046875,0.0009765625,-0.8115234375,-0.7629393935203552,0.4882812201976776,0.5187987685203552,80.0,3001.0,1.0,O,M,O,0
143407.1875,143510.359375,143740.953125,143631.78125,143754.0,143969.46875,143820.421875,143899.015625,-0.511962890625,-0.00048828125,-0.81396484375,-0.7629393935203552,0.4272460639476776,0.5187987685203552,80.0,3002.0,1.0,O,M,O,0
143284.609375,143388.0625,143618.734375,143509.375,143631.421875,143847.25,143698.125,143776.53125,-0.51513671875,-0.001708984375,-0.812255859375,-0.7324218153953552,0.4272460639476776,0.4882812201976776,80.0,3003.0,1.0,O,M,O,0
144138.53125,144242.34375,144472.390625,144363.3125,144485.4375,144701.359375,144552.21875,144630.640625,-0.5146484375,0.000244140625,-0.814453125,-0.7019042372703552,0.5187987685203552,0.4272460639476776,80.0,3004.0,1.0,O,M,O,0
144415.96875,144519.5,144749.546875,144640.375,144762.6875,144978.78125,144829.390625,144907.96875,-0.514892578125,-0.00048828125,-0.81396484375,-0.7324218153953552,0.4882812201976776,0.3967284858226776,80.0,3005.0,1.0,O,M,O,0
143641.34375,143744.4375,143974.5625,143865.765625,143987.890625,144203.53125,144054.140625,144132.90625,-0.515380859375,-0.002197265625,-0.814453125,-0.7324218153953552,0.4577636420726776,0.4882812201976776,80.0,3006.0,1.0,O,M,O,0
143310.0,143413.09375,143643.40625,143534.5,143656.28125,143872.375,143722.890625,143801.65625,-0.51318359375,0.0,-0.810302734375,-0.7019042372703552,0.4882812201976776,0.4577636420726776,80.0,3007.0,1.0,O,M,O,0
144087.578125,144190.578125,144420.96875,144311.71875,144434.03125,144650.125,144500.546875,144579.3125,-0.51416015625,0.0,-0.8125,-0.7019042372703552,0.5187987685203552,0.3967284858226776,80.0,3008.0,1.0,O,M,O,0
144563.671875,144667.03125,144897.34375,144787.984375,144910.5625,145126.671875,144976.90625,145055.765625,-0.513916015625,0.0,-0.810791015625,-0.6103515028953552,0.5187987685203552,0.4577636420726776,80.0,3009.0,1.0,O,M,O,0
143895.078125,143997.984375,144228.578125,144119.234375,144241.71875,144457.71875,144308.328125,144386.828125,-0.5146484375,0.001220703125,-0.8095703125,-0.7019042372703552,0.4882812201976776,0.4577636420726776,80.0,3010.0,1.0,O,M,O,0
143377.78125,143480.421875,143711.171875,143601.734375,143724.046875,143939.78125,143790.65625,143869.328125,-0.51416015625,0.003173828125,-0.80908203125,-0.7629393935203552,0.4577636420726776,0.3967284858226776,80.0,3011.0,1.0,O,M,O,0
144026.59375,144129.859375,144360.265625,144251.109375,144373.5,144589.0625,144439.75,144518.78125,-0.5126953125,0.001708984375,-0.811279296875,-0.7629393935203552,0.5493163466453552,0.3662109076976776,80.0,3012.0,1.0,O,M,O,0
144670.875,144774.578125,145004.71875,144895.453125,145017.859375,145233.859375,145084.203125,145163.046875,-0.512451171875,-0.000732421875,-0.812744140625,-0.7934569716453552,0.5493163466453552,0.3662109076976776,80.0,3013.0,1.0,O,M,O,0
144150.515625,144254.046875,144484.359375,144375.203125,144497.515625,144713.609375,144563.84375,144642.703125,-0.51123046875,0.001953125,-0.81298828125,-0.8239745497703552,0.5187987685203552,0.3356933295726776,80.0,3014.0,1.0,O,M,O,0
143485.6875,143589.140625,143819.359375,143710.453125,143832.59375,144048.421875,143898.921875,143977.703125,-0.513427734375,0.002197265625,-0.8115234375,-0.8239745497703552,0.5187987685203552,0.4577636420726776,80.0,3015.0,1.0,O,M,O,0
143968.390625,144072.015625,144302.0625,144192.8125,144315.125,144531.125,144381.453125,144460.578125,-0.513916015625,0.001953125,-0.810302734375,-0.7324218153953552,0.5187987685203552,0.4577636420726776,80.0,3016.0,1.0,O,M,O,0
144741.953125,144845.84375,145075.609375,144966.359375,145088.84375,145304.859375,145155.453125,145234.40625,-0.514404296875,0.000732421875,-0.8095703125,-0.7324218153953552,0.4577636420726776,0.4577636420726776,80.0,3017.0,1.0,O,M,O,0
144403.546875,144507.25,144737.203125,144627.859375,144750.4375,144966.359375,144817.234375,144895.546875,-0.5146484375,0.00048828125,-0.810302734375,-0.6713866591453552,0.4882812201976776,0.4272460639476776,80.0,3018.0,1.0,O,M,O,0
143633.5625,143736.5625,143967.328125,143857.890625,143980.203125,144195.9375,144047.078125,144125.03125,-0.51318359375,0.001220703125,-0.812744140625,-0.6713866591453552,0.5187987685203552,0.5187987685203552,80.0,3019.0,1.0,O,M,O,0
143919.671875,144023.109375,144253.515625,144144.4375,144266.125,144482.21875,144332.828125,144411.5,-0.51513671875,0.000732421875,-0.81103515625,-0.7324218153953552,0.5187987685203552,0.4577636420726776,80.0,3020.0,1.0,O,M,O,0
144770.28125,144873.734375,145104.21875,144994.703125,145116.734375,145332.921875,145183.34375,145262.203125,-0.5146484375,0.00048828125,-0.809326171875,-0.7324218153953552,0.6103515028953552,0.5187987685203552,80.0,3021.0,1.0,O,M,O,0
144638.0625,144741.5,144971.71875,144862.109375,144984.421875,145200.609375,145051.296875,145130.234375,-0.51318359375,0.00048828125,-0.811279296875,-0.7019042372703552,0.5187987685203552,0.3967284858226776,80.0,3022.0,1.0,O,M,O,0
143814.171875,143917.25,144148.109375,144038.578125,144160.890625,144376.71875,144227.671875,144306.265625,-0.51513671875,0.00146484375,-0.81005859375,-0.7324218153953552,0.4272460639476776,0.3662109076976776,80.0,3023.0,1.0,O,M,O,0
143887.9375,143991.375,144221.859375,144112.4375,144235.1875,144450.65625,144301.53125,144380.03125,-0.513427734375,0.001708984375,-0.81103515625,-0.6408690810203552,0.4577636420726776,0.3967284858226776,80.0,3024.0,1.0,O,M,O,0
144766.265625,144869.984375,145099.84375,144990.671875,145112.984375,145329.078125,145180.125,145258.625,-0.513671875,0.001953125,-0.815185546875,-0.6408690810203552,0.3967284858226776,0.5187987685203552,80.0,3025.0,1.0,O,M,O,0
144851.46875,144955.0,145184.78125,145075.875,145197.921875,145414.015625,145265.0625,145343.75,-0.51318359375,0.000244140625,-0.814697265625,-0.7324218153953552,0.4882812201976776,0.5187987685203552,80.0,3026.0,1.0,O,M,O,0
144029.8125,144133.0,144363.125,144254.046875,144376.0,144592.1875,144443.234375,144521.375,-0.513671875,0.00048828125,-0.81298828125,-0.7324218153953552,0.5798339247703552,0.4272460639476776,80.0,3027.0,1.0,O,M,O,0
143887.390625,143990.390625,144220.34375,144111.453125,144233.3125,144449.140625,144300.453125,144378.6875,-0.510986328125,-0.000244140625,-0.8125,-0.7019042372703552,0.5798339247703552,0.4272460639476776,80.0,3028.0,1.0,O,M,O,0
144736.671875,144840.03125,145069.984375,144960.71875,145082.859375,145298.953125,145149.734375,145228.765625,-0.513427734375,-0.00048828125,-0.811767578125,-0.7019042372703552,0.5187987685203552,0.4882812201976776,80.0,3029.0,1.0,O,M,O,0
145034.125,145137.9375,145367.609375,145258.265625,145380.671875,145597.03125,145447.546875,145526.5,-0.513671875,-0.000244140625,-0.812255859375,-0.7324218153953552,0.4272460639476776,0.4272460639476776,80.0,3030.0,1.0,O,M,O,0
144269.96875,144373.046875,144603.359375,144494.109375,144616.59375,144832.515625,144683.390625,144761.890625,-0.515625,0.00146484375,-0.81396484375,-0.7324218153953552,0.4272460639476776,0.3967284858226776,80.0,3031.0,1.0,O,M,O,0
143918.859375,144021.953125,144252.625,144143.453125,144265.671875,144481.421875,144332.28125,144410.96875,-0.513916015625,-0.00244140625,-0.814208984375,-0.7934569716453552,0.4882812201976776,0.3967284858226776,80.0,3032.0,1.0,O,M,O,0
144685.078125,144788.53125,145018.84375,144909.40625,145031.796875,145247.71875,145098.5,145177.1875,-0.514404296875,0.00048828125,-0.8125,-0.7019042372703552,0.4882812201976776,0.3967284858226776,80.0,3033.0,1.0,O,M,O,0
145177.1875,145280.796875,145510.671875,145401.328125,145523.8125,145740.0,145590.78125,145669.546875,-0.514892578125,0.0009765625,-0.808349609375,-0.7324218153953552,0.4577636420726776,0.3967284858226776,80.0,3034.0,1.0,O,M,O,0
144517.265625,144620.625,144850.671875,144741.671875,144863.984375,145079.640625,144930.6875,145009.453125,-0.514892578125,0.000732421875,-0.810791015625,-0.7019042372703552,0.4882812201976776,0.3662109076976776,80.0,3035.0,1.0,O,M,O,0
143987.078125,144090.171875,144320.484375,144211.5,144333.984375,144549.09375,144400.40625,144478.828125,-0.514404296875,-0.000732421875,-0.809814453125,-0.6713866591453552,0.4272460639476776,0.4882812201976776,80.0,3036.0,1.0,O,M,O,0
144624.734375,144728.265625,144958.484375,144849.0625,144971.453125,145187.375,145038.15625,145117.015625,-0.512451171875,-0.001220703125,-0.81201171875,-0.7629393935203552,0.4577636420726776,0.4577636420726776,80.0,3037.0,1.0,O,M,O,0
145282.5,145386.390625,145615.90625,145506.46875,145629.21875,145845.3125,145695.828125,145775.046875,-0.51416015625,-0.000732421875,-0.812255859375,-0.7629393935203552,0.4882812201976776,0.4577636420726776,80.0,3038.0,1.0,O,M,O,0
144776.1875,144879.90625,145109.671875,145000.59375,145122.828125,145339.0,145189.609375,145268.375,-0.51171875,-0.000732421875,-0.816162109375,-0.7324218153953552,0.5493163466453552,0.4577636420726776,80.0,3039.0,1.0,O,M,O,0
144101.53125,144205.0625,144435.28125,144325.84375,144448.421875,144664.609375,144515.296875,144593.53125,-0.51220703125,0.001953125,-0.812255859375,-0.7019042372703552,0.5187987685203552,0.5187987685203552,80.0,3040.0,1.0,O,M,O,0
144568.59375,144672.203125,144901.8125,144792.90625,144915.3125,145131.3125,144982.1875,145060.6875,-0.514404296875,-0.00048828125,-0.810791015625,-0.7324218153953552,0.5187987685203552,0.3967284858226776,80.0,3041.0,1.0,O,M,O,0
145349.015625,145453.0,145682.328125,145573.515625,145695.921875,145912.1875,145762.609375,145841.5625,-0.51220703125,0.0,-0.81103515625,-0.6713866591453552,0.4882812201976776,0.4882812201976776,80.0,3042.0,1.0,O,M,O,0
145026.625,145130.515625,145360.015625,145250.9375,145373.34375,145589.53125,145440.21875,145519.34375,-0.512451171875,0.00048828125,-0.809814453125,-0.7019042372703552,0.4577636420726776,0.4577636420726776,80.0,3043.0,1.0,O,M,O,0
144247.796875,144351.5,144581.28125,144472.109375,144594.6875,144810.078125,144661.21875,144739.71875,-0.51220703125,-0.001708984375,-0.809326171875,-0.7019042372703552,0.4577636420726776,0.4577636420726776,80.0,3044.0,1.0,O,M,O,0
144516.1875,144620.078125,144849.5,144740.421875,144862.921875,145078.75,144929.4375,145008.203125,-0.513671875,-0.00146484375,-0.811279296875,-0.6103515028953552,0.5187987685203552,0.3967284858226776,80.0,3045.0,1.0,O,M,O,0
145374.046875,145478.03125,145707.359375,145598.28125,145720.859375,145937.40625,145787.828125,145866.859375,-0.515380859375,0.00048828125,-0.810546875,-0.6713866591453552,0.4882812201976776,0.3967284858226776,80.0,3046.0,1.0,O,M,O,0
145260.859375,145364.84375,145594.359375,145484.921875,145607.234375,145824.21875,145674.28125,145753.140625,-0.5166015625,-0.000244140625,-0.811767578125,-0.6408690810203552,0.4272460639476776,0.4272460639476776,80.0,3047.0,1.0,O,M,O,0
144434.125,144537.46875,144767.875,144658.34375,144780.84375,144997.375,144847.625,144926.125,-0.516357421875,-0.000244140625,-0.814697265625,-0.7324218153953552,0.4272460639476776,0.4882812201976776,80.0,3048.0,1.0,O,M,O,0
144488.921875,144592.1875,144822.6875,144713.34375,144835.640625,145052.015625,144902.4375,144980.9375,-0.515625,0.000732421875,-0.81298828125,-0.7629393935203552,0.5187987685203552,0.4882812201976776,80.0,3049.0,1.0,O,M,O,0
145368.15625,145472.140625,145701.8125,145592.46875,145715.140625,145931.421875,145781.578125,145861.046875,-0.513916015625,-0.000732421875,-0.810791015625,-0.8544921278953552,0.4882812201976776,0.3967284858226776,80.0,3050.0,1.0,O,M,O,0
145470.171875,145573.96875,145803.5625,145694.046875,145816.890625,146033.15625,145883.5,145962.796875,-0.51416015625,-0.0029296875,-0.811767578125,-0.7019042372703552,0.4272460639476776,0.3662109076976776,80.0,3051.0,1.0,O,M,O,0
144649.59375,144753.125,144982.984375,144873.734375,144996.671875,145212.671875,145062.921875,145141.953125,-0.512939453125,0.00048828125,-0.810546875,-0.7629393935203552,0.4272460639476776,0.4272460639476776,80.0,3052.0,1.0,O,M,O,0
144488.65625,144592.28125,144822.5,144712.890625,144835.46875,145051.65625,144902.25,144980.75,-0.512939453125,0.00048828125,-0.812744140625,-0.6408690810203552,0.3967284858226776,0.4272460639476776,80.0,3053.0,1.0,O,M,O,0
145333.90625,145437.625,145667.390625,145557.96875,145680.359375,145896.90625,145747.15625,145826.0,-0.513427734375,0.00048828125,-0.81103515625,-0.6713866591453552,0.4882812201976776,0.4272460639476776,80.0,3054.0,1.0,O,M,O,0
145646.921875,145751.078125,145980.859375,145871.0625,145993.640625,146210.28125,146060.25,146139.640625,-0.513427734375,0.0,-0.81201171875,-0.7324218153953552,0.5187987685203552,0.4272460639476776,80.0,3055.0,1.0,O,M,O,0
144885.265625,144989.15625,145218.9375,145109.59375,145232.515625,145448.890625,145298.953125,145377.625,-0.51318359375,0.00048828125,-0.813720703125,-0.7629393935203552,0.4882812201976776,0.3967284858226776,80.0,3056.0,1.0,O,M,O,0
144520.84375,144624.46875,144854.421875,144745.25,144868.1875,145084.203125,144934.34375,145013.203125,-0.512939453125,0.001220703125,-0.8134765625,-0.7629393935203552,0.3967284858226776,0.4272460639476776,80.0,3057.0,1.0,O,M,O,0
145280.359375,145384.15625,145613.9375,145504.40625,145627.171875,145843.703125,145693.78125,145772.984375,-0.513671875,0.00146484375,-0.811279296875,-0.7934569716453552,0.5187987685203552,0.4882812201976776,80.0,3058.0,1.0,O,M,O,0
145788.015625,145892.171875,146121.5,146012.0625,146135.09375,146351.265625,146201.6875,146280.8125,-0.512939453125,0.001708984375,-0.81201171875,-0.7629393935203552,0.5493163466453552,0.3967284858226776,80.0,3059.0,1.0,O,M,O,0
145140.796875,145244.6875,145474.453125,145364.9375,145487.875,145703.78125,145554.296875,145633.0625,-0.51416015625,0.001220703125,-0.81201171875,-0.7934569716453552,0.5187987685203552,0.5187987685203552,80.0,3060.0,1.0,O,M,O,0
144595.9375,144699.75,144929.703125,144820.09375,144943.109375,145158.84375,145009.546875,145088.125,-0.51416015625,0.0009765625,-0.81201171875,-0.7324218153953552,0.4577636420726776,0.4882812201976776,80.0,3061.0,1.0,O,M,O,0
145221.890625,145325.5,145555.546875,145446.109375,145568.6875,145784.796875,145635.390625,145714.0625,-0.513427734375,0.000244140625,-0.81298828125,-0.7934569716453552,0.4272460639476776,0.4577636420726776,80.0,3062.0,1.0,O,M,O,0
145889.390625,145993.640625,146223.15625,146113.984375,146236.109375,146452.921875,146302.8125,146381.9375,-0.51416015625,-0.002197265625,-0.81396484375,-0.8239745497703552,0.3356933295726776,0.4882812201976776,80.0,3063.0,1.0,O,M,O,0
145395.25,145499.484375,145729.265625,145619.75,145742.140625,145958.78125,145808.75,145888.140625,-0.514892578125,-0.001220703125,-0.813720703125,-0.7324218153953552,0.3967284858226776,0.4577636420726776,80.0,3064.0,1.0,O,M,O,0
144708.859375,144812.484375,145042.625,144933.015625,145055.59375,145271.953125,145122.109375,145201.234375,-0.515380859375,-0.000732421875,-0.81298828125,-0.7934569716453552,0.3967284858226776,0.4882812201976776,80.0,3065.0,1.0,O,M,O,0
145161.0,145264.53125,145494.9375,145384.96875,145507.71875,145724.34375,145574.5,145653.359375,-0.51416015625,0.00146484375,-0.809326171875,-0.7934569716453552,0.4882812201976776,0.5798339247703552,80.0,3066.0,1.0,O,M,O,0
145950.015625,146054.171875,146283.6875,146174.15625,146296.5625,146513.09375,146363.515625,146442.828125,-0.512939453125,0.000732421875,-0.81005859375,-0.7324218153953552,0.4272460639476776,0.4577636420726776,80.0,3067.0,1.0,O,M,O,0
145643.4375,145747.859375,145977.546875,145867.84375,145990.421875,146206.4375,146057.21875,146136.15625,-0.51220703125,0.00048828125,-0.81298828125,-0.7324218153953552,0.4577636420726776,0.3967284858226776,80.0,3068.0,1.0,O,M,O,0
144860.40625,144964.75,145194.609375,145085.09375,145207.578125,145423.5,145274.09375,145352.953125,-0.51416015625,0.000732421875,-0.812744140625,-0.7324218153953552,0.4882812201976776,0.4577636420726776,80.0,3069.0,1.0,O,M,O,0
145111.90625,145215.890625,145445.84375,145336.234375,145458.8125,145674.90625,145525.421875,145604.546875,-0.5146484375,0.000732421875,-0.80810546875,-0.7629393935203552,0.5493163466453552,0.3967284858226776,80.0,3070.0,1.0,O,M,O,0
145969.421875,146074.015625,146303.625,146193.734375,146316.671875,146533.390625,146383.640625,146462.9375,-0.51416015625,0.0009765625,-0.809326171875,-0.7324218153953552,0.4577636420726776,0.3356933295726776,80.0,3071.0,1.0,O,M,O,0
145873.578125,145978.265625,146207.953125,146097.984375,146220.921875,146437.453125,146287.796875,146367.1875,-0.5146484375,-0.00048828125,-0.80908203125,-0.7629393935203552,0.5187987685203552,0.3967284858226776,80.0,3072.0,1.0,O,M,O,0
145046.828125,145150.984375,145380.9375,145271.0625,145393.546875,145610.0,145460.953125,145539.28125,-0.5146484375,0.00048828125,-0.809326171875,-0.7629393935203552,0.4882812201976776,0.3967284858226776,80.0,3073.0,1.0,O,M,O,0
145082.59375,145186.921875,145416.96875,145307.453125,145429.84375,145645.84375,145497.171875,145575.484375,-0.514404296875,0.00146484375,-0.811279296875,-0.7934569716453552,0.4272460639476776,0.4577636420726776,80.0,3074.0,1.0,O,M,O,0
145960.828125,146065.34375,146295.03125,146185.515625,146308.09375,146524.546875,146375.328125,146454.09375,-0.513916015625,0.0009765625,-0.810302734375,-0.7324218153953552,0.4577636420726776,0.3967284858226776,80.0,3075.0,1.0,O,M,O,0
146083.859375,146188.375,146417.796875,146308.09375,146430.578125,146647.828125,146497.90625,146577.109375,-0.51416015625,0.0,-0.81396484375,-0.7324218153953552,0.4882812201976776,0.4577636420726776,80.0,3076.0,1.0,O,M,O,0
145266.234375,145370.203125,145600.078125,145490.546875,145612.953125,145830.03125,145680.09375,145758.953125,-0.515380859375,-0.00146484375,-0.8134765625,-0.8239745497703552,0.3967284858226776,0.4882812201976776,80.0,3077.0,1.0,O,M,O,0
145087.328125,145191.03125,145421.34375,145311.640625,145434.140625,145650.765625,145501.1875,145579.953125,-0.515869140625,-0.000732421875,-0.812255859375,-0.8239745497703552,0.4577636420726776,0.4577636420726776,80.0,3078.0,1.0,O,M,O,0
145927.21875,146031.109375,146260.96875,146151.453125,146273.9375,146490.75,146341.078125,146420.109375,-0.51318359375,0.000244140625,-0.813720703125,-0.7019042372703552,0.4882812201976776,0.4577636420726776,80.0,3079.0,1.0,O,M,O,0
146258.734375,146362.890625,146592.3125,146482.4375,146605.453125,146822.265625,146672.0625,146751.8125,-0.512939453125,0.00048828125,-0.812744140625,-0.7629393935203552,0.4882812201976776,0.3967284858226776,80.0,3080.0,1.0,O,M,O,0
145506.640625,145610.53125,145840.40625,145730.78125,145853.28125,146069.90625,145920.0625,145999.546875,-0.513427734375,-0.000244140625,-0.812744140625,-0.7629393935203552,0.4882812201976776,0.3967284858226776,80.0,3081.0,1.0,O,M,O,0
145123.890625,145227.6875,145457.828125,145348.3125,145471.15625,145687.15625,145537.578125,145616.609375,-0.513916015625,0.00146484375,-0.81005859375,-0.7324218153953552,0.5187987685203552,0.4272460639476776,80.0,3082.0,1.0,O,M,O,0
145872.671875,145977.1875,146206.703125,146097.0,146220.109375,146436.296875,146286.625,146366.109375,-0.513427734375,0.0,-0.81103515625,-0.6713866591453552,0.5187987685203552,0.4272460639476776,80.0,3083.0,1.0,O,M,O,0
146396.953125,146501.75,146730.8125,146621.28125,146744.21875,146960.671875,146811.265625,146890.390625,-0.512451171875,-0.0009765625,-0.811279296875,-0.5798339247703552,0.4272460639476776,0.3967284858226776,80.0,3084.0,1.0,O,M,O,0
145760.46875,145864.359375,146093.875,145984.53125,146106.921875,146323.46875,146174.15625,146252.75,-0.5146484375,-0.000244140625,-0.810546875,-0.7019042372703552,0.5493163466453552,0.3967284858226776,80.0,3085.0,1.0,O,M,O,0
145200.875,145304.671875,145534.453125,145425.109375,145547.0625,145763.59375,145614.375,145692.96875,-0.5146484375,0.000244140625,-0.810302734375,-0.7324218153953552,0.5493163466453552,0.4577636420726776,80.0,3086.0,1.0,O,M,O,0
145811.875,145916.3125,146145.8125,146036.296875,146158.78125,146375.140625,146225.65625,146304.875,-0.514892578125,-0.000244140625,-0.814208984375,-0.7019042372703552,0.5798339247703552,0.4272460639476776,80.0,3087.0,1.0,O,M,O,0
146492.984375,146597.765625,146826.65625,146717.125,146839.875,147056.328125,146906.578125,146986.234375,-0.513427734375,0.0009765625,-0.811767578125,-0.6713866591453552,0.4577636420726776,0.4882812201976776,80.0,3088.0,1.0,O,M,O,0
146015.375,146119.703125,146348.671875,146239.0625,146361.828125,146578.640625,146428.609375,146508.265625,-0.515380859375,0.0009765625,-0.810302734375,-0.7324218153953552,0.4272460639476776,0.4272460639476776,80.0,3089.0,1.0,O,M,O,0
145317.90625,145422.328125,145651.84375,145542.140625,145664.890625,145881.171875,145731.6875,145810.53125,-0.516845703125,0.000244140625,-0.810302734375,-0.7629393935203552,0.4882812201976776,0.4272460639476776,80.0,3090.0,1.0,O,M,O,0
145751.4375,145856.40625,146085.46875,145976.03125,146098.703125,146315.0625,146165.75,146244.4375,-0.51318359375,0.0009765625,-0.812255859375,-0.6713866591453552,0.3967284858226776,0.5187987685203552,80.0,3091.0,1.0,O,M,O,0
146550.109375,146655.4375,146883.875,146774.4375,146897.375,147113.734375,146964.34375,147043.546875,-0.5146484375,0.00146484375,-0.810791015625,-0.7934569716453552,0.3967284858226776,0.3967284858226776,80.0,3092.0,1.0,O,M,O,0
146265.078125,146369.59375,146598.578125,146488.78125,146611.984375,146828.703125,146678.5,146757.890625,-0.511962890625,0.001953125,-0.81201171875,-0.7019042372703552,0.3967284858226776,0.4272460639476776,80.0,3093.0,1.0,O,M,O,0
145472.84375,145577.015625,145806.421875,145697.078125,145819.84375,146036.109375,145886.265625,145965.65625,-0.514892578125,0.001953125,-0.81494140625,-0.7629393935203552,0.3356933295726776,0.3662109076976776,80.0,3094.0,1.0,O,M,O,0
145702.359375,145806.96875,146035.9375,145926.40625,146049.53125,146265.890625,146116.484375,146195.4375,-0.5146484375,0.003173828125,-0.81396484375,-0.6713866591453552,0.4272460639476776,0.4577636420726776,80.0,3095.0,1.0,O,M,O,0
146566.75,146671.625,146900.765625,146791.0625,146914.0,147130.640625,146980.875,147059.90625,-0.51416015625,-0.000244140625,-0.810791015625,-0.7019042372703552,0.3967284858226776,0.5493163466453552,80.0,3096.0,1.0,O,M,O,0
146491.1875,146596.15625,146824.6875,146715.515625,146838.265625,147054.71875,146905.0625,146984.453125,-0.51220703125,0.002197265625,-0.810302734375,-0.6408690810203552,0.5493163466453552,0.4882812201976776,80.0,3097.0,1.0,O,M,O,0
145663.015625,145767.359375,145996.59375,145887.421875,146010.09375,146226.015625,146076.703125,146155.734375,-0.514404296875,0.002197265625,-0.8134765625,-0.6713866591453552,0.4882812201976776,0.4577636420726776,80.0,3098.0,1.0,O,M,O,0
145678.65625,145783.09375,146012.59375,145903.609375,146026.015625,146242.203125,146093.15625,146171.75,-0.5126953125,0.001220703125,-0.813720703125,-0.7019042372703552,0.3967284858226776,0.4577636420726776,80.0,3099.0,1.0,O,M,O,0
146555.5625,146660.359375,146889.234375,146780.15625,146902.734375,147119.28125,146969.875,147049.0,-0.511962890625,0.0009765625,-0.81396484375,-0.7324218153953552,0.3967284858226776,0.4577636420726776,80.0,3100.0,1.0,O,M,O,0
146698.796875,146803.765625,147032.375,146923.296875,147045.78125,147262.15625,147112.296875,147192.328125,-0.51220703125,0.001953125,-0.815673828125,-0.6713866591453552,0.4577636420726776,0.4272460639476776,80.0,3101.0,1.0,O,M,O,0
145886.625,145990.96875,146220.109375,146111.390625,146233.4375,146449.4375,146300.3125,146379.25,-0.51171875,0.001708984375,-0.813720703125,-0.6713866591453552,0.4272460639476776,0.4577636420726776,80.0,3102.0,1.0,O,M,O,0
145685.375,145789.890625,146018.59375,145909.953125,146032.265625,146248.1875,146099.140625,146177.640625,-0.512939453125,0.001220703125,-0.811279296875,-0.8239745497703552,0.4577636420726776,0.5187987685203552,80.0,3103.0,1.0,O,M,O,0
146516.859375,146621.546875,146850.515625,146741.71875,146863.84375,147080.203125,146930.890625,147010.203125,-0.513427734375,0.001708984375,-0.813720703125,-0.7019042372703552,0.5187987685203552,0.4577636420726776,80.0,3104.0,1.0,O,M,O,0
146865.625,146970.765625,147199.46875,147090.484375,147212.703125,147429.25,147279.5,147359.15625,-0.513427734375,0.0009765625,-0.814208984375,-0.7629393935203552,0.4577636420726776,0.4272460639476776,80.0,3105.0,1.0,O,M,O,0
146123.734375,146228.15625,146457.046875,146347.96875,146470.625,146686.90625,146537.421875,146616.359375,-0.511962890625,0.0009765625,-0.81103515625,-0.7324218153953552,0.3967284858226776,0.4577636420726776,80.0,3106.0,1.0,O,M,O,0
145722.109375,145826.28125,146055.78125,145946.609375,146069.109375,146285.375,146136.0625,146214.84375,-0.51318359375,0.0,-0.8115234375,-0.7629393935203552,0.3662109076976776,0.3967284858226776,80.0,3107.0,1.0,O,M,O,0
146460.34375,146565.21875,146794.28125,146685.03125,146807.515625,147024.0625,146874.578125,146953.609375,-0.513427734375,0.00048828125,-0.810302734375,-0.7934569716453552,0.4577636420726776,0.4272460639476776,80.0,3108.0,1.0,O,M,O,0
147001.0,147106.046875,147334.578125,147225.21875,147347.984375,147564.53125,147414.953125,147494.609375,-0.51513671875,0.001708984375,-0.81005859375,-0.7629393935203552,0.4577636420726776,0.4577636420726776,80.0,3109.0,1.0,O,M,O,0
146379.25,146483.59375,146712.65625,146603.40625,146725.703125,146942.34375,146792.765625,146872.0625,-0.51513671875,0.000732421875,-0.811767578125,-0.6713866591453552,0.4272460639476776,0.2746581733226776,80.0,3110.0,1.0,O,M,O,0
145804.015625,145908.078125,146137.40625,146028.328125,146150.546875,146367.1875,146217.4375,146296.734375,-0.513916015625,-0.000732421875,-0.810546875,-0.6408690810203552,0.4577636420726776,0.3967284858226776,80.0,3111.0,1.0,O,M,O,0
146396.875,146501.203125,146730.53125,146621.453125,146743.765625,146960.578125,146810.5625,146890.21875,-0.51513671875,0.00244140625,-0.811279296875,-0.6713866591453552,0.4882812201976776,0.3662109076976776,80.0,3112.0,1.0,O,M,O,0
147092.546875,147197.0625,147426.125,147316.875,147439.171875,147656.53125,147506.234375,147586.15625,-0.511962890625,0.001953125,-0.812255859375,-0.8850097060203552,0.4882812201976776,0.4577636420726776,80.0,3113.0,1.0,O,M,O,0
146631.828125,146736.171875,146965.234375,146856.15625,146978.734375,147195.28125,147045.515625,147124.90625,-0.512939453125,0.00146484375,-0.81201171875,-0.7019042372703552,0.4882812201976776,0.3967284858226776,80.0,3114.0,1.0,O,M,O,0
145923.640625,146027.703125,146256.953125,146147.875,146270.53125,146487.0,146337.234375,146416.265625,-0.513427734375,0.001220703125,-0.8134765625,-0.6408690810203552,0.5493163466453552,0.3967284858226776,80.0,3115.0,1.0,O,M,O,0
146341.171875,146445.5,146674.5625,146565.140625,146687.703125,146904.515625,146754.3125,146833.984375,-0.513916015625,0.002197265625,-0.811767578125,-0.7324218153953552,0.4272460639476776,0.4882812201976776,80.0,3116.0,1.0,O,M,O,0
147146.375,147251.328125,147480.296875,147370.328125,147492.828125,147710.171875,147560.0625,147639.890625,-0.51318359375,0.002197265625,-0.815185546875,-0.6713866591453552,0.4272460639476776,0.4577636420726776,80.0,3117.0,1.0,O,M,O,0
146877.078125,146982.125,147210.921875,147101.125,147224.0625,147441.140625,147291.203125,147370.78125,-0.51171875,0.00341796875,-0.812744140625,-0.7629393935203552,0.4272460639476776,0.4882812201976776,80.0,3118.0,1.0,O,M,O,0
146080.640625,146185.0625,146414.03125,146304.609375,146427.71875,146644.078125,146494.59375,146573.625,-0.51171875,0.00244140625,-0.811279296875,-0.7629393935203552,0.3967284858226776,0.4882812201976776,80.0,3119.0,1.0,O,M,O,0
146291.09375,146395.796875,146624.5,146515.515625,146638.0,146854.640625,146704.703125,146784.1875,-0.51416015625,0.0009765625,-0.808837890625,-0.7934569716453552,0.3967284858226776,0.4272460639476776,80.0,3120.0,1.0,O,M,O,0
147158.625,147264.03125,147492.375,147383.296875,147505.78125,147722.59375,147572.578125,147652.328125,-0.513916015625,0.00146484375,-0.81103515625,-0.7324218153953552,0.3967284858226776,0.4577636420726776,80.0,3121.0,1.0,O,M,O,0
147102.921875,147208.15625,147436.40625,147327.15625,147449.734375,147666.71875,147516.78125,147596.078125,-0.513916015625,0.002197265625,-0.81201171875,-0.7324218153953552,0.3967284858226776,0.5187987685203552,80.0,3122.0,1.0,O,M,O,0
146273.21875,146377.640625,146606.625,146497.625,146620.03125,146836.3125,146686.8125,146766.125,-0.513427734375,0.00146484375,-0.811279296875,-0.7019042372703552,0.4882812201976776,0.4577636420726776,80.0,3123.0,1.0,O,M,O,0
146267.5,146372.28125,146601.25,146492.265625,146614.484375,146830.9375,146681.453125,146760.484375,-0.514404296875,0.000732421875,-0.81201171875,-0.7019042372703552,0.3662109076976776,0.4272460639476776,80.0,3124.0,1.0,O,M,O,0
147142.703125,147247.484375,147476.28125,147367.03125,147489.421875,147706.140625,147556.484375,147635.96875,-0.513671875,0.000244140625,-0.80859375,-0.7324218153953552,0.4577636420726776,0.4577636420726776,80.0,3125.0,1.0,O,M,O,0
147303.453125,147408.234375,147636.9375,147528.140625,147650.4375,147866.984375,147717.328125,147797.609375,-0.514892578125,0.00048828125,-0.81005859375,-0.6713866591453552,0.4272460639476776,0.3662109076976776,80.0,3126.0,1.0,O,M,O,0
146494.328125,146599.203125,146828.078125,146719.359375,146841.3125,147058.21875,146908.28125,146988.125,-0.512939453125,0.002197265625,-0.81005859375,-0.6408690810203552,0.3356933295726776,0.4577636420726776,80.0,3127.0,1.0,O,M,O,0
146276.53125,146381.046875,146610.28125,146501.203125,146623.515625,146840.15625,146690.125,146769.609375,-0.512939453125,0.0029296875,-0.81005859375,-0.7324218153953552,0.3967284858226776,0.4882812201976776,80.0,3128.0,1.0,O,M,O,0
147103.28125,147207.875,147436.859375,147327.59375,147450.078125,147667.078125,147516.875,147596.796875,-0.5146484375,0.00244140625,-0.812744140625,-0.7629393935203552,0.3662109076976776,0.4882812201976776,80.0,3129.0,1.0,O,M,O,0
147470.640625,147575.4375,147803.953125,147694.875,147817.453125,148034.265625,147884.25,147964.4375,-0.5126953125,0.00244140625,-0.810302734375,-0.7629393935203552,0.4577636420726776,0.5187987685203552,80.0,3130.0,1.0,O,M,O,0
146738.3125,146843.09375,147071.984375,146962.640625,147085.296875,147301.84375,147151.640625,147231.578125,-0.51513671875,0.001220703125,-0.812255859375,-0.6713866591453552,0.5187987685203552,0.4577636420726776,80.0,3131.0,1.0,O,M,O,0
146320.78125,146425.65625,146654.625,146545.640625,146667.953125,146884.765625,146734.46875,146814.125,-0.5146484375,0.0009765625,-0.81201171875,-0.6713866591453552,0.4882812201976776,0.5798339247703552,80.0,3132.0,1.0,O,M,O,0
147045.703125,147151.109375,147379.71875,147270.5625,147392.59375,147609.59375,147460.09375,147539.21875,-0.513671875,-0.00048828125,-0.812255859375,-0.7324218153953552,0.5493163466453552,0.4577636420726776,80.0,3133.0,1.0,O,M,O,0
147601.1875,147706.40625,147934.578125,147825.59375,147947.90625,148164.796875,148015.40625,148094.796875,-0.513671875,0.000732421875,-0.81396484375,-0.7629393935203552,0.6103515028953552,0.3967284858226776,80.0,3134.0,1.0,O,M,O,0
146988.921875,147093.96875,147322.5,147213.609375,147335.828125,147552.640625,147403.0625,147482.453125,-0.515869140625,-0.000244140625,-0.810546875,-0.6713866591453552,0.5187987685203552,0.3662109076976776,80.0,3135.0,1.0,O,M,O,0
146400.359375,146505.59375,146734.109375,146625.3125,146747.703125,146964.34375,146814.578125,146893.796875,-0.512451171875,-0.001220703125,-0.8095703125,-0.7629393935203552,0.5493163466453552,0.3051757514476776,80.0,3136.0,1.0,O,M,O,0
146981.953125,147087.09375,147315.265625,147206.546875,147329.203125,147545.578125,147395.71875,147475.203125,-0.51025390625,0.0009765625,-0.8125,-0.7934569716453552,0.5798339247703552,0.4272460639476776,80.0,3137.0,1.0,O,M,O,0
147689.421875,147794.75,148023.0,147914.015625,148036.953125,148253.3125,148103.46875,148183.40625,-0.510986328125,0.00244140625,-0.813232421875,-0.7629393935203552,0.4882812201976776,0.3967284858226776,80.0,3138.0,1.0,O,M,O,0
147242.390625,147347.53125,147576.0625,147467.078125,147589.828125,147806.28125,147656.4375,147736.1875,-0.512939453125,0.000244140625,-0.811279296875,-0.7629393935203552,0.4272460639476776,0.4577636420726776,80.0,3139.0,1.0,O,M,O,0
146522.578125,146627.546875,146856.421875,146747.078125,146869.65625,147086.203125,146936.359375,147015.828125,-0.512451171875,0.00244140625,-0.81005859375,-0.7934569716453552,0.4882812201976776,0.4882812201976776,80.0,3140.0,1.0,O,M,O,0
146920.078125,147025.21875,147254.015625,147144.140625,147266.890625,147483.796875,147333.765625,147413.515625,-0.513671875,0.00048828125,-0.8125,-0.7324218153953552,0.3356933295726776,0.5493163466453552,80.0,3141.0,1.0,O,M,O,0
147734.84375,147840.078125,148068.515625,147958.8125,148081.75,148299.0,148148.4375,148228.46875,-0.513916015625,-0.001220703125,-0.81494140625,-0.7934569716453552,0.4272460639476776,0.4882812201976776,80.0,3142.0,1.0,O,M,O,0
147484.234375,147589.203125,147817.546875,147708.5625,147831.21875,148048.03125,147898.1875,147977.765625,-0.513671875,0.001708984375,-0.8154296875,-0.6713866591453552,0.5187987685203552,0.3662109076976776,80.0,3143.0,1.0,O,M,O,0
146682.703125,146787.671875,147016.1875,146906.9375,147029.515625,147246.0625,147096.484375,147175.6875,-0.513671875,0.001953125,-0.813232421875,-0.6408690810203552,0.4577636420726776,0.3662109076976776,80.0,3144.0,1.0,O,M,O,0
146876.71875,146981.5,147210.46875,147101.125,147223.609375,147440.421875,147290.578125,147369.796875,-0.513916015625,0.00048828125,-0.810546875,-0.7324218153953552,0.5493163466453552,0.4577636420726776,80.0,3145.0,1.0,O,M,O,0
147748.96875,147854.203125,148082.734375,147973.390625,148096.3125,148313.046875,148163.28125,148242.59375,-0.513916015625,-0.000732421875,-0.81103515625,-0.7324218153953552,0.4577636420726776,0.4577636420726776,80.0,3146.0,1.0,O,M,O,0
147709.8125,147814.78125,148043.125,147934.046875,148056.890625,148273.34375,148123.765625,148203.609375,-0.515625,0.0009765625,-0.809814453125,-0.7629393935203552,0.4272460639476776,0.3967284858226776,80.0,3147.0,1.0,O,M,O,0
146877.796875,146982.578125,147211.28125,147102.296875,147224.78125,147441.5,147291.5625,147371.5,-0.51416015625,0.001953125,-0.80859375,-0.8239745497703552,0.3967284858226776,0.3967284858226776,80.0,3148.0,1.0,O,M,O,0
146855.34375,146960.765625,147189.375,147080.125,147202.515625,147419.59375,147269.65625,147349.046875,-0.51318359375,-0.0009765625,-0.80859375,-0.8239745497703552,0.3967284858226776,0.4577636420726776,80.0,3149.0,1.0,O,M,O,0
147726.078125,147831.578125,148059.65625,147950.578125,148072.984375,148290.0625,148140.3125,148219.875,-0.51416015625,-0.00146484375,-0.81201171875,-0.7934569716453552,0.3967284858226776,0.4882812201976776,80.0,3150.0,1.0,O,M,O,0
147903.828125,148009.765625,148237.765625,148128.5,148250.984375,148468.078125,148318.046875,148398.0625,-0.51513671875,-0.001953125,-0.8115234375,-0.7629393935203552,0.3662109076976776,0.4577636420726776,80.0,3151.0,1.0,O,M,O,0
147100.765625,147206.265625,147434.703125,147325.1875,147447.578125,147664.390625,147514.640625,147594.5625,-0.51318359375,-0.001220703125,-0.8125,-0.8239745497703552,0.4882812201976776,0.3967284858226776,80.0,3152.0,1.0,O,M,O,0
146862.328125,146967.28125,147196.34375,147086.90625,147208.953125,147426.296875,147276.640625,147356.03125,-0.512939453125,0.000244140625,-0.813720703125,-0.8239745497703552,0.3967284858226776,0.4577636420726776,80.0,3153.0,1.0,O,M,O,0
147680.9375,147786.078125,148014.59375,147905.078125,148027.921875,148244.828125,148094.984375,148174.90625,-0.514404296875,0.00048828125,-0.813232421875,-0.8239745497703552,0.4272460639476776,0.4577636420726776,80.0,3154.0,1.0,O,M,O,0
148066.8125,148171.859375,148400.296875,148290.6875,148413.625,148630.796875,148480.765625,148560.703125,-0.515625,0.001708984375,-0.814208984375,-0.7324218153953552,0.3967284858226776,0.3967284858226776,80.0,3155.0,1.0,O,M,O,0
147342.171875,147447.21875,147675.65625,147566.140625,147689.0625,147906.0625,147756.296875,147835.703125,-0.5146484375,-0.00048828125,-0.812255859375,-0.6713866591453552,0.4272460639476776,0.4272460639476776,80.0,3156.0,1.0,O,M,O,0
146908.8125,147013.953125,147242.484375,147132.953125,147255.625,147472.4375,147322.953125,147401.984375,-0.514892578125,-0.000244140625,-0.810302734375,-0.6408690810203552,0.4577636420726776,0.3967284858226776,80.0,3157.0,1.0,O,M,O,0
147624.703125,147729.75,147958.28125,147848.75,147971.5,148188.234375,148038.65625,148117.6875,-0.51611328125,-0.000244140625,-0.8095703125,-0.7629393935203552,0.4577636420726776,0.5187987685203552,80.0,3158.0,1.0,O,M,O,0
148192.609375,148297.65625,148526.09375,148416.578125,148539.0625,148756.140625,148606.390625,148685.6875,-0.513916015625,0.001953125,-0.811767578125,-0.7324218153953552,0.4882812201976776,0.3967284858226776,80.0,3159.0,1.0,O,M,O,0
147593.140625,147698.1875,147926.71875,147817.28125,147939.59375,148156.671875,148006.828125,148086.578125,-0.513916015625,-0.0009765625,-0.810791015625,-0.7019042372703552,0.4577636420726776,0.4577636420726776,80.0,3160.0,1.0,O,M,O,0
146993.03125,147098.0,147326.609375,147217.171875,147339.671875,147556.203125,147406.546875,147486.46875,-0.513671875,0.0009765625,-0.81396484375,-0.7934569716453552,0.4272460639476776,0.5187987685203552,80.0,3161.0,1.0,O,M,O,0
147560.234375,147665.734375,147893.90625,147784.203125,147906.859375,148123.765625,147973.828125,148053.3125,-0.51513671875,0.00146484375,-0.8125,-0.7629393935203552,0.4577636420726776,0.5187987685203552,80.0,3162.0,1.0,O,M,O,0
148277.546875,148382.78125,148610.765625,148501.234375,148623.734375,148841.171875,148691.5,148770.796875,-0.5146484375,0.00048828125,-0.8125,-0.7934569716453552,0.4577636420726776,0.3662109076976776,80.0,3163.0,1.0,O,M,O,0
147847.859375,147952.90625,148181.171875,148071.90625,148194.21875,148411.75,148261.8125,148341.46875,-0.51318359375,0.000244140625,-0.811767578125,-0.7629393935203552,0.4577636420726776,0.4272460639476776,80.0,3164.0,1.0,O,M,O,0
147119.71875,147224.59375,147453.125,147343.6875,147466.171875,147683.25,147533.40625,147613.078125,-0.5146484375,0.0009765625,-0.816162109375,-0.7934569716453552,0.4882812201976776,0.4882812201976776,80.0,3165.0,1.0,O,M,O,0
147500.6875,147605.46875,147834.09375,147724.5625,147847.234375,148063.953125,147914.375,147993.859375,-0.51318359375,0.001708984375,-0.81201171875,-0.8239745497703552,0.3967284858226776,0.4577636420726776,80.0,3166.0,1.0,O,M,O,0
148321.0,148426.140625,148653.953125,148544.515625,148667.1875,148884.34375,148734.765625,148814.25,-0.5126953125,0.000732421875,-0.8134765625,-0.7019042372703552,0.4272460639476776,0.3967284858226776,80.0,3167.0,1.0,O,M,O,0
148087.828125,148193.234375,148421.578125,148311.78125,148434.28125,148651.625,148501.78125,148581.4375,-0.512939453125,0.002197265625,-0.8134765625,-0.7019042372703552,0.4272460639476776,0.3662109076976776,80.0,3168.0,1.0,O,M,O,0
147281.734375,147386.875,147615.84375,147506.234375,147628.453125,147845.171875,147695.5,147774.71875,-0.513671875,0.0009765625,-0.811767578125,-0.7324218153953552,0.4882812201976776,0.3967284858226776,80.0,3169.0,1.0,O,M,O,0
147457.59375,147562.46875,147791.171875,147682.09375,147803.78125,148020.765625,147871.375,147950.5,-0.515380859375,-0.000732421875,-0.8134765625,-0.6408690810203552,0.5187987685203552,0.4272460639476776,80.0,3170.0,1.0,O,M,O,0
148331.015625,148436.0625,148664.40625,148555.0625,148677.1875,148894.8125,148744.703125,148824.53125,-0.513916015625,0.001220703125,-0.810546875,-0.5798339247703552,0.5187987685203552,0.4882812201976776,80.0,3171.0,1.0,O,M,O,0
148310.453125,148415.859375,148644.109375,148534.765625,148657.078125,148874.34375,148724.3125,148804.421875,-0.5146484375,0.001220703125,-0.810791015625,-0.6408690810203552,0.5187987685203552,0.4577636420726776,80.0,3172.0,1.0,O,M,O,0
147478.25,147583.03125,147811.828125,147702.296875,147824.515625,148041.953125,147891.75,147971.78125,-0.514892578125,0.00146484375,-0.81005859375,-0.6103515028953552,0.4882812201976776,0.3356933295726776,80.0,3173.0,1.0,O,M,O,0
147437.75,147542.4375,147771.328125,147661.703125,147784.015625,148001.546875,147851.34375,147931.09375,-0.51318359375,0.001708984375,-0.81103515625,-0.7019042372703552,0.5493163466453552,0.3967284858226776,80.0,3174.0,1.0,O,M,O,0
148309.015625,148414.421875,148642.421875,148532.71875,148655.296875,148872.734375,148722.96875,148802.546875,-0.51318359375,0.00146484375,-0.812744140625,-0.7324218153953552,0.4272460639476776,0.3662109076976776,80.0,3175.0,1.0,O,M,O,0
148504.546875,148610.140625,148837.765625,148728.25,148850.828125,149068.265625,148918.328125,148998.34375,-0.515869140625,0.000732421875,-0.814208984375,-0.7629393935203552,0.4577636420726776,0.4577636420726776,80.0,3176.0,1.0,O,M,O,0
147703.90625,147809.234375,148037.671875,147927.78125,148050.453125,148267.53125,148117.953125,148197.796875,-0.51416015625,0.000732421875,-0.8115234375,-0.7934569716453552,0.4577636420726776,0.3967284858226776,80.0,3177.0,1.0,O,M,O,0
147450.0,147554.59375,147783.84375,147673.6875,147796.359375,148013.078125,147863.59375,147943.34375,-0.513671875,0.001708984375,-0.8095703125,-0.7629393935203552,0.4577636420726776,0.4882812201976776,80.0,3178.0,1.0,O,M,O,0
148261.625,148366.234375,148594.765625,148485.234375,148607.90625,148824.8125,148675.234375,148755.15625,-0.51513671875,0.00048828125,-0.812255859375,-0.7934569716453552,0.4272460639476776,0.4272460639476776,80.0,3179.0,1.0,O,M,O,0
148663.0625,148768.21875,148996.015625,148887.125,149009.4375,149226.59375,149076.578125,149156.953125,-0.516357421875,0.000244140625,-0.812255859375,-0.7934569716453552,0.4577636420726776,0.3662109076976776,80.0,3180.0,1.0,O,M,O,0
147946.65625,148051.171875,148279.78125,148170.4375,148292.5625,148509.640625,148359.703125,148439.8125,-0.516357421875,0.00048828125,-0.81201171875,-0.7019042372703552,0.4272460639476776,0.3662109076976776,80.0,3181.0,1.0,O,M,O,0
147498.625,147602.875,147832.03125,147722.421875,147844.546875,148061.8125,147912.046875,147991.625,-0.51513671875,0.000732421875,-0.81103515625,-0.6408690810203552,0.3967284858226776,0.3967284858226776,80.0,3182.0,1.0,O,M,O,0
148202.265625,148307.40625,148535.9375,148426.3125,148548.71875,148766.0625,148616.484375,148696.234375,-0.51416015625,0.00244140625,-0.810546875,-0.6713866591453552,0.4882812201976776,0.3967284858226776,80.0,3183.0,1.0,O,M,O,0
148783.5,148889.09375,149116.90625,149007.46875,149129.953125,149347.921875,149197.453125,149277.390625,-0.51513671875,0.0,-0.81298828125,-0.6408690810203552,0.4882812201976776,0.3662109076976776,80.0,3184.0,1.0,O,M,O,0
148200.75,148305.703125,148534.140625,148424.171875,148546.578125,148764.8125,148613.8125,148694.1875,-0.51513671875,-0.00048828125,-0.812744140625,-0.7019042372703552,0.4882812201976776,0.4577636420726776,80.0,3185.0,1.0,O,M,O,0
147587.953125,147692.734375,147921.078125,147811.828125,147933.78125,148151.484375,148001.28125,148081.296875,-0.514892578125,0.001953125,-0.81494140625,-0.6103515028953552,0.3967284858226776,0.4577636420726776,80.0,3186.0,1.0,O,M,O,0
148138.875,148244.203125,148472.546875,148363.015625,148485.15625,148702.859375,148552.828125,148632.765625,-0.51416015625,0.001220703125,-0.814453125,-0.7019042372703552,0.3967284858226776,0.3662109076976776,80.0,3187.0,1.0,O,M,O,0
148865.21875,148971.078125,149198.796875,149088.921875,149211.578125,149429.5625,149279.171875,149359.375,-0.513427734375,0.001708984375,-0.814453125,-0.7019042372703552,0.4882812201976776,0.4272460639476776,80.0,3188.0,1.0,O,M,O,0
148449.828125,148555.328125,148783.59375,148673.4375,148796.203125,149013.984375,148863.609375,148943.359375,-0.51318359375,0.003173828125,-0.811279296875,-0.7629393935203552,0.4272460639476776,0.4882812201976776,80.0,3189.0,1.0,O,M,O,0
147712.765625,147818.078125,148046.875,147937.0,148059.484375,148276.921875,148126.71875,148206.28125,-0.513427734375,0.00341796875,-0.80908203125,-0.7934569716453552,0.3967284858226776,0.4882812201976776,80.0,3190.0,1.0,O,M,O,0
148076.46875,148181.796875,148410.046875,148300.34375,148423.015625,148640.09375,148490.609375,148570.171875,-0.512939453125,0.002197265625,-0.8115234375,-0.8544921278953552,0.4577636420726776,0.4882812201976776,80.0,3191.0,1.0,O,M,O,0
148902.5,149008.265625,149235.8125,149126.46875,149249.21875,149466.5625,149316.546875,149396.65625,-0.5126953125,0.00244140625,-0.81005859375,-0.7934569716453552,0.3967284858226776,0.4577636420726776,80.0,3192.0,1.0,O,M,O,0
148687.828125,148793.515625,149020.96875,148911.796875,149034.203125,149251.640625,149101.875,149181.71875,-0.512451171875,0.00048828125,-0.8115234375,-0.8544921278953552,0.3967284858226776,0.4577636420726776,80.0,3193.0,1.0,O,M,O,0
147877.890625,147983.3125,148211.46875,148101.859375,148224.4375,148441.78125,148292.125,148371.6875,-0.513916015625,0.0009765625,-0.8115234375,-0.7324218153953552,0.3356933295726776,0.3967284858226776,80.0,3194.0,1.0,O,M,O,0
148032.578125,148138.078125,148365.703125,148256.53125,148379.015625,148596.453125,148446.796875,148526.640625,-0.5126953125,0.0,-0.810791015625,-0.7019042372703552,0.3967284858226776,0.4272460639476776,80.0,3195.0,1.0,O,M,O,0
148904.46875,149010.0625,149237.78125,149128.4375,149250.921875,149468.265625,149318.515625,149398.703125,-0.513916015625,0.00048828125,-0.814208984375,-0.6713866591453552,0.5187987685203552,0.3967284858226776,80.0,3196.0,1.0,O,M,O,0
148905.625,149011.578125,149239.296875,149129.859375,149252.53125,149470.0625,149320.203125,149400.234375,-0.51416015625,0.00048828125,-0.81103515625,-0.6408690810203552,0.5187987685203552,0.4272460639476776,80.0,3197.0,1.0,O,M,O,0
148077.984375,148183.3125,148411.390625,148302.125,148424.4375,148642.0625,148491.9375,148571.875,-0.513427734375,-0.000732421875,-0.811279296875,-0.6408690810203552,0.5187987685203552,0.4577636420726776,80.0,3198.0,1.0,O,M,O,0
148015.140625,148120.546875,148348.453125,148239.1875,148361.859375,148579.390625,148429.265625,148509.109375,-0.513427734375,0.00146484375,-0.811767578125,-0.6713866591453552,0.4577636420726776,0.4272460639476776,80.0,3199.0,1.0,O,M,O,0
148878.984375,148984.671875,149211.9375,149102.421875,149225.265625,149443.40625,149292.9375,149373.40625,-0.51171875,0.001708984375,-0.813232421875,-0.7019042372703552,0.5187987685203552,0.4577636420726776,80.0,3200.0,1.0,O,M,O,0
149095.0,149200.5,149428.484375,149318.6875,149441.625,149659.421875,149509.3125,149589.234375,-0.511962890625,0.000732421875,-0.813232421875,-0.7324218153953552,0.5187987685203552,0.4272460639476776,80.0,3201.0,1.0,O,M,O,0
148301.328125,148407.09375,148635.625,148525.65625,148648.40625,148865.75,148716.171875,148795.484375,-0.512939453125,0.00244140625,-0.817138671875,-0.7019042372703552,0.4882812201976776,0.4577636420726776,80.0,3202.0,1.0,O,M,O,0
148028.71875,148134.21875,148362.75,148252.875,148375.53125,148592.703125,148443.21875,148522.515625,-0.514892578125,0.003173828125,-0.814697265625,-0.7019042372703552,0.3662109076976776,0.4272460639476776,80.0,3203.0,1.0,O,M,O,0
148832.578125,148938.0,149166.078125,149056.015625,149179.03125,149396.390625,149246.71875,149326.296875,-0.515625,0.0029296875,-0.813720703125,-0.7019042372703552,0.3967284858226776,0.4272460639476776,80.0,3204.0,1.0,O,M,O,0
149251.015625,149356.78125,149584.859375,149474.609375,149597.28125,149815.078125,149665.328125,149745.078125,-0.514404296875,0.001953125,-0.8125,-0.7629393935203552,0.4882812201976776,0.5187987685203552,80.0,3205.0,1.0,O,M,O,0
148543.703125,148649.390625,148877.46875,148767.765625,148889.890625,149107.78125,148957.84375,149038.125,-0.513671875,-0.000732421875,-0.810302734375,-0.6408690810203552,0.5493163466453552,0.4882812201976776,80.0,3206.0,1.0,O,M,O,0
148079.328125,148184.5625,148412.734375,148303.390625,148425.6875,148642.953125,148493.28125,148573.21875,-0.513671875,-0.000244140625,-0.8125,-0.7324218153953552,0.5798339247703552,0.4882812201976776,80.0,3207.0,1.0,O,M,O,0
148773.484375,148878.625,149106.53125,148997.265625,149119.578125,149337.015625,149187.078125,149267.1875,-0.51416015625,-0.00048828125,-0.814697265625,-0.6408690810203552,0.6408690810203552,0.5187987685203552,80.0,3208.0,1.0,O,M,O,0
149370.453125,149476.046875,149703.40625,149594.0625,149716.546875,149934.078125,149784.40625,149864.515625,-0.51513671875,0.000732421875,-0.80908203125,-0.6713866591453552,0.6103515028953552,0.4882812201976776,80.0,3209.0,1.0,O,M,O,0
148796.375,148902.40625,149129.859375,149020.078125,149142.734375,149360.265625,149210.421875,149290.53125,-0.514892578125,0.0,-0.810546875,-0.6103515028953552,0.5493163466453552,0.3356933295726776,80.0,3210.0,1.0,O,M,O,0
148169.8125,148275.3125,148503.484375,148393.953125,148516.53125,148733.609375,148583.9375,148663.78125,-0.515380859375,0.0009765625,-0.815185546875,-0.6103515028953552,0.5798339247703552,0.4272460639476776,80.0,3211.0,1.0,O,M,O,0
148705.453125,148810.859375,149038.84375,148929.40625,149052.078125,149269.25,149119.765625,149199.328125,-0.513916015625,-0.000732421875,-0.812255859375,-0.7019042372703552,0.5798339247703552,0.4882812201976776,80.0,3212.0,1.0,O,M,O,0
149441.0,149546.859375,149774.390625,149665.140625,149787.8125,150005.25,149855.40625,149935.421875,-0.5146484375,0.00048828125,-0.811279296875,-0.6408690810203552,0.4882812201976776,0.3967284858226776,80.0,3213.0,1.0,O,M,O,0
149043.9375,149150.15625,149377.703125,149268.4375,149391.375,149608.546875,149458.4375,149538.71875,-0.513916015625,0.001953125,-0.813232421875,-0.7019042372703552,0.4882812201976776,0.4882812201976776,80.0,3214.0,1.0,O,M,O,0
148299.8125,148405.671875,148633.296875,148524.046875,148647.0625,148864.234375,148714.03125,148793.875,-0.512939453125,0.0029296875,-0.810546875,-0.7629393935203552,0.3967284858226776,0.4577636420726776,80.0,3215.0,1.0,O,M,O,0
148646.796875,148752.46875,148980.109375,148870.84375,148993.78125,149210.78125,149060.9375,149140.6875,-0.512939453125,0.00146484375,-0.81005859375,-0.7629393935203552,0.3967284858226776,0.4882812201976776,80.0,3216.0,1.0,O,M,O,0
149479.359375,149585.03125,149812.390625,149703.140625,149825.890625,150043.328125,149893.390625,149973.59375,-0.513427734375,0.00048828125,-0.80810546875,-0.7324218153953552,0.3662109076976776,0.3662109076976776,80.0,3217.0,1.0,O,M,O,0
149281.046875,149386.90625,149614.625,149504.921875,149627.6875,149845.46875,149695.453125,149775.203125,-0.514404296875,0.001220703125,-0.80810546875,-0.7934569716453552,0.4882812201976776,0.3967284858226776,80.0,3218.0,1.0,O,M,O,0
148466.46875,148572.140625,148800.125,148690.875,148813.546875,149030.984375,148880.859375,148960.609375,-0.512939453125,0.001708984375,-0.81201171875,-0.7324218153953552,0.3967284858226776,0.3662109076976776,80.0,3219.0,1.0,O,M,O,0
148604.953125,148710.90625,148938.703125,148829.453125,148951.859375,149169.46875,149019.53125,149099.203125,-0.512451171875,0.00048828125,-0.812255859375,-0.6713866591453552,0.5493163466453552,0.3967284858226776,80.0,3220.0,1.0,O,M,O,0
149481.671875,149587.359375,149815.25,149705.828125,149828.484375,150045.921875,149895.984375,149976.09375,-0.51318359375,0.00146484375,-0.811767578125,-0.6713866591453552,0.4577636420726776,0.4272460639476776,80.0,3221.0,1.0,O,M,O,0
149497.5,149603.1875,149831.171875,149721.921875,149844.3125,150061.84375,149911.90625,149991.921875,-0.51318359375,0.001220703125,-0.81103515625,-0.5798339247703552,0.3967284858226776,0.3662109076976776,80.0,3222.0,1.0,O,M,O,0
148667.453125,148772.859375,149001.5625,148892.046875,149014.34375,149231.609375,149081.9375,149161.6875,-0.514892578125,0.0,-0.813232421875,-0.7019042372703552,0.4882812201976776,0.4272460639476776,80.0,3223.0,1.0,O,M,O,0
148589.75,148694.546875,148923.328125,148813.8125,148936.5625,149153.734375,149003.703125,149083.8125,-0.5126953125,0.00048828125,-0.812255859375,-0.6713866591453552,0.4882812201976776,0.4882812201976776,80.0,3224.0,1.0,O,M,O,0
149453.25,149558.21875,149786.5625,149676.859375,149799.609375,150017.140625,149866.484375,149947.3125,-0.5146484375,0.0009765625,-0.814208984375,-0.7019042372703552,0.5187987685203552,0.4272460639476776,80.0,3225.0,1.0,O,M,O,0
149684.640625,149789.59375,150017.578125,149907.875,150030.8125,150248.875,150097.875,150178.609375,-0.5146484375,0.0009765625,-0.81298828125,-0.7019042372703552,0.4882812201976776,0.3662109076976776,80.0,3226.0,1.0,O,M,O,0
148893.109375,148998.53125,149226.875,149116.984375,149239.828125,149457.546875,149307.15625,149387.71875,-0.51220703125,0.001220703125,-0.81103515625,-0.7629393935203552,0.4882812201976776,0.4272460639476776,80.0,3227.0,1.0,O,M,O,0
148603.703125,148708.9375,148937.28125,148827.671875,148950.515625,149167.765625,149017.75,149097.765625,-0.514404296875,0.0009765625,-0.8125,-0.7934569716453552,0.3967284858226776,0.4882812201976776,80.0,3228.0,1.0,O,M,O,0
149401.296875,149506.890625,149735.0625,149625.359375,149748.015625,149965.8125,149815.96875,149895.8125,-0.514404296875,0.0,-0.814453125,-0.7934569716453552,0.3662109076976776,0.4882812201976776,80.0,3229.0,1.0,O,M,O,0
149834.5625,149940.34375,150167.875,150058.078125,150181.203125,150399.078125,150249.15625,150329.34375,-0.51416015625,0.001953125,-0.814208984375,-0.7934569716453552,0.4577636420726776,0.3967284858226776,80.0,3230.0,1.0,O,M,O,0
149136.484375,149242.0625,149469.609375,149360.4375,149483.015625,149700.453125,149550.796875,149630.90625,-0.513916015625,0.001220703125,-0.814453125,-0.7324218153953552,0.4272460639476776,0.2441406100988388,80.0,3231.0,1.0,O,M,O,0
148656.453125,148762.046875,148989.765625,148880.328125,149003.078125,149220.34375,149070.5,149150.875,-0.511474609375,-0.000244140625,-0.8134765625,-0.7629393935203552,0.3662109076976776,0.3662109076976776,80.0,3232.0,1.0,O,M,O,0
149338.1875,149444.125,149671.484375,149562.0625,149685.265625,149902.515625,149752.40625,149832.875,-0.514404296875,0.000244140625,-0.812744140625,-0.6103515028953552,0.4577636420726776,0.3967284858226776,80.0,3233.0,1.0,O,M,O,0
149946.78125,150052.625,150280.078125,150170.65625,150293.40625,150511.109375,150360.90625,150441.640625,-0.513427734375,0.0009765625,-0.81103515625,-0.6713866591453552,0.3967284858226776,0.3967284858226776,80.0,3234.0,1.0,O,M,O,0
149386.015625,149491.421875,149719.5,149609.625,149732.640625,149950.078125,149799.875,149880.4375,-0.512939453125,0.00048828125,-0.8125,-0.6408690810203552,0.4272460639476776,0.4272460639476776,80.0,3235.0,1.0,O,M,O,0
148748.90625,148853.78125,149082.390625,148972.6875,149095.4375,149312.609375,149162.5,149242.875,-0.51318359375,0.00244140625,-0.81201171875,-0.6408690810203552,0.5187987685203552,0.4272460639476776,80.0,3236.0,1.0,O,M,O,0
149271.75,149377.15625,149605.328125,149495.8125,149618.5625,149835.734375,149685.4375,149766.171875,-0.513671875,0.00048828125,-0.812255859375,-0.6408690810203552,0.5187987685203552,0.4882812201976776,80.0,3237.0,1.0,O,M,O,0
150019.8125,150125.40625,150353.046875,150243.78125,150366.265625,150583.796875,150433.6875,150514.234375,-0.512939453125,0.001220703125,-0.81396484375,-0.6713866591453552,0.4272460639476776,0.4577636420726776,80.0,3238.0,1.0,O,M,O,0
149635.015625,149740.6875,149968.40625,149858.96875,149981.546875,150198.984375,150048.875,150129.171875,-0.512451171875,0.000244140625,-0.810546875,-0.7629393935203552,0.4272460639476776,0.4272460639476776,80.0,3239.0,1.0,O,M,O,0
148881.9375,148987.265625,149215.421875,149105.984375,149228.390625,149446.0,149295.796875,149375.90625,-0.513916015625,0.001220703125,-0.81005859375,-0.6408690810203552,0.4272460639476776,0.4882812201976776,80.0,3240.0,1.0,O,M,O,0
149214.53125,149319.765625,149547.84375,149438.40625,149560.984375,149778.515625,149628.3125,149708.6875,-0.51513671875,0.002685546875,-0.809814453125,-0.6408690810203552,0.3967284858226776,0.3967284858226776,80.0,3241.0,1.0,O,M,O,0
150052.0,150157.78125,150385.5,150275.796875,150398.90625,150616.25,150466.3125,150546.78125,-0.513916015625,-0.000244140625,-0.811767578125,-0.8239745497703552,0.4272460639476776,0.4577636420726776,80.0,3242.0,1.0,O,M,O,0
149871.671875,149977.34375,150204.890625,150095.28125,150218.578125,150435.65625,150285.8125,150366.453125,-0.513671875,0.0009765625,-0.811767578125,-0.8239745497703552,0.4272460639476776,0.4272460639476776,80.0,3243.0,1.0,O,M,O,0
149054.046875,149159.8125,149387.359375,149278.015625,149400.9375,149617.75,149468.171875,149548.640625,-0.515625,-0.000732421875,-0.810791015625,-0.7019042372703552,0.5187987685203552,0.4272460639476776,80.0,3244.0,1.0,O,M,O,0
149172.328125,149277.828125,149505.28125,149396.03125,149518.96875,149735.953125,149586.546875,149666.390625,-0.51513671875,0.001220703125,-0.809326171875,-0.6408690810203552,0.5187987685203552,0.3967284858226776,80.0,3245.0,1.0,O,M,O,0
150049.859375,150155.71875,150382.8125,150273.5625,150396.21875,150613.65625,150464.078125,150544.453125,-0.513916015625,0.0009765625,-0.811279296875,-0.6408690810203552,0.4577636420726776,0.4577636420726776,80.0,3246.0,1.0,O,M,O,0
150086.25,150192.109375,150419.375,150309.765625,150432.875,150650.40625,150500.375,150580.9375,-0.513427734375,0.001708984375,-0.809814453125,-0.7934569716453552,0.4882812201976776,0.4577636420726776,80.0,3247.0,1.0,O,M,O,0
149256.546875,149361.78125,149589.6875,149480.25,149603.1875,149820.53125,149670.78125,149750.703125,-0.513916015625,0.000244140625,-0.811767578125,-0.7019042372703552,0.4882812201976776,0.4882812201976776,80.0,3248.0,1.0,O,M,O,0
149160.265625,149265.21875,149493.125,149383.6875,149506.359375,149723.875,149574.21875,149653.96875,-0.513671875,0.0,-0.811767578125,-0.6103515028953552,0.3967284858226776,0.3051757514476776,80.0,3249.0,1.0,O,M,O,0
150021.421875,150127.203125,150354.375,150244.859375,150367.703125,150585.40625,150435.5625,150515.671875,-0.513427734375,0.002685546875,-0.810791015625,-0.7019042372703552,0.3967284858226776,0.3662109076976776,80.0,3250.0,1.0,O,M,O,0
150272.484375,150378.4375,150605.609375,150496.09375,150618.84375,150836.46875,150686.609375,150766.8125,-0.512939453125,0.00048828125,-0.811767578125,-0.7629393935203552,0.5187987685203552,0.4577636420726776,80.0,3251.0,1.0,O,M,O,0
149484.8125,149590.671875,149818.296875,149708.5,149831.171875,150048.703125,149898.765625,149978.953125,-0.513916015625,-0.000732421875,-0.81201171875,-0.7019042372703552,0.4577636420726776,0.4882812201976776,80.0,3252.0,1.0,O,M,O,0
149177.609375,149283.46875,149510.921875,149401.390625,149524.328125,149741.671875,149591.5625,149671.84375,-0.5146484375,-0.001220703125,-0.812255859375,-0.5798339247703552,0.4882812201976776,0.4577636420726776,80.0,3253.0,1.0,O,M,O,0
149967.0625,150073.46875,150300.640625,150191.125,150314.0625,150531.5,150381.5625,150461.9375,-0.513671875,-0.000732421875,-0.810546875,-0.7324218153953552,0.4272460639476776,0.4272460639476776,80.0,3254.0,1.0,O,M,O,0
150418.84375,150524.96875,150752.234375,150642.71875,150765.46875,150983.0,150832.890625,150913.265625,-0.512939453125,0.001220703125,-0.812744140625,-0.7934569716453552,0.3662109076976776,0.4882812201976776,80.0,3255.0,1.0,O,M,O,0
149732.109375,149837.703125,150065.234375,149955.796875,150078.5625,150295.8125,150145.96875,150226.34375,-0.5146484375,0.001220703125,-0.81201171875,-0.8544921278953552,0.4882812201976776,0.4577636420726776,80.0,3256.0,1.0,O,M,O,0
149235.546875,149340.953125,149568.84375,149459.6875,149582.34375,149799.078125,149649.671875,149729.96875,-0.514404296875,-0.000244140625,-0.8115234375,-0.6408690810203552,0.5187987685203552,0.4882812201976776,80.0,3257.0,1.0,O,M,O,0
149904.125,150010.34375,150237.609375,150128.1875,150251.203125,150468.203125,150318.4375,150399.078125,-0.513916015625,0.000732421875,-0.810302734375,-0.6103515028953552,0.4882812201976776,0.4272460639476776,80.0,3258.0,1.0,O,M,O,0
150529.34375,150635.65625,150863.015625,150753.5,150876.34375,151093.515625,150944.015625,151024.484375,-0.513427734375,0.000244140625,-0.812744140625,-0.5798339247703552,0.3662109076976776,0.4577636420726776,80.0,3259.0,1.0,O,M,O,0
149984.328125,150090.453125,150317.984375,150208.5625,150331.140625,150548.75,150399.0,150479.109375,-0.51513671875,0.001220703125,-0.80859375,-0.6408690810203552,0.4882812201976776,0.4272460639476776,80.0,3260.0,1.0,O,M,O,0
149332.546875,149437.953125,149665.859375,149556.25,149679.171875,149896.34375,149746.6875,149826.4375,-0.51513671875,0.00146484375,-0.80908203125,-0.6408690810203552,0.5798339247703552,0.3967284858226776,80.0,3261.0,1.0,O,M,O,0
149837.25,149942.84375,150170.46875,150060.671875,150183.875,150400.78125,150251.46875,150331.40625,-0.515380859375,0.0,-0.812744140625,-0.6408690810203552,0.6103515028953552,0.3662109076976776,80.0,3262.0,1.0,O,M,O,0
150596.765625,150702.703125,150929.53125,150819.921875,150942.953125,151160.390625,151010.890625,151091.09375,-0.513671875,0.0009765625,-0.810791015625,-0.6713866591453552,0.5493163466453552,0.3356933295726776,80.0,3263.0,1.0,O,M,O,0
150229.84375,150335.34375,150562.703125,150453.265625,150576.203125,150793.71875,150643.96875,150723.984375,-0.51318359375,0.0,-0.81103515625,-0.6408690810203552,0.5493163466453552,0.3662109076976776,80.0,3264.0,1.0,O,M,O,0
149467.546875,149572.875,149800.59375,149690.890625,149814.1875,150031.078125,149881.421875,149961.34375,-0.51220703125,0.001220703125,-0.809326171875,-0.6408690810203552,0.5187987685203552,0.3356933295726776,80.0,3265.0,1.0,O,M,O,0
149779.765625,149885.359375,150112.625,150003.28125,150126.296875,150343.46875,150193.453125,150274.0,-0.5126953125,0.002197265625,-0.81201171875,-0.6713866591453552,0.5187987685203552,0.3662109076976776,80.0,3266.0,1.0,O,M,O,0
150625.1875,150731.046875,150957.96875,150848.796875,150971.5625,151188.90625,151039.328125,151119.703125,-0.5126953125,0.00146484375,-0.811279296875,-0.7019042372703552,0.5187987685203552,0.3662109076976776,80.0,3267.0,1.0,O,M,O,0
150464.703125,150570.65625,150797.75,150688.140625,150810.984375,151028.59375,150878.9375,150959.390625,-0.514404296875,0.00048828125,-0.8125,-0.6713866591453552,0.5493163466453552,0.3967284858226776,80.0,3268.0,1.0,O,M,O,0
149643.859375,149749.546875,149977.4375,149867.65625,149990.40625,150207.84375,150057.90625,150138.109375,-0.51171875,0.002197265625,-0.810791015625,-0.7019042372703552,0.4577636420726776,0.3967284858226776,80.0,3269.0,1.0,O,M,O,0
149741.765625,149847.265625,150074.8125,149965.28125,150088.578125,150305.5625,150155.71875,150235.828125,-0.512451171875,0.00146484375,-0.810791015625,-0.7324218153953552,0.4577636420726776,0.3051757514476776,80.0,3270.0,1.0,O,M,O,0
150620.1875,150726.5,150953.046875,150843.703125,150967.0,151184.078125,151034.140625,151114.875,-0.512939453125,0.002197265625,-0.813720703125,-0.7019042372703552,0.4272460639476776,0.3662109076976776,80.0,3271.0,1.0,O,M,O,0
150675.703125,150781.828125,151008.578125,150899.046875,151021.71875,151239.78125,151089.65625,151170.125,-0.51416015625,0.00146484375,-0.813720703125,-0.7324218153953552,0.4577636420726776,0.3662109076976776,80.0,3272.0,1.0,O,M,O,0
149846.8125,149952.671875,150179.59375,150070.421875,150193.09375,150410.96875,150260.59375,150340.96875,-0.514404296875,0.001708984375,-0.81298828125,-0.6713866591453552,0.4882812201976776,0.3967284858226776,80.0,3273.0,1.0,O,M,O,0
149728.625,149834.125,150061.390625,149952.234375,150075.15625,150292.421875,150142.390625,150222.859375,-0.51416015625,0.001220703125,-0.811767578125,-0.7324218153953552,0.5798339247703552,0.3967284858226776,80.0,3274.0,1.0,O,M,O,0
150585.5,150691.265625,150918.359375,150809.109375,150931.765625,151149.484375,150999.546875,151079.734375,-0.513916015625,0.00048828125,-0.809814453125,-0.7629393935203552,0.5798339247703552,0.4272460639476776,80.0,3275.0,1.0,O,M,O,0
150854.515625,150960.296875,151187.296875,151077.953125,151200.703125,151418.59375,151268.296875,151349.125,-0.514404296875,0.001220703125,-0.808349609375,-0.7934569716453552,0.5187987685203552,0.3967284858226776,80.0,3276.0,1.0,O,M,O,0
150073.109375,150178.515625,150406.0625,150296.53125,150419.375,150637.0,150486.53125,150567.078125,-0.513427734375,-0.00048828125,-0.8076171875,-0.7324218153953552,0.4882812201976776,0.5187987685203552,80.0,3277.0,1.0,O,M,O,0
149750.796875,149856.390625,150083.828125,149974.3125,150096.890625,150314.765625,150164.390625,150244.671875,-0.513671875,0.000244140625,-0.809814453125,-0.6713866591453552,0.4577636420726776,0.4272460639476776,80.0,3278.0,1.0,O,M,O,0
150532.921875,150638.6875,150865.4375,150756.09375,150878.84375,151097.078125,150946.515625,151026.984375,-0.51220703125,-0.000732421875,-0.8095703125,-0.6713866591453552,0.5187987685203552,0.4577636420726776,80.0,3279.0,1.0,O,M,O,0
150998.640625,151104.59375,151331.234375,151221.71875,151344.65625,151562.8125,151412.421875,151493.15625,-0.513916015625,0.000732421875,-0.811767578125,-0.6408690810203552,0.4577636420726776,0.4577636420726776,80.0,3280.0,1.0,O,M,O,0
150322.015625,150427.609375,150654.515625,150545.4375,150667.9375,150885.8125,150735.796875,150816.171875,-0.512451171875,0.00146484375,-0.81005859375,-0.6713866591453552,0.4577636420726776,0.3356933295726776,80.0,3281.0,1.0,O,M,O,0
149809.53125,149914.953125,150142.578125,150033.046875,150155.359375,150373.515625,150223.484375,150303.515625,-0.51318359375,0.002197265625,-0.8115234375,-0.7019042372703552,0.4272460639476776,0.3662109076976776,80.0,3282.0,1.0,O,M,O,0
150466.3125,150572.09375,150799.359375,150689.921875,150812.5,151030.5625,150880.453125,150960.828125,-0.51416015625,0.0,-0.807861328125,-0.6408690810203552,0.3967284858226776,0.3662109076976776,80.0,3283.0,1.0,O,M,O,0
151104.59375,151210.546875,151437.640625,151328.296875,151450.6875,151668.84375,151518.640625,151599.28125,-0.51416015625,0.000244140625,-0.8125,-0.5798339247703552,0.4272460639476776,0.3356933295726776,80.0,3284.0,1.0,O,M,O,0
150573.78125,150679.46875,150906.921875,150797.125,150919.703125,151138.03125,150987.65625,151068.109375,-0.513916015625,-0.000732421875,-0.811279296875,-0.7019042372703552,0.3967284858226776,0.3662109076976776,80.0,3285.0,1.0,O,M,O,0
149910.65625,150016.15625,150243.96875,150134.34375,150256.75,150475.171875,150324.875,150405.15625,-0.51318359375,0.001953125,-0.812744140625,-0.7019042372703552,0.4272460639476776,0.4272460639476776,80.0,3286.0,1.0,O,M,O,0
150399.703125,150505.296875,150732.9375,150623.234375,150745.890625,150964.140625,150813.84375,150894.578125,-0.5146484375,-0.00048828125,-0.811767578125,-0.7019042372703552,0.4882812201976776,0.4577636420726776,80.0,3287.0,1.0,O,M,O,0
151167.625,151273.75,151500.484375,151390.96875,151513.625,151731.96875,151581.578125,151662.578125,-0.51513671875,-0.00048828125,-0.810546875,-0.7324218153953552,0.4272460639476776,0.5187987685203552,80.0,3288.0,1.0,O,M,O,0
150820.8125,150926.578125,151153.859375,151044.25,151167.0,151385.0625,151234.953125,151315.78125,-0.515380859375,-0.0009765625,-0.811767578125,-0.7019042372703552,0.3967284858226776,0.4272460639476776,80.0,3289.0,1.0,O,M,O,0
150051.375,150156.875,150384.421875,150274.71875,150397.46875,150615.359375,150465.25,150545.359375,-0.512939453125,-0.001708984375,-0.810302734375,-0.7324218153953552,0.4577636420726776,0.4577636420726776,80.0,3290.0,1.0,O,M,O,0
150342.21875,150447.8125,150675.171875,150565.375,150688.046875,150906.109375,150755.90625,150836.015625,-0.513671875,0.00048828125,-0.811279296875,-0.8239745497703552,0.3356933295726776,0.3967284858226776,80.0,3291.0,1.0,O,M,O,0
151190.15625,151296.109375,151522.9375,151413.140625,151536.15625,151754.046875,151603.484375,151684.671875,-0.514404296875,0.0009765625,-0.810791015625,-0.8239745497703552,0.4882812201976776,0.4882812201976776,80.0,3292.0,1.0,O,M,O,0
151047.375,151153.140625,151380.421875,151270.53125,151393.375,151611.4375,151461.0625,151542.0625,-0.514404296875,0.00048828125,-0.810546875,-0.7019042372703552,0.4577636420726776,0.3967284858226776,80.0,3293.0,1.0,O,M,O,0
150222.859375,150328.453125,150556.34375,150446.5625,150568.875,150787.015625,150636.8125,150717.46875,-0.513671875,0.000244140625,-0.811279296875,-0.6713866591453552,0.3967284858226776,0.3967284858226776,80.0,3294.0,1.0,O,M,O,0
150304.3125,150409.984375,150637.625,150528.015625,150650.40625,150868.46875,150718.453125,150798.828125,-0.513427734375,0.001708984375,-0.812744140625,-0.7019042372703552,0.3662109076976776,0.3967284858226776,80.0,3295.0,1.0,O,M,O,0
151180.859375,151286.8125,151514.078125,151404.640625,151527.046875,151745.375,151595.078125,151675.71875,-0.514404296875,0.000732421875,-0.810546875,-0.7629393935203552,0.4577636420726776,0.3967284858226776,80.0,3296.0,1.0,O,M,O,0
151255.0625,151360.921875,151588.203125,151478.578125,151601.25,151819.671875,151669.203125,151750.109375,-0.51513671875,0.0009765625,-0.811279296875,-0.7324218153953552,0.4272460639476776,0.3967284858226776,80.0,3297.0,1.0,O,M,O,0
150430.109375,150535.875,150763.328125,150653.984375,150776.65625,150994.796875,150844.421875,150925.0625,-0.514404296875,0.0009765625,-0.81103515625,-0.7934569716453552,0.3662109076976776,0.4272460639476776,80.0,3298.0,1.0,O,M,O,0
150292.59375,150398.453125,150625.90625,150516.125,150639.046875,150857.203125,150706.828125,150787.203125,-0.51318359375,-0.000244140625,-0.8115234375,-0.7019042372703552,0.3662109076976776,0.3967284858226776,80.0,3299.0,1.0,O,M,O,0
151144.015625,151249.515625,151477.25,151367.265625,151489.9375,151708.625,151557.890625,151638.625,-0.512451171875,-0.001220703125,-0.8115234375,-0.7019042372703552,0.4577636420726776,0.5187987685203552,80.0,3300.0,1.0,O,M,O,0
151431.375,151537.5,151764.6875,151654.984375,151777.734375,151996.15625,151845.515625,151926.515625,-0.5126953125,0.000732421875,-0.8125,-0.7324218153953552,0.4882812201976776,0.4577636420726776,80.0,3301.0,1.0,O,M,O,0
150660.875,150767.0,150994.09375,150884.390625,151007.40625,151225.5625,151074.734375,151155.5625,-0.514404296875,-0.0009765625,-0.811279296875,-0.7019042372703552,0.4272460639476776,0.4577636420726776,80.0,3302.0,1.0,O,M,O,0
150317.640625,150423.578125,150651.03125,150540.96875,150664.09375,150881.796875,150731.328125,150812.0625,-0.512939453125,0.000244140625,-0.8125,-0.7629393935203552,0.3662109076976776,0.4272460639476776,80.0,3303.0,1.0,O,M,O,0
151088.40625,151194.625,151421.71875,151312.015625,151434.78125,151652.65625,151502.453125,151583.09375,-0.511962890625,0.0009765625,-0.81298828125,-0.7324218153953552,0.3356933295726776,0.4577636420726776,80.0,3304.0,1.0,O,M,O,0
151574.421875,151680.640625,151907.296875,151797.40625,151920.25,152138.5,151988.203125,152069.03125,-0.510498046875,0.000732421875,-0.81201171875,-0.7324218153953552,0.4272460639476776,0.4272460639476776,80.0,3305.0,1.0,O,M,O,0
150909.234375,151015.453125,151242.375,151132.9375,151255.6875,151473.484375,151323.1875,151403.921875,-0.513671875,0.001953125,-0.811279296875,-0.6713866591453552,0.5187987685203552,0.3662109076976776,80.0,3306.0,1.0,O,M,O,0
150382.453125,150488.3125,150715.671875,150606.328125,150728.90625,150946.703125,150796.59375,150877.046875,-0.515869140625,0.00048828125,-0.81201171875,-0.8544921278953552,0.4577636420726776,0.4272460639476776,80.0,3307.0,1.0,O,M,O,0
151022.34375,151128.640625,151355.828125,151246.296875,151368.96875,151586.9375,151436.5625,151517.390625,-0.51416015625,-0.00146484375,-0.815185546875,-0.7324218153953552,0.5187987685203552,0.3662109076976776,80.0,3308.0,1.0,O,M,O,0
151673.578125,151779.96875,152006.984375,151897.453125,152020.21875,152238.453125,152087.71875,152169.15625,-0.5146484375,0.000732421875,-0.81298828125,-0.6103515028953552,0.4577636420726776,0.4272460639476776,80.0,3309.0,1.0,O,M,O,0
151159.40625,151265.703125,151492.53125,151383.28125,151506.03125,151724.1875,151573.53125,151654.625,-0.513671875,0.000244140625,-0.8115234375,-0.6408690810203552,0.3662109076976776,0.3967284858226776,80.0,3310.0,1.0,O,M,O,0
150484.828125,150590.859375,150818.046875,150708.796875,150831.71875,151049.515625,150898.953125,150979.6875,-0.515380859375,-0.00048828125,-0.811767578125,-0.5187987685203552,0.3967284858226776,0.4272460639476776,80.0,3311.0,1.0,O,M,O,0
150957.15625,151063.375,151290.375,151180.765625,151303.703125,151521.5,151371.46875,151452.296875,-0.51220703125,-0.001220703125,-0.8115234375,-0.5798339247703552,0.5187987685203552,0.4577636420726776,80.0,3312.0,1.0,O,M,O,0
151732.234375,151838.53125,152065.265625,151955.5625,152078.6875,152296.5625,152146.28125,152227.453125,-0.510986328125,0.00146484375,-0.812744140625,-0.6103515028953552,0.4882812201976776,0.4577636420726776,80.0,3313.0,1.0,O,M,O,0
151402.046875,151508.0,151734.734375,151625.125,151748.5,151966.390625,151815.734375,151896.5625,-0.51318359375,0.00146484375,-0.8125,-0.6713866591453552,0.5187987685203552,0.5187987685203552,80.0,3314.0,1.0,O,M,O,0
150626.71875,150732.578125,150959.75,150850.328125,150973.4375,151191.046875,151040.9375,151121.21875,-0.515625,0.00048828125,-0.81396484375,-0.7019042372703552,0.5187987685203552,0.6103515028953552,80.0,3315.0,1.0,O,M,O,0
150902.890625,151009.109375,151235.84375,151126.5,151249.4375,151467.140625,151316.9375,151397.578125,-0.514404296875,0.0029296875,-0.810546875,-0.7324218153953552,0.4577636420726776,0.5187987685203552,80.0,3316.0,1.0,O,M,O,0
151758.515625,151864.734375,152090.84375,151981.859375,152104.796875,152322.9375,152172.46875,152253.296875,-0.51318359375,0.00048828125,-0.811767578125,-0.6713866591453552,0.4577636420726776,0.4577636420726776,80.0,3317.0,1.0,O,M,O,0
151633.703125,151739.65625,151966.390625,151857.40625,151980.0625,152198.21875,152048.015625,152128.75,-0.51416015625,-0.001220703125,-0.813232421875,-0.7019042372703552,0.3356933295726776,0.4272460639476776,80.0,3318.0,1.0,O,M,O,0
150806.15625,150911.921875,151139.28125,151030.125,151152.78125,151370.40625,151220.375,151300.671875,-0.5126953125,-0.000732421875,-0.81298828125,-0.6713866591453552,0.3967284858226776,0.4272460639476776,80.0,3319.0,1.0,O,M,O,0
150865.78125,150971.203125,151198.296875,151089.21875,151212.15625,151429.859375,151280.015625,151360.125,-0.513916015625,0.0,-0.814208984375,-0.6713866591453552,0.3967284858226776,0.4272460639476776,80.0,3320.0,1.0,O,M,O,0
151742.953125,151849.09375,152075.46875,151966.125,152088.96875,152307.296875,152157.1875,152237.828125,-0.51416015625,0.000732421875,-0.810546875,-0.7324218153953552,0.4882812201976776,0.4577636420726776,80.0,3321.0,1.0,O,M,O,0
151835.3125,151941.265625,152168.09375,152058.5625,152181.5,152400.109375,152249.625,152330.359375,-0.5146484375,0.00244140625,-0.810302734375,-0.7629393935203552,0.5187987685203552,0.4577636420726776,80.0,3322.0,1.0,O,M,O,0
151010.71875,151116.390625,151343.3125,151233.96875,151356.8125,151574.875,151424.5,151504.953125,-0.513427734375,0.000732421875,-0.81103515625,-0.7019042372703552,0.4577636420726776,0.4577636420726776,80.0,3323.0,1.0,O,M,O,0
150856.578125,150962.609375,151189.265625,151079.734375,151202.859375,151420.921875,151270.359375,151350.90625,-0.513916015625,0.0009765625,-0.81201171875,-0.6408690810203552,0.4272460639476776,0.4882812201976776,80.0,3324.0,1.0,O,M,O,0
151702.8125,151809.484375,152035.765625,151926.328125,152049.453125,152267.515625,152116.953125,152197.78125,-0.51171875,0.00048828125,-0.811767578125,-0.6408690810203552,0.5493163466453552,0.4882812201976776,80.0,3325.0,1.0,O,M,O,0
152006.171875,152112.484375,152339.03125,152229.609375,152353.15625,152570.78125,152420.21875,152501.578125,-0.511962890625,0.001220703125,-0.812255859375,-0.6713866591453552,0.4882812201976776,0.4272460639476776,80.0,3326.0,1.0,O,M,O,0
151240.140625,151346.4375,151573.4375,151463.5625,151586.9375,151804.5625,151654.625,151735.359375,-0.513427734375,0.00048828125,-0.809814453125,-0.6103515028953552,0.5493163466453552,0.3967284858226776,80.0,3327.0,1.0,O,M,O,0
150880.546875,150986.484375,151214.125,151103.96875,151227.4375,151444.78125,151294.9375,151375.3125,-0.5146484375,0.0,-0.810302734375,-0.6713866591453552,0.4577636420726776,0.4272460639476776,80.0,3328.0,1.0,O,M,O,0
151643.265625,151749.21875,151976.21875,151866.34375,151989.90625,152207.4375,152057.046875,152137.875,-0.512939453125,-0.00048828125,-0.81103515625,-0.6408690810203552,0.4577636420726776,0.5187987685203552,80.0,3329.0,1.0,O,M,O,0
152143.953125,152250.25,152476.90625,152367.203125,152490.140625,152708.375,152558.078125,152638.8125,-0.514404296875,0.00146484375,-0.811279296875,-0.7324218153953552,0.5493163466453552,0.4882812201976776,80.0,3330.0,1.0,O,M,O,0
151488.859375,151595.171875,151821.8125,151712.296875,151835.3125,152053.5625,151903.265625,151983.734375,-0.512451171875,0.000732421875,-0.813720703125,-0.6713866591453552,0.4882812201976776,0.4882812201976776,80.0,3331.0,1.0,O,M,O,0
150946.515625,151052.65625,151279.203125,151169.859375,151292.96875,151511.125,151360.828125,151441.125,-0.513671875,0.000244140625,-0.813232421875,-0.7019042372703552,0.5187987685203552,0.4577636420726776,80.0,3332.0,1.0,O,M,O,0
151575.5,151681.890625,151908.71875,151798.84375,151922.046875,152140.203125,151989.546875,152070.375,-0.51416015625,0.000732421875,-0.810546875,-0.6713866591453552,0.4882812201976776,0.4272460639476776,80.0,3333.0,1.0,O,M,O,0
152240.421875,152347.078125,152573.546875,152463.578125,152586.96875,152805.390625,152654.828125,152735.640625,-0.514404296875,0.002197265625,-0.810791015625,-0.6103515028953552,0.4882812201976776,0.4577636420726776,80.0,3334.0,1.0,O,M,O,0
151740.09375,151846.84375,152073.140625,151963.078125,152086.1875,152304.703125,152154.046875,152234.96875,-0.512939453125,0.0,-0.80859375,-0.7019042372703552,0.4272460639476776,0.5187987685203552,80.0,3335.0,1.0,O,M,O,0
151055.875,151161.8125,151388.90625,151278.765625,151401.78125,151620.203125,151469.90625,151550.46875,-0.512451171875,0.000244140625,-0.810791015625,-0.7324218153953552,0.5187987685203552,0.5493163466453552,80.0,3336.0,1.0,O,M,O,0
151512.734375,151618.78125,151845.421875,151735.890625,151858.75,152077.34375,151926.515625,152007.421875,-0.513671875,0.00146484375,-0.8115234375,-0.7629393935203552,0.4272460639476776,0.4577636420726776,80.0,3337.0,1.0,O,M,O,0
152298.09375,152404.125,152630.859375,152521.25,152644.1875,152862.96875,152711.78125,152793.046875,-0.514404296875,0.0009765625,-0.808837890625,-0.7629393935203552,0.4577636420726776,0.5187987685203552,80.0,3338.0,1.0,O,M,O,0
151983.90625,152090.3125,152317.125,152207.703125,152330.453125,152549.234375,152398.046875,152479.046875,-0.51416015625,0.001953125,-0.81005859375,-0.7324218153953552,0.4272460639476776,0.4577636420726776,80.0,3339.0,1.0,O,M,O,0
151199.640625,151305.765625,151533.125,151424.046875,151546.0,151764.5,151613.953125,151694.859375,-0.51416015625,0.000732421875,-0.81005859375,-0.6713866591453552,0.4882812201976776,0.4272460639476776,80.0,3340.0,1.0,O,M,O,0
151454.984375,151560.921875,151788.109375,151678.59375,151801.171875,152019.40625,151869.296875,151949.84375,-0.512451171875,0.0009765625,-0.8095703125,-0.6713866591453552,0.5187987685203552,0.4882812201976776,80.0,3341.0,1.0,O,M,O,0
152310.515625,152416.640625,152643.375,152533.59375,152656.515625,152874.859375,152724.5625,152805.109375,-0.5126953125,0.001220703125,-0.8115234375,-0.7019042372703552,0.4882812201976776,0.3967284858226776,80.0,3342.0,1.0,O,M,O,0
152202.609375,152308.640625,152535.28125,152425.765625,152548.515625,152767.203125,152616.46875,152697.203125,-0.51416015625,0.00048828125,-0.81298828125,-0.7019042372703552,0.4882812201976776,0.3967284858226776,80.0,3343.0,1.0,O,M,O,0
151373.265625,151479.484375,151706.484375,151596.6875,151719.53125,151938.140625,151787.578125,151868.125,-0.51416015625,0.001708984375,-0.8115234375,-0.7324218153953552,0.5493163466453552,0.4577636420726776,80.0,3344.0,1.0,O,M,O,0
151418.234375,151524.453125,151751.1875,151641.75,151764.5,151982.84375,151832.546875,151912.75,-0.51318359375,0.00146484375,-0.810791015625,-0.7019042372703552,0.5493163466453552,0.3967284858226776,80.0,3345.0,1.0,O,M,O,0
152294.875,152401.265625,152627.203125,152517.9375,152640.875,152859.390625,152708.828125,152789.734375,-0.513671875,0.001708984375,-0.80859375,-0.7019042372703552,0.4272460639476776,0.3967284858226776,80.0,3346.0,1.0,O,M,O,0
152406.453125,152512.9375,152738.953125,152629.4375,152752.1875,152970.703125,152820.5,152901.046875,-0.5146484375,0.00048828125,-0.811279296875,-0.6713866591453552,0.5187987685203552,0.4272460639476776,80.0,3347.0,1.0,O,M,O,0
151585.34375,151691.28125,151917.75,151808.40625,151931.4375,152149.578125,151998.9375,152079.671875,-0.515625,0.00439453125,-0.812255859375,-0.6713866591453552,0.5798339247703552,0.3662109076976776,80.0,3348.0,1.0,O,M,O,0
151412.609375,151518.1875,151745.015625,151635.84375,151758.609375,151976.84375,151826.28125,151907.015625,-0.511962890625,0.00341796875,-0.812744140625,-0.6713866591453552,0.5493163466453552,0.3967284858226776,80.0,3349.0,1.0,O,M,O,0
152253.65625,152359.78125,152586.0625,152476.90625,152599.65625,152818.078125,152667.609375,152748.703125,-0.5126953125,0.0029296875,-0.81103515625,-0.7019042372703552,0.4577636420726776,0.3662109076976776,80.0,3350.0,1.0,O,M,O,0
152575.875,152682.1875,152908.65625,152799.125,152921.96875,153140.390625,152989.921875,153071.015625,-0.51416015625,0.00244140625,-0.808837890625,-0.7324218153953552,0.3967284858226776,0.3662109076976776,80.0,3351.0,1.0,O,M,O,0
151819.578125,151925.625,152152.4375,152042.828125,152165.859375,152383.921875,152233.8125,152314.359375,-0.513916015625,0.00146484375,-0.812255859375,-0.7934569716453552,0.3967284858226776,0.3967284858226776,80.0,3352.0,1.0,O,M,O,0
151441.84375,151548.328125,151774.96875,151665.625,151788.734375,152006.53125,151856.421875,151936.890625,-0.514892578125,0.001708984375,-0.81396484375,-0.8239745497703552,0.3356933295726776,0.3662109076976776,80.0,3353.0,1.0,O,M,O,0
152191.78125,152298.53125,152524.828125,152415.484375,152538.953125,152756.828125,152606.453125,152687.09375,-0.515869140625,0.00341796875,-0.8134765625,-0.8239745497703552,0.4272460639476776,0.4577636420726776,80.0,3354.0,1.0,O,M,O,0
152705.875,152812.53125,153038.5625,152928.671875,153051.96875,153270.65625,153120.09375,153200.65625,-0.516357421875,0.001220703125,-0.8095703125,-0.7629393935203552,0.4577636420726776,0.4882812201976776,80.0,3355.0,1.0,O,M,O,0
152063.9375,152170.5,152396.609375,152286.5625,152409.84375,152628.53125,152478.15625,152558.53125,-0.515380859375,0.0,-0.811279296875,-0.7324218153953552,0.4577636420726776,0.4272460639476776,80.0,3356.0,1.0,O,M,O,0
151507.90625,151614.21875,151841.046875,151731.421875,151854.1875,152073.046875,151922.484375,152002.6875,-0.514892578125,0.000244140625,-0.810546875,-0.7934569716453552,0.4577636420726776,0.3662109076976776,80.0,3357.0,1.0,O,M,O,0
152122.671875,152228.625,152455.625,152345.828125,152468.765625,152687.1875,152536.890625,152617.546875,-0.513671875,0.0009765625,-0.813232421875,-0.6103515028953552,0.4577636420726776,0.4577636420726776,80.0,3358.0,1.0,O,M,O,0
152797.0625,152903.1875,153129.65625,153019.78125,153143.15625,153361.5,153211.296875,153291.9375,-0.51513671875,0.001220703125,-0.810302734375,-0.6713866591453552,0.5493163466453552,0.4577636420726776,80.0,3359.0,1.0,O,M,O,0
152310.96875,152417.359375,152643.5625,152534.03125,152657.140625,152875.484375,152725.359375,152805.828125,-0.514404296875,-0.00048828125,-0.8125,-0.6713866591453552,0.5187987685203552,0.3967284858226776,80.0,3360.0,1.0,O,M,O,0
151616.625,151722.75,151949.21875,151839.78125,151962.640625,152180.78125,152030.578125,152111.234375,-0.513671875,0.00048828125,-0.81103515625,-0.7629393935203552,0.4882812201976776,0.4577636420726776,80.0,3361.0,1.0,O,M,O,0
152057.21875,152163.796875,152390.09375,152280.390625,152403.40625,152621.65625,152471.53125,152552.09375,-0.512451171875,0.0,-0.81005859375,-0.7629393935203552,0.4577636420726776,0.4577636420726776,80.0,3362.0,1.0,O,M,O,0
152850.53125,152957.109375,153183.484375,153073.515625,153196.890625,153415.046875,153264.9375,153345.578125,-0.51318359375,-0.000732421875,-0.81103515625,-0.7019042372703552,0.4272460639476776,0.4882812201976776,80.0,3363.0,1.0,O,M,O,0
152556.203125,152662.328125,152888.984375,152779.359375,152902.390625,153120.90625,152970.515625,153051.25,-0.5146484375,0.000244140625,-0.812744140625,-0.7324218153953552,0.4272460639476776,0.4272460639476776,80.0,3364.0,1.0,O,M,O,0
151766.296875,151872.6875,152099.6875,151989.71875,152112.921875,152331.171875,152180.875,152261.25,-0.515380859375,0.001953125,-0.810546875,-0.7629393935203552,0.4577636420726776,0.4882812201976776,80.0,3365.0,1.0,O,M,O,0
152003.578125,152110.25,152336.625,152226.828125,152349.859375,152568.28125,152417.984375,152498.359375,-0.513671875,-0.00146484375,-0.81201171875,-0.7934569716453552,0.3967284858226776,0.3967284858226776,80.0,3366.0,1.0,O,M,O,0
152864.578125,152971.234375,153197.171875,153087.46875,153210.75,153429.0,153278.609375,153359.4375,-0.51416015625,-0.002197265625,-0.80859375,-0.7934569716453552,0.4577636420726776,0.3967284858226776,80.0,3367.0,1.0,O,M,O,0
152778.65625,152884.859375,153111.25,153001.09375,153124.828125,153342.8125,153192.515625,153273.421875,-0.5126953125,0.000244140625,-0.808349609375,-0.7324218153953552,0.3967284858226776,0.4577636420726776,80.0,3368.0,1.0,O,M,O,0
151947.171875,152053.65625,152280.5625,152170.328125,152293.796875,152511.953125,152361.484375,152442.390625,-0.515869140625,0.000244140625,-0.809326171875,-0.7019042372703552,0.3662109076976776,0.4882812201976776,80.0,3369.0,1.0,O,M,O,0
151969.875,152076.1875,152303.1875,152193.125,152316.328125,152534.5625,152384.1875,152464.75,-0.5126953125,0.001220703125,-0.811767578125,-0.6713866591453552,0.4272460639476776,0.4577636420726776,80.0,3370.0,1.0,O,M,O,0
152847.5,152953.703125,153179.90625,153070.390625,153193.5,153411.828125,153261.71875,153342.359375,-0.513916015625,0.000732421875,-0.8095703125,-0.7019042372703552,0.3967284858226776,0.4272460639476776,80.0,3371.0,1.0,O,M,O,0
152981.25,153087.640625,153313.9375,153204.3125,153327.15625,153545.671875,153395.46875,153476.296875,-0.512939453125,0.002197265625,-0.809814453125,-0.7324218153953552,0.4272460639476776,0.4272460639476776,80.0,3372.0,1.0,O,M,O,0
152162.1875,152268.40625,152494.875,152384.984375,152508.28125,152726.53125,152576.234375,152656.703125,-0.513427734375,0.00341796875,-0.808837890625,-0.6713866591453552,0.4272460639476776,0.3662109076976776,80.0,3373.0,1.0,O,M,O,0
151964.875,152071.078125,152297.734375,152187.9375,152310.96875,152528.671875,152378.828125,152459.5625,-0.512451171875,0.0,-0.81201171875,-0.5798339247703552,0.5187987685203552,0.3967284858226776,80.0,3374.0,1.0,O,M,O,0
152799.296875,152905.703125,153131.8125,153022.28125,153145.3125,153363.546875,153213.4375,153294.34375,-0.51123046875,0.00146484375,-0.810791015625,-0.6408690810203552,0.4882812201976776,0.3967284858226776,80.0,3375.0,1.0,O,M,O,0
153143.078125,153249.921875,153475.75,153365.609375,153489.171875,153707.859375,153557.390625,153638.203125,-0.513427734375,0.003173828125,-0.811279296875,-0.6713866591453552,0.4882812201976776,0.4882812201976776,80.0,3376.0,1.0,O,M,O,0
152395.0,152501.75,152727.6875,152617.984375,152741.453125,152959.609375,152809.140625,152890.234375,-0.513671875,0.000732421875,-0.811767578125,-0.7629393935203552,0.4577636420726776,0.4272460639476776,80.0,3377.0,1.0,O,M,O,0
151997.6875,152104.25,152330.625,152221.015625,152344.21875,152562.203125,152412.171875,152492.90625,-0.513671875,0.001220703125,-0.8115234375,-0.7934569716453552,0.4272460639476776,0.4577636420726776,80.0,3378.0,1.0,O,M,O,0
152738.234375,152844.90625,153071.09375,152961.3125,153084.328125,153302.484375,153152.640625,153233.46875,-0.51416015625,0.0009765625,-0.809814453125,-0.7629393935203552,0.4577636420726776,0.3967284858226776,80.0,3379.0,1.0,O,M,O,0
153270.390625,153377.234375,153603.078125,153493.546875,153616.65625,153835.078125,153684.875,153765.796875,-0.514892578125,0.001708984375,-0.811279296875,-0.7019042372703552,0.4577636420726776,0.4272460639476776,80.0,3380.0,1.0,O,M,O,0
152640.25,152746.640625,152972.75,152863.3125,152986.609375,153205.03125,153054.46875,153135.296875,-0.51513671875,0.000732421875,-0.81005859375,-0.6103515028953552,0.5187987685203552,0.4882812201976776,80.0,3381.0,1.0,O,M,O,0
152070.8125,152177.03125,152403.328125,152293.625,152417.0,152635.0625,152484.859375,152565.5,-0.515625,0.0009765625,-0.812744140625,-0.7324218153953552,0.5493163466453552,0.3967284858226776,80.0,3382.0,1.0,O,M,O,0
152669.03125,152775.609375,153001.359375,152891.84375,153015.046875,153233.640625,153083.078125,153163.90625,-0.515625,0.000244140625,-0.81103515625,-0.7324218153953552,0.4272460639476776,0.4577636420726776,80.0,3383.0,1.0,O,M,O,0
153357.5625,153464.140625,153689.4375,153580.09375,153703.65625,153922.25,153771.609375,153852.34375,-0.514892578125,0.000732421875,-0.809814453125,-0.6713866591453552,0.3356933295726776,0.3967284858226776,80.0,3384.0,1.0,O,M,O,0
152887.375,152993.671875,153219.515625,153109.8125,153233.46875,153451.796875,153301.5,153382.234375,-0.51416015625,0.000732421875,-0.81201171875,-0.7934569716453552,0.5187987685203552,0.4272460639476776,80.0,3385.0,1.0,O,M,O,0
152182.578125,152288.96875,152515.4375,152405.28125,152528.671875,152747.09375,152596.796875,152677.703125,-0.5126953125,-0.00146484375,-0.8125,-0.7629393935203552,0.4272460639476776,0.3662109076976776,80.0,3386.0,1.0,O,M,O,0
152603.953125,152710.515625,152936.984375,152826.84375,152950.140625,153168.734375,153018.34375,153099.265625,-0.513916015625,-0.0009765625,-0.80908203125,-0.7019042372703552,0.4577636420726776,0.4882812201976776,80.0,3387.0,1.0,O,M,O,0
153404.59375,153511.25,153737.0,153627.390625,153750.421875,153968.921875,153818.984375,153899.640625,-0.512939453125,0.0009765625,-0.80908203125,-0.7629393935203552,0.4577636420726776,0.4577636420726776,80.0,3388.0,1.0,O,M,O,0
153126.265625,153232.921875,153458.6875,153349.15625,153472.09375,153690.953125,153540.484375,153621.21875,-0.512939453125,0.001220703125,-0.80908203125,-0.7934569716453552,0.4882812201976776,0.4577636420726776,80.0,3389.0,1.0,O,M,O,0
152331.703125,152438.09375,152664.484375,152554.78125,152677.984375,152896.484375,152746.109375,152826.578125,-0.51220703125,0.00146484375,-0.8134765625,-0.8239745497703552,0.4882812201976776,0.3967284858226776,80.0,3390.0,1.0,O,M,O,0
152551.921875,152658.3125,152884.515625,152774.890625,152898.1875,153116.4375,152966.40625,153046.6875,-0.51220703125,0.0009765625,-0.809814453125,-0.7019042372703552,0.3662109076976776,0.3967284858226776,80.0,3391.0,1.0,O,M,O,0
153416.21875,153522.96875,153748.359375,153638.828125,153762.21875,153980.640625,153830.703125,153911.53125,-0.512939453125,0.001953125,-0.81103515625,-0.6713866591453552,0.3356933295726776,0.4577636420726776,80.0,3392.0,1.0,O,M,O,0
153349.6875,153456.265625,153682.109375,153572.234375,153696.0625,153914.484375,153763.921875,153845.015625,-0.512939453125,-0.000732421875,-0.8115234375,-0.7019042372703552,0.5187987685203552,0.5187987685203552,80.0,3393.0,1.0,O,M,O,0
152517.40625,152624.0625,152849.8125,152740.203125,152864.125,153081.828125,152931.359375,153012.359375,-0.512451171875,-0.000732421875,-0.8115234375,-0.7324218153953552,0.4577636420726776,0.4882812201976776,80.0,3394.0,1.0,O,M,O,0
152519.453125,152626.296875,152852.046875,152742.265625,152866.09375,153084.0625,152933.59375,153014.328125,-0.512939453125,-0.000244140625,-0.81201171875,-0.8544921278953552,0.5187987685203552,0.4577636420726776,80.0,3395.0,1.0,O,M,O,0
153393.859375,153500.96875,153726.1875,153616.75,153740.484375,153958.90625,153808.078125,153889.359375,-0.5146484375,0.000732421875,-0.8115234375,-0.7934569716453552,0.5798339247703552,0.4577636420726776,80.0,3396.0,1.0,O,M,O,0
153545.3125,153652.515625,153877.90625,153768.46875,153891.765625,154110.09375,153959.625,154040.90625,-0.514404296875,-0.00048828125,-0.81103515625,-0.7324218153953552,0.5187987685203552,0.4272460639476776,80.0,3397.0,1.0,O,M,O,0
152733.140625,152839.53125,153065.828125,152956.21875,153079.234375,153297.296875,153147.09375,153228.1875,-0.515625,0.000244140625,-0.811767578125,-0.7324218153953552,0.4882812201976776,0.4577636420726776,80.0,3398.0,1.0,O,M,O,0
152519.015625,152625.234375,152851.34375,152741.8125,152864.75,153083.53125,152932.96875,153013.609375,-0.514892578125,0.00048828125,-0.813232421875,-0.6408690810203552,0.4577636420726776,0.4577636420726776,80.0,3399.0,1.0,O,M,O,0
153348.359375,153454.390625,153680.59375,153570.703125,153694.0,153912.6875,153762.390625,153842.765625,-0.512939453125,0.000732421875,-0.8115234375,-0.7019042372703552,0.4272460639476776,0.3967284858226776,80.0,3400.0,1.0,O,M,O,0
153708.3125,153814.96875,154040.90625,153930.75,154054.125,154272.828125,154121.984375,154203.171875,-0.512451171875,-0.00146484375,-0.810791015625,-0.7019042372703552,0.4577636420726776,0.3967284858226776,80.0,3401.0,1.0,O,M,O,0
152967.5625,153073.96875,153299.984375,153190.375,153313.578125,153532.4375,153381.609375,153462.4375,-0.513671875,-0.000244140625,-0.811279296875,-0.7324218153953552,0.4882812201976776,0.4272460639476776,80.0,3402.0,1.0,O,M,O,0
152555.21875,152661.4375,152887.640625,152778.03125,152901.40625,153119.921875,152969.53125,153050.0,-0.514404296875,0.00146484375,-0.81005859375,-0.7019042372703552,0.4882812201976776,0.4272460639476776,80.0,3403.0,1.0,O,M,O,0
153282.734375,153389.21875,153615.140625,153505.53125,153628.90625,153847.328125,153697.125,153777.59375,-0.513916015625,0.00048828125,-0.812744140625,-0.7934569716453552,0.4272460639476776,0.5798339247703552,80.0,3404.0,1.0,O,M,O,0
153829.890625,153936.5625,154162.140625,154052.4375,154176.078125,154394.5,154244.203125,154324.765625,-0.513671875,0.0009765625,-0.811279296875,-0.7934569716453552,0.4272460639476776,0.5493163466453552,80.0,3405.0,1.0,O,M,O,0
153212.546875,153318.84375,153544.875,153435.25,153558.8125,153776.796875,153626.59375,153707.40625,-0.514892578125,0.0,-0.809814453125,-0.7934569716453552,0.5187987685203552,0.4882812201976776,80.0,3406.0,1.0,O,M,O,0
152628.265625,152734.84375,152960.859375,152851.515625,152974.90625,153192.6875,153043.03125,153123.3125,-0.514892578125,-0.000732421875,-0.810791015625,-0.7019042372703552,0.5187987685203552,0.5187987685203552,80.0,3407.0,1.0,O,M,O,0
153213.703125,153320.71875,153546.203125,153437.140625,153560.25,153778.3125,153628.828125,153709.375,-0.513671875,0.00048828125,-0.808349609375,-0.5493163466453552,0.5798339247703552,0.4577636420726776,80.0,3408.0,1.0,O,M,O,0
153914.296875,154021.59375,154247.15625,154137.8125,154260.921875,154479.265625,154329.6875,154410.0625,-0.51318359375,-0.001220703125,-0.80859375,-0.6713866591453552,0.4577636420726776,0.5187987685203552,80.0,3409.0,1.0,O,M,O,0
153459.84375,153566.6875,153792.34375,153682.90625,153806.46875,154024.625,153874.15625,153955.0625,-0.511962890625,0.001220703125,-0.812255859375,-0.8239745497703552,0.4882812201976776,0.4882812201976776,80.0,3410.0,1.0,O,M,O,0
152742.171875,152849.015625,153074.671875,152965.421875,153088.796875,153306.78125,153156.484375,153237.390625,-0.5126953125,0.0009765625,-0.809326171875,-0.7934569716453552,0.4882812201976776,0.5493163466453552,80.0,3411.0,1.0,O,M,O,0
153147.28125,153254.46875,153480.234375,153370.609375,153494.078125,153712.15625,153562.125,153642.5,-0.514892578125,0.000732421875,-0.813720703125,-0.7629393935203552,0.4577636420726776,0.5187987685203552,80.0,3412.0,1.0,O,M,O,0
153958.28125,154065.3125,154290.796875,154181.171875,154304.828125,154522.796875,154372.6875,154453.6875,-0.513671875,0.002197265625,-0.811767578125,-0.7019042372703552,0.4577636420726776,0.4577636420726776,80.0,3413.0,1.0,O,M,O,0
153698.921875,153805.578125,154031.25,153921.8125,154044.921875,154263.4375,154113.046875,154194.328125,-0.5126953125,0.002197265625,-0.813232421875,-0.7324218153953552,0.3967284858226776,0.4577636420726776,80.0,3414.0,1.0,O,M,O,0
152896.3125,153002.96875,153228.90625,153119.109375,153242.21875,153460.640625,153310.4375,153391.453125,-0.511474609375,0.00048828125,-0.808837890625,-0.7629393935203552,0.3967284858226776,0.5187987685203552,80.0,3415.0,1.0,O,M,O,0
153095.953125,153202.96875,153428.734375,153318.765625,153442.3125,153660.734375,153510.359375,153591.359375,-0.5126953125,-0.00048828125,-0.811279296875,-0.7324218153953552,0.3967284858226776,0.4272460639476776,80.0,3416.0,1.0,O,M,O,0
153963.828125,154071.390625,154297.046875,154186.71875,154310.375,154528.875,154378.234375,154459.765625,-0.51318359375,-0.00048828125,-0.808837890625,-0.5798339247703552,0.4272460639476776,0.4272460639476776,80.0,3417.0,1.0,O,M,O,0
153916.53125,154023.734375,154249.125,154139.25,154262.71875,154481.3125,154331.03125,154412.203125,-0.512451171875,-0.00048828125,-0.809326171875,-0.6713866591453552,0.4272460639476776,0.4577636420726776,80.0,3418.0,1.0,O,M,O,0
153085.234375,153191.984375,153417.90625,153307.84375,153431.234375,153649.921875,153499.984375,153580.453125,-0.514404296875,0.00146484375,-0.81005859375,-0.7019042372703552,0.5187987685203552,0.4577636420726776,80.0,3419.0,1.0,O,M,O,0
153069.140625,153175.796875,153401.90625,153292.109375,153415.40625,153633.734375,153483.625,153564.1875,-0.51611328125,0.00048828125,-0.811279296875,-0.7019042372703552,0.5493163466453552,0.4577636420726776,80.0,3420.0,1.0,O,M,O,0
153941.296875,154048.234375,154273.890625,154164.28125,154287.75,154506.34375,154356.0625,154436.875,-0.511962890625,0.001708984375,-0.813720703125,-0.7019042372703552,0.4882812201976776,0.4272460639476776,80.0,3421.0,1.0,O,M,O,0
154110.640625,154217.828125,154443.3125,154333.4375,154457.265625,154675.6875,154525.125,154606.484375,-0.5146484375,0.00146484375,-0.8115234375,-0.6103515028953552,0.4272460639476776,0.3662109076976776,80.0,3422.0,1.0,O,M,O,0
153301.0625,153407.625,153633.921875,153523.765625,153647.515625,153865.75,153715.375,153796.375,-0.513671875,0.00146484375,-0.810302734375,-0.7324218153953552,0.5187987685203552,0.3967284858226776,80.0,3423.0,1.0,O,M,O,0
153069.40625,153176.421875,153402.625,153292.5625,153416.390625,153634.359375,153484.34375,153565.078125,-0.513916015625,0.002197265625,-0.810302734375,-0.7629393935203552,0.5493163466453552,0.3967284858226776,80.0,3424.0,1.0,O,M,O,0
153889.984375,153997.171875,154223.109375,154113.140625,154237.140625,154455.5625,154305.09375,154386.015625,-0.512939453125,0.0,-0.8095703125,-0.6713866591453552,0.5798339247703552,0.3967284858226776,80.0,3425.0,1.0,O,M,O,0
154267.546875,154374.5625,154600.140625,154489.984375,154614.09375,154832.59375,154681.953125,154763.21875,-0.512939453125,0.001708984375,-0.81005859375,-0.7324218153953552,0.5798339247703552,0.3967284858226776,80.0,3426.0,1.0,O,M,O,0
153536.46875,153643.65625,153869.0625,153759.171875,153882.921875,154101.609375,153951.046875,154032.046875,-0.5126953125,0.00146484375,-0.813720703125,-0.6713866591453552,0.5798339247703552,0.4577636420726776,80.0,3427.0,1.0,O,M,O,0
153107.125,153214.234375,153439.71875,153330.109375,153453.765625,153672.28125,153522.0625,153602.796875,-0.513427734375,0.00048828125,-0.814697265625,-0.7324218153953552,0.5187987685203552,0.4577636420726776,80.0,3428.0,1.0,O,M,O,0
153825.703125,153932.8125,154158.203125,154048.59375,154172.421875,154390.65625,154240.359375,154321.453125,-0.512939453125,0.00048828125,-0.811767578125,-0.6713866591453552,0.5493163466453552,0.5187987685203552,80.0,3429.0,1.0,O,M,O,0
154387.890625,154495.09375,154720.21875,154610.953125,154734.421875,154952.765625,154802.375,154883.65625,-0.51318359375,0.0,-0.812255859375,-0.6713866591453552,0.4272460639476776,0.4577636420726776,80.0,3430.0,1.0,O,M,O,0
153783.3125,153889.53125,154115.375,154006.03125,154129.5,154347.921875,154197.625,154278.546875,-0.51318359375,0.000244140625,-0.81103515625,-0.6103515028953552,0.4272460639476776,0.4882812201976776,80.0,3431.0,1.0,O,M,O,0
153185.453125,153291.484375,153517.6875,153408.078125,153531.546875,153749.96875,153599.5,153680.59375,-0.514404296875,0.000732421875,-0.8125,-0.6408690810203552,0.4577636420726776,0.5187987685203552,80.0,3432.0,1.0,O,M,O,0
153756.046875,153862.53125,154088.015625,153978.671875,154102.140625,154320.390625,154170.625,154251.546875,-0.513916015625,0.000732421875,-0.8134765625,-0.6408690810203552,0.3967284858226776,0.4577636420726776,80.0,3433.0,1.0,O,M,O,0
154467.109375,154573.859375,154799.34375,154690.0,154813.203125,155031.703125,154881.859375,154962.78125,-0.513916015625,-0.00048828125,-0.812744140625,-0.7629393935203552,0.4272460639476776,0.4882812201976776,80.0,3434.0,1.0,O,M,O,0
154029.546875,154136.65625,154362.3125,154252.703125,154375.546875,154594.234375,154444.484375,154525.3125,-0.513427734375,-0.00244140625,-0.8115234375,-0.7324218153953552,0.4272460639476776,0.4272460639476776,80.0,3435.0,1.0,O,M,O,0
153304.28125,153410.84375,153636.59375,153527.34375,153650.640625,153868.609375,153718.671875,153799.671875,-0.514892578125,-0.001220703125,-0.808837890625,-0.6713866591453552,0.5187987685203552,0.4577636420726776,80.0,3436.0,1.0,O,M,O,0
153690.0625,153797.078125,154022.390625,153912.875,154036.421875,154254.40625,154104.375,154185.5625,-0.515380859375,-0.000244140625,-0.8095703125,-0.6408690810203552,0.4272460639476776,0.4272460639476776,80.0,3437.0,1.0,O,M,O,0
154505.453125,154613.015625,154838.234375,154728.34375,154851.90625,155070.234375,154920.125,155001.578125,-0.515869140625,0.000732421875,-0.808349609375,-0.6408690810203552,0.5187987685203552,0.4272460639476776,80.0,3438.0,1.0,O,M,O,0
154263.34375,154370.1875,154596.03125,154486.140625,154609.609375,154827.765625,154678.015625,154758.921875,-0.51318359375,0.001708984375,-0.8095703125,-0.7629393935203552,0.4577636420726776,0.4882812201976776,80.0,3439.0,1.0,O,M,O,0
153457.515625,153564.09375,153789.75,153680.234375,153803.875,154021.9375,153871.734375,153953.09375,-0.513916015625,0.0009765625,-0.806396484375,-0.8239745497703552,0.4882812201976776,0.5798339247703552,80.0,3440.0,1.0,O,M,O,0
153640.171875,153747.28125,153972.953125,153863.0625,153986.453125,154204.609375,154054.21875,154135.765625,-0.513427734375,0.001220703125,-0.808837890625,-0.7629393935203552,0.5187987685203552,0.5798339247703552,80.0,3441.0,1.0,O,M,O,0
154511.0,154618.5625,154843.6875,154733.796875,154857.1875,155075.609375,154925.671875,155006.578125,-0.5126953125,0.001220703125,-0.810791015625,-0.6713866591453552,0.5187987685203552,0.3967284858226776,80.0,3442.0,1.0,O,M,O,0
154480.328125,154587.4375,154812.65625,154703.140625,154826.421875,155045.125,154894.921875,154976.09375,-0.512939453125,-0.00146484375,-0.809814453125,-0.6713866591453552,0.4882812201976776,0.4577636420726776,80.0,3443.0,1.0,O,M,O,0
153648.21875,153755.328125,153980.90625,153871.203125,153994.859375,154213.09375,154062.984375,154143.8125,-0.511962890625,-0.0009765625,-0.80859375,-0.6713866591453552,0.4272460639476776,0.4272460639476776,80.0,3444.0,1.0,O,M,O,0
153613.359375,153720.90625,153946.390625,153836.421875,153959.984375,154178.3125,154028.203125,154109.03125,-0.510986328125,0.000244140625,-0.81201171875,-0.7934569716453552,0.4882812201976776,0.4882812201976776,80.0,3445.0,1.0,O,M,O,0
154482.84375,154590.125,154815.25,154705.28125,154828.75,155047.4375,154897.421875,154978.328125,-0.51220703125,0.0,-0.814697265625,-0.7324218153953552,0.3662109076976776,0.4577636420726776,80.0,3446.0,1.0,O,M,O,0
154670.59375,154778.0625,155002.828125,154892.953125,155016.859375,155235.28125,155085.34375,155166.171875,-0.51220703125,0.001220703125,-0.813720703125,-0.7934569716453552,0.3967284858226776,0.3051757514476776,80.0,3447.0,1.0,O,M,O,0
153867.1875,153974.296875,154199.328125,154089.625,154213.28125,154431.515625,154281.84375,154362.5,-0.514404296875,-0.000732421875,-0.813232421875,-0.7629393935203552,0.4882812201976776,0.3051757514476776,80.0,3448.0,1.0,O,M,O,0
153616.484375,153723.140625,153948.8125,153839.203125,153962.484375,154181.09375,154031.15625,154111.703125,-0.515380859375,0.001220703125,-0.814697265625,-0.7019042372703552,0.4272460639476776,0.4272460639476776,80.0,3449.0,1.0,O,M,O,0
154430.984375,154537.90625,154763.484375,154653.78125,154777.171875,154995.671875,154845.65625,154926.46875,-0.51416015625,0.001953125,-0.81591796875,-0.7934569716453552,0.3967284858226776,0.3967284858226776,80.0,3450.0,1.0,O,M,O,0
154824.734375,154931.84375,155156.703125,155047.4375,155170.734375,155389.25,155238.953125,155320.765625,-0.5146484375,-0.000244140625,-0.813232421875,-0.7019042372703552,0.4577636420726776,0.4577636420726776,80.0,3451.0,1.0,O,M,O,0
154103.578125,154210.5,154435.90625,154326.28125,154449.75,154668.359375,154517.703125,154599.25,-0.51416015625,0.00146484375,-0.810302734375,-0.7324218153953552,0.3967284858226776,0.4272460639476776,80.0,3452.0,1.0,O,M,O,0
153658.234375,153765.171875,153990.921875,153881.21875,154004.515625,154223.109375,154072.734375,154153.46875,-0.51416015625,-0.00048828125,-0.812255859375,-0.7019042372703552,0.4577636420726776,0.5493163466453552,80.0,3453.0,1.0,O,M,O,0
154367.140625,154474.078125,154699.46875,154589.953125,154713.328125,154931.921875,154781.453125,154862.28125,-0.514892578125,-0.001220703125,-0.8125,-0.5798339247703552,0.4272460639476776,0.4882812201976776,80.0,3454.0,1.0,O,M,O,0
154942.125,155049.3125,155274.09375,155164.75,155288.125,155506.90625,155356.34375,155437.96875,-0.514404296875,0.00048828125,-0.810302734375,-0.5798339247703552,0.4577636420726776,0.4577636420726776,80.0,3455.0,1.0,O,M,O,0
154351.234375,154458.609375,154683.5625,154574.296875,154697.6875,154916.28125,154765.984375,154847.078125,-0.51318359375,0.000244140625,-0.8115234375,-0.8239745497703552,0.4577636420726776,0.4882812201976776,80.0,3456.0,1.0,O,M,O,0
153739.59375,153846.625,154071.75,153962.75,154086.046875,154304.203125,154154.265625,154235.359375,-0.5146484375,0.000244140625,-0.810791015625,-0.7934569716453552,0.4272460639476776,0.4882812201976776,80.0,3457.0,1.0,O,M,O,0
154293.5625,154400.40625,154625.4375,154516.1875,154639.75,154858.078125,154707.78125,154788.96875,-0.51318359375,-0.000732421875,-0.81201171875,-0.7629393935203552,0.4577636420726776,0.3051757514476776,80.0,3458.0,1.0,O,M,O,0
155016.328125,155123.4375,155348.390625,155238.953125,155362.875,155581.296875,155430.8125,155511.828125,-0.51318359375,0.000732421875,-0.8125,-0.7019042372703552,0.3356933295726776,0.4577636420726776,80.0,3459.0,1.0,O,M,O,0
154593.796875,154701.265625,154926.296875,154816.59375,154940.328125,155158.75,155008.46875,155089.640625,-0.51416015625,0.0,-0.810302734375,-0.7629393935203552,0.3967284858226776,0.4882812201976776,80.0,3460.0,1.0,O,M,O,0
153859.21875,153966.25,154191.640625,154082.109375,154205.40625,154423.46875,154273.796875,154354.984375,-0.513427734375,0.00048828125,-0.808837890625,-0.7019042372703552,0.4577636420726776,0.4272460639476776,80.0,3461.0,1.0,O,M,O,0
154227.140625,154334.0625,154559.453125,154449.84375,154573.140625,154791.203125,154641.71875,154722.890625,-0.51318359375,0.001953125,-0.81103515625,-0.6103515028953552,0.5187987685203552,0.3356933295726776,80.0,3462.0,1.0,O,M,O,0
155049.046875,155156.078125,155381.015625,155271.40625,155394.875,155613.5625,155463.359375,155544.8125,-0.5126953125,0.00146484375,-0.812255859375,-0.7324218153953552,0.3967284858226776,0.4577636420726776,80.0,3463.0,1.0,O,M,O,0
154825.265625,154932.734375,155157.140625,155047.703125,155171.265625,155390.140625,155239.671875,155320.9375,-0.513916015625,0.000732421875,-0.810302734375,-0.8239745497703552,0.3967284858226776,0.4577636420726776,80.0,3464.0,1.0,O,M,O,0
154014.078125,154121.453125,154346.3125,154236.96875,154360.265625,154578.59375,154428.484375,154509.65625,-0.513427734375,0.000732421875,-0.810791015625,-0.7324218153953552,0.3967284858226776,0.4882812201976776,80.0,3465.0,1.0,O,M,O,0
154175.71875,154282.75,154507.609375,154398.171875,154522.0,154740.0625,154590.21875,154671.3125,-0.512939453125,0.002685546875,-0.809814453125,-0.7019042372703552,0.4577636420726776,0.5187987685203552,80.0,3466.0,1.0,O,M,O,0
155048.515625,155155.71875,155380.65625,155270.78125,155394.78125,155612.9375,155463.1875,155544.359375,-0.513671875,0.0009765625,-0.810302734375,-0.7324218153953552,0.4882812201976776,0.4882812201976776,80.0,3467.0,1.0,O,M,O,0
155037.875,155145.4375,155370.46875,155260.59375,155384.0625,155602.578125,155452.546875,155533.734375,-0.5126953125,0.001220703125,-0.8095703125,-0.7934569716453552,0.3356933295726776,0.4577636420726776,80.0,3468.0,1.0,O,M,O,0
154203.4375,154310.90625,154536.296875,154426.421875,154549.890625,154768.21875,154618.46875,154699.296875,-0.5126953125,0.002685546875,-0.80859375,-0.7934569716453552,0.3356933295726776,0.4882812201976776,80.0,3469.0,1.0,O,M,O,0
154151.5,154258.875,154484.53125,154374.46875,154497.859375,154716.1875,154566.703125,154647.171875,-0.512939453125,0.0029296875,-0.81201171875,-0.7934569716453552,0.3662109076976776,0.4577636420726776,80.0,3470.0,1.0,O,M,O,0
155019.375,155127.1875,155352.140625,155242.265625,155365.640625,155584.0625,155434.578125,155515.3125,-0.51513671875,0.002685546875,-0.810302734375,-0.8239745497703552,0.4577636420726776,0.4882812201976776,80.0,3471.0,1.0,O,M,O,0
155224.109375,155331.84375,155556.609375,155446.90625,155570.65625,155788.890625,155639.234375,155720.5,-0.514404296875,-0.000244140625,-0.812255859375,-0.7934569716453552,0.4577636420726776,0.4272460639476776,80.0,3472.0,1.0,O,M,O,0
154423.109375,154530.9375,154755.96875,154646.1875,154769.5625,154988.078125,154837.96875,154919.328125,-0.51318359375,0.000244140625,-0.810546875,-0.7934569716453552,0.4577636420726776,0.4882812201976776,80.0,3473.0,1.0,O,M,O,0
154157.671875,154265.046875,154490.078125,154380.203125,154503.84375,154722.1875,154572.15625,154653.515625,-0.51220703125,0.00048828125,-0.80859375,-0.7324218153953552,0.5187987685203552,0.4272460639476776,80.0,3474.0,1.0,O,M,O,0
154964.390625,155072.125,155296.703125,155187.359375,155310.921875,155529.34375,155379.328125,155460.5,-0.51513671875,0.00048828125,-0.80712890625,-0.6713866591453552,0.5187987685203552,0.3967284858226776,80.0,3475.0,1.0,O,M,O,0
155371.625,155479.09375,155703.78125,155594.34375,155717.734375,155936.421875,155786.390625,155867.484375,-0.514892578125,0.0,-0.810546875,-0.6713866591453552,0.5187987685203552,0.4272460639476776,80.0,3476.0,1.0,O,M,O,0
154657.453125,154764.5625,154989.953125,154879.890625,155003.453125,155222.234375,155072.296875,155153.5625,-0.514404296875,0.0,-0.81201171875,-0.6713866591453552,0.4577636420726776,0.4272460639476776,80.0,3477.0,1.0,O,M,O,0
154197.453125,154304.65625,154529.59375,154420.078125,154543.8125,154762.234375,154612.296875,154693.390625,-0.51416015625,0.0,-0.811279296875,-0.8239745497703552,0.3967284858226776,0.4882812201976776,80.0,3478.0,1.0,O,M,O,0
154893.84375,155001.21875,155225.90625,155116.546875,155240.203125,155458.625,155308.515625,155389.609375,-0.5126953125,0.00146484375,-0.8125,-0.8239745497703552,0.3967284858226776,0.5493163466453552,80.0,3479.0,1.0,O,M,O,0
155484.375,155591.9375,155816.4375,155707.0,155830.375,156049.25,155899.046875,155980.21875,-0.513427734375,0.00048828125,-0.8095703125,-0.8544921278953552,0.4882812201976776,0.4272460639476776,80.0,3480.0,1.0,O,M,O,0
154906.359375,155013.921875,155238.5,155129.078125,155252.71875,155471.5,155321.203125,155402.296875,-0.512939453125,-0.00048828125,-0.8115234375,-0.7934569716453552,0.5493163466453552,0.3662109076976776,80.0,3481.0,1.0,O,M,O,0
154283.90625,154390.921875,154616.140625,154506.984375,154630.359375,154848.515625,154698.484375,154779.484375,-0.513671875,0.000244140625,-0.81396484375,-0.6713866591453552,0.4577636420726776,0.4272460639476776,80.0,3482.0,1.0,O,M,O,0
154824.8125,154931.84375,155156.78125,155047.890625,155171.09375,155389.421875,155239.484375,155320.40625,-0.51220703125,0.0009765625,-0.81640625,-0.6408690810203552,0.3967284858226776,0.4272460639476776,80.0,3483.0,1.0,O,M,O,0
155558.21875,155665.25,155889.828125,155780.765625,155903.96875,156122.5625,155972.8125,156053.8125,-0.51220703125,0.001953125,-0.81396484375,-0.7324218153953552,0.4272460639476776,0.4882812201976776,80.0,3484.0,1.0,O,M,O,0
155151.328125,155258.625,155482.9375,155374.046875,155497.421875,155715.21875,155565.5625,155646.921875,-0.514404296875,0.001220703125,-0.814697265625,-0.7934569716453552,0.4882812201976776,0.4272460639476776,80.0,3485.0,1.0,O,M,O,0
154407.015625,154514.390625,154739.25,154629.828125,154753.5625,154971.453125,154821.421875,154902.78125,-0.51416015625,0.0029296875,-0.81298828125,-0.7019042372703552,0.5187987685203552,0.4272460639476776,80.0,3486.0,1.0,O,M,O,0
154760.453125,154867.734375,155092.421875,154982.890625,155106.546875,155324.96875,155174.84375,155256.203125,-0.5146484375,0.002685546875,-0.809814453125,-0.7019042372703552,0.4882812201976776,0.4577636420726776,80.0,3487.0,1.0,O,M,O,0
155590.5,155698.234375,155922.375,155812.9375,155936.328125,156155.109375,156004.984375,156086.359375,-0.513916015625,0.0,-0.8125,-0.7019042372703552,0.4577636420726776,0.3967284858226776,80.0,3488.0,1.0,O,M,O,0
155383.171875,155490.90625,155715.3125,155605.796875,155729.34375,155948.390625,155797.828125,155879.203125,-0.513671875,-0.001708984375,-0.811279296875,-0.7934569716453552,0.4577636420726776,0.4577636420726776,80.0,3489.0,1.0,O,M,O,0
154569.109375,154676.578125,154901.4375,154791.921875,154915.203125,155133.90625,154983.34375,155064.703125,-0.51416015625,-0.0009765625,-0.81103515625,-0.7324218153953552,0.4577636420726776,0.4577636420726776,80.0,3490.0,1.0,O,M,O,0
154713.59375,154820.796875,155045.46875,154936.125,155059.25,155277.84375,155127.546875,155209.0,-0.515869140625,0.002197265625,-0.81298828125,-0.6713866591453552,0.5187987685203552,0.3662109076976776,80.0,3491.0,1.0,O,M,O,0
155587.109375,155694.484375,155918.984375,155809.546875,155933.015625,156151.171875,156000.96875,156082.6875,-0.513427734375,0.001953125,-0.8154296875,-0.7324218153953552,0.4882812201976776,0.3967284858226776,80.0,3492.0,1.0,O,M,O,0
155594.078125,155701.640625,155926.046875,155816.515625,155940.078125,156158.6875,156008.03125,156090.015625,-0.513916015625,0.001708984375,-0.81298828125,-0.6713866591453552,0.4882812201976776,0.3967284858226776,80.0,3493.0,1.0,O,M,O,0
154760.71875,154867.734375,155093.046875,154983.0625,155106.546875,155325.046875,155174.9375,155256.46875,-0.51416015625,0.00048828125,-0.814453125,-0.7019042372703552,0.4272460639476776,0.3051757514476776,80.0,3494.0,1.0,O,M,O,0
154686.234375,154793.703125,155018.921875,154908.328125,155032.15625,155250.484375,155100.546875,155181.90625,-0.513427734375,0.000732421875,-0.81103515625,-0.7019042372703552,0.3967284858226776,0.3967284858226776,80.0,3495.0,1.0,O,M,O,0
155550.984375,155658.890625,155883.578125,155773.421875,155897.078125,156115.40625,155965.46875,156047.1875,-0.51513671875,0.0009765625,-0.8125,-0.6408690810203552,0.3967284858226776,0.4577636420726776,80.0,3496.0,1.0,O,M,O,0
155777.265625,155884.828125,156109.328125,155999.71875,156123.09375,156341.34375,156191.671875,156273.390625,-0.51220703125,0.000732421875,-0.811767578125,-0.7324218153953552,0.4577636420726776,0.5187987685203552,80.0,3497.0,1.0,O,M,O,0
154982.625,155089.90625,155314.953125,155204.984375,155328.71875,155546.875,155397.109375,155478.46875,-0.5126953125,0.00244140625,-0.8125,-0.6408690810203552,0.4882812201976776,0.4882812201976776,80.0,3498.0,1.0,O,M,O,0
154695.265625,154802.734375,155027.765625,154918.078125,155041.625,155259.96875,155109.84375,155191.125,-0.51416015625,0.0,-0.8154296875,-0.7019042372703552,0.5187987685203552,0.4272460639476776,80.0,3499.0,1.0,O,M,O,0
155494.75,155601.9375,155826.625,155717.09375,155840.921875,156059.265625,155908.875,155990.421875,-0.5126953125,-0.000732421875,-0.810302734375,-0.6408690810203552,0.4577636420726776,0.3356933295726776,80.0,3500.0,1.0,O,M,O,0
155922.203125,156029.578125,156253.984375,156144.46875,156268.390625,156486.53125,156336.421875,156418.046875,-0.513427734375,-0.00048828125,-0.80908203125,-0.6408690810203552,0.3967284858226776,0.4272460639476776,80.0,3501.0,1.0,O,M,O,0
155218.65625,155326.03125,155550.71875,155441.015625,155564.84375,155783.0,155632.875,155714.421875,-0.514892578125,0.000732421875,-0.8115234375,-0.7324218153953552,0.3356933295726776,0.4272460639476776,80.0,3502.0,1.0,O,M,O,0
154741.578125,154848.78125,155073.90625,154964.109375,155088.03125,155306.28125,155156.078125,155237.34375,-0.51220703125,0.002197265625,-0.810546875,-0.8239745497703552,0.3356933295726776,0.4882812201976776,80.0,3503.0,1.0,O,M,O,0
155424.5625,155532.125,155756.796875,155647.1875,155771.109375,155989.171875,155838.96875,155920.6875,-0.512451171875,0.00146484375,-0.8115234375,-0.6713866591453552,0.4577636420726776,0.4577636420726776,80.0,3504.0,1.0,O,M,O,0
156028.234375,156135.703125,156360.296875,156250.859375,156374.234375,156592.65625,156442.8125,156524.53125,-0.511474609375,0.0009765625,-0.81396484375,-0.7324218153953552,0.3967284858226776,0.4577636420726776,80.0,3505.0,1.0,O,M,O,0
155462.734375,155570.5625,155795.0625,155685.1875,155809.015625,156027.171875,155877.40625,155959.21875,-0.513671875,0.00146484375,-0.8134765625,-0.7629393935203552,0.4272460639476776,0.4272460639476776,80.0,3506.0,1.0,O,M,O,0
154829.296875,154936.84375,155161.703125,155051.734375,155175.46875,155393.984375,155243.59375,155325.3125,-0.512939453125,0.00048828125,-0.81005859375,-0.6103515028953552,0.3356933295726776,0.4272460639476776,80.0,3507.0,1.0,O,M,O,0
155356.078125,155463.90625,155688.3125,155578.515625,155702.34375,155921.21875,155770.65625,155852.109375,-0.512939453125,0.000244140625,-0.811767578125,-0.6103515028953552,0.3967284858226776,0.4577636420726776,80.0,3508.0,1.0,O,M,O,0
156098.953125,156206.609375,156430.75,156320.953125,156444.78125,156663.921875,156513.359375,156595.171875,-0.513916015625,0.0,-0.81005859375,-0.6408690810203552,0.3662109076976776,0.4272460639476776,80.0,3509.0,1.0,O,M,O,0
155708.15625,155816.078125,156040.484375,155930.78125,156054.078125,156273.21875,156123.09375,156204.453125,-0.51513671875,0.002685546875,-0.811279296875,-0.6713866591453552,0.4882812201976776,0.4577636420726776,80.0,3510.0,1.0,O,M,O,0
154956.15625,155063.53125,155288.3125,155178.6875,155302.078125,155520.859375,155370.828125,155452.015625,-0.514404296875,0.0009765625,-0.81005859375,-0.6713866591453552,0.4882812201976776,0.5187987685203552,80.0,3511.0,1.0,O,M,O,0
155289.921875,155397.203125,155622.328125,155512.453125,155635.921875,155854.78125,155704.40625,155785.765625,-0.513916015625,0.00048828125,-0.8095703125,-0.6408690810203552,0.3967284858226776,0.4577636420726776,80.0,3512.0,1.0,O,M,O,0
156124.34375,156232.265625,156456.59375,156346.890625,156470.359375,156689.578125,156538.9375,156620.5625,-0.512939453125,-0.0009765625,-0.810791015625,-0.5798339247703552,0.4577636420726776,0.5493163466453552,80.0,3513.0,1.0,O,M,O,0
155937.9375,156045.765625,156270.53125,156160.109375,156284.203125,156502.8125,156352.609375,156434.234375,-0.5126953125,-0.000732421875,-0.81005859375,-0.7324218153953552,0.4272460639476776,0.4272460639476776,80.0,3514.0,1.0,O,M,O,0
155118.796875,155226.34375,155451.296875,155341.40625,155465.234375,155683.578125,155533.375,155614.640625,-0.5146484375,-0.0009765625,-0.81103515625,-0.7324218153953552,0.4577636420726776,0.3051757514476776,80.0,3515.0,1.0,O,M,O,0
155241.359375,155349.1875,155574.234375,155464.171875,155588.09375,155806.5,155656.296875,155737.390625,-0.512939453125,-0.000732421875,-0.814208984375,-0.7324218153953552,0.4882812201976776,0.4577636420726776,80.0,3516.0,1.0,O,M,O,0
156116.921875,156224.9375,156449.25,156339.640625,156463.375,156682.078125,156531.78125,156613.140625,-0.513427734375,-0.000244140625,-0.810546875,-0.7629393935203552,0.4272460639476776,0.3662109076976776,80.0,3517.0,1.0,O,M,O,0
156147.234375,156255.421875,156479.65625,156370.21875,156493.6875,156712.46875,156562.09375,156643.796875,-0.51416015625,-0.000732421875,-0.810546875,-0.8544921278953552,0.4272460639476776,0.3662109076976776,80.0,3518.0,1.0,O,M,O,0
155317.359375,155425.359375,155649.6875,155540.078125,155663.90625,155882.234375,155731.859375,155813.484375,-0.51416015625,-0.00146484375,-0.8125,-0.7019042372703552,0.4882812201976776,0.3662109076976776,80.0,3519.0,1.0,O,M,O,0
155223.484375,155331.40625,155555.90625,155445.921875,155569.9375,155788.359375,155637.796875,155719.609375,-0.512451171875,0.0009765625,-0.808837890625,-0.7629393935203552,0.4882812201976776,0.5187987685203552,80.0,3520.0,1.0,O,M,O,0
156083.140625,156191.140625,156415.640625,156305.484375,156429.5,156648.28125,156497.796875,156579.4375,-0.513671875,0.002197265625,-0.808837890625,-0.7019042372703552,0.5187987685203552,0.5187987685203552,80.0,3521.0,1.0,O,M,O,0
156326.3125,156433.78125,156658.375,156548.578125,156672.328125,156891.28125,156740.625,156822.34375,-0.513427734375,0.001220703125,-0.8125,-0.7324218153953552,0.5187987685203552,0.3967284858226776,80.0,3522.0,1.0,O,M,O,0
155537.65625,155645.03125,155869.625,155760.015625,155883.390625,156102.359375,155951.796875,156033.15625,-0.512939453125,0.001953125,-0.8134765625,-0.7934569716453552,0.4882812201976776,0.3662109076976776,80.0,3523.0,1.0,O,M,O,0
155235.90625,155343.46875,155568.234375,155458.53125,155582.09375,155800.78125,155650.3125,155731.9375,-0.51416015625,0.001953125,-0.8125,-0.7629393935203552,0.4577636420726776,0.4882812201976776,80.0,3524.0,1.0,O,M,O,0
156026.265625,156134.1875,156358.859375,156248.984375,156372.359375,156591.5,156441.125,156522.65625,-0.512451171875,0.001953125,-0.81103515625,-0.7324218153953552,0.3967284858226776,0.3967284858226776,80.0,3525.0,1.0,O,M,O,0
156470.359375,156578.359375,156802.5,156692.703125,156816.625,157035.5,156885.03125,156966.75,-0.51171875,0.0,-0.810302734375,-0.7324218153953552,0.4577636420726776,0.4577636420726776,80.0,3526.0,1.0,O,M,O,0
155777.0,155884.46875,156109.515625,155999.265625,156123.28125,156341.96875,156191.21875,156272.765625,-0.51123046875,0.00146484375,-0.808837890625,-0.7629393935203552,0.4577636420726776,0.4272460639476776,80.0,3527.0,1.0,O,M,O,0
155285.09375,155392.28125,155617.859375,155507.359375,155631.453125,155850.140625,155699.390625,155780.765625,-0.511474609375,0.0,-0.807861328125,-0.7629393935203552,0.4272460639476776,0.4272460639476776,80.0,3528.0,1.0,O,M,O,0
155956.71875,156064.359375,156288.953125,156179.0625,156302.53125,156521.859375,156371.109375,156452.828125,-0.51318359375,0.000732421875,-0.808837890625,-0.7019042372703552,0.3967284858226776,0.5187987685203552,80.0,3529.0,1.0,O,M,O,0
156572.90625,156680.28125,156904.609375,156795.53125,156918.546875,157138.046875,156987.03125,157069.375,-0.512451171875,0.000244140625,-0.810791015625,-0.6713866591453552,0.4577636420726776,0.4577636420726776,80.0,3530.0,1.0,O,M,O,0
156021.078125,156128.640625,156353.234375,156243.96875,156367.09375,156586.3125,156435.484375,156517.46875,-0.51220703125,0.001220703125,-0.815185546875,-0.7324218153953552,0.4272460639476776,0.4272460639476776,80.0,3531.0,1.0,O,M,O,0
155374.671875,155482.234375,155707.0,155597.46875,155720.59375,155939.90625,155789.078125,155870.875,-0.51318359375,0.000244140625,-0.81494140625,-0.7324218153953552,0.3356933295726776,0.4882812201976776,80.0,3532.0,1.0,O,M,O,0
155884.109375,155992.109375,156216.703125,156106.828125,156230.203125,156449.171875,156298.515625,156380.234375,-0.513916015625,0.002197265625,-0.814453125,-0.6408690810203552,0.3051757514476776,0.4882812201976776,80.0,3533.0,1.0,O,M,O,0
156636.390625,156744.203125,156968.53125,156858.65625,156982.75,157201.078125,157050.875,157132.59375,-0.512939453125,-0.000732421875,-0.810546875,-0.7019042372703552,0.4577636420726776,0.5187987685203552,80.0,3534.0,1.0,O,M,O,0
156263.109375,156370.75,156594.90625,156485.28125,156609.375,156827.71875,156677.328125,156759.234375,-0.51220703125,-0.001220703125,-0.81298828125,-0.6408690810203552,0.5187987685203552,0.4882812201976776,80.0,3535.0,1.0,O,M,O,0
155501.453125,155609.1875,155833.59375,155723.984375,155847.8125,156066.234375,155915.765625,155997.21875,-0.515869140625,0.001220703125,-0.812255859375,-0.6408690810203552,0.4882812201976776,0.4272460639476776,80.0,3536.0,1.0,O,M,O,0
155819.296875,155926.9375,156151.703125,156042.09375,156165.65625,156384.078125,156233.6875,156315.234375,-0.5166015625,0.000732421875,-0.812255859375,-0.7629393935203552,0.4882812201976776,0.4882812201976776,80.0,3537.0,1.0,O,M,O,0
156659.890625,156767.71875,156991.953125,156882.34375,157005.8125,157224.59375,157074.125,157156.375,-0.514404296875,0.001708984375,-0.809814453125,-0.7324218153953552,0.5493163466453552,0.3967284858226776,80.0,3538.0,1.0,O,M,O,0
156489.21875,156597.140625,156821.09375,156711.75,156835.140625,157054.09375,156903.625,156985.703125,-0.514404296875,0.001708984375,-0.813720703125,-0.7629393935203552,0.5187987685203552,0.4272460639476776,80.0,3539.0,1.0,O,M,O,0
155666.140625,155773.515625,155998.375,155888.671875,156012.234375,156231.1875,156080.625,156162.34375,-0.513427734375,0.000732421875,-0.813720703125,-0.6713866591453552,0.4882812201976776,0.4272460639476776,80.0,3540.0,1.0,O,M,O,0
155771.90625,155879.203125,156104.046875,155994.703125,156118.09375,156336.6875,156186.75,156267.9375,-0.513671875,-0.000244140625,-0.8095703125,-0.7019042372703552,0.5187987685203552,0.3967284858226776,80.0,3541.0,1.0,O,M,O,0
156647.203125,156754.765625,156979.265625,156870.0,156993.46875,157212.25,157061.78125,157143.40625,-0.511474609375,0.0,-0.81298828125,-0.7629393935203552,0.4577636420726776,0.3967284858226776,80.0,3542.0,1.0,O,M,O,0
156695.03125,156802.328125,157026.734375,156917.484375,157041.046875,157259.8125,157109.34375,157191.15625,-0.511962890625,0.001220703125,-0.8134765625,-0.6713866591453552,0.5187987685203552,0.4272460639476776,80.0,3543.0,1.0,O,M,O,0
155866.59375,155973.703125,156198.640625,156089.21875,156212.59375,156431.1875,156281.171875,156362.53125,-0.51123046875,0.001953125,-0.81298828125,-0.6103515028953552,0.4882812201976776,0.3967284858226776,80.0,3544.0,1.0,O,M,O,0
155754.203125,155861.578125,156086.171875,155976.65625,156100.03125,156318.984375,156168.421875,156250.0625,-0.51318359375,0.001953125,-0.813232421875,-0.7019042372703552,0.4577636420726776,0.4577636420726776,80.0,3545.0,1.0,O,M,O,0
156609.109375,156717.296875,156941.265625,156832.09375,156955.828125,157174.171875,157023.96875,157105.328125,-0.512939453125,0.001708984375,-0.816162109375,-0.7629393935203552,0.5187987685203552,0.4882812201976776,80.0,3546.0,1.0,O,M,O,0
156869.828125,156977.921875,157202.15625,157092.890625,157216.09375,157434.78125,157284.671875,157366.21875,-0.51220703125,0.00048828125,-0.8125,-0.7629393935203552,0.4272460639476776,0.4577636420726776,80.0,3547.0,1.0,O,M,O,0
156088.234375,156196.234375,156420.5625,156311.03125,156434.328125,156653.015625,156502.90625,156584.4375,-0.514404296875,0.001708984375,-0.8115234375,-0.7629393935203552,0.4577636420726776,0.3967284858226776,80.0,3548.0,1.0,O,M,O,0
155766.625,155874.640625,156099.140625,155989.34375,156112.90625,156331.5,156181.125,156262.75,-0.5146484375,0.000244140625,-0.813232421875,-0.7324218153953552,0.4577636420726776,0.3662109076976776,80.0,3549.0,1.0,O,M,O,0
156548.234375,156656.140625,156880.28125,156770.765625,156894.234375,157112.921875,156962.625,157044.4375,-0.514404296875,0.000732421875,-0.8125,-0.7324218153953552,0.5187987685203552,0.3967284858226776,80.0,3550.0,1.0,O,M,O,0
157009.484375,157117.578125,157341.625,157232.015625,157355.578125,157574.265625,157424.140625,157505.953125,-0.51123046875,0.000244140625,-0.812744140625,-0.8239745497703552,0.4577636420726776,0.4882812201976776,80.0,3551.0,1.0,O,M,O,0
156325.515625,156433.515625,156657.65625,156548.046875,156671.515625,156890.296875,156740.09375,156821.90625,-0.51220703125,0.00048828125,-0.81005859375,-0.6713866591453552,0.4577636420726776,0.4272460639476776,80.0,3552.0,1.0,O,M,O,0
155820.640625,155928.453125,156152.953125,156043.171875,156166.90625,156385.421875,156235.390625,156316.65625,-0.51318359375,-0.000244140625,-0.81103515625,-0.6713866591453552,0.4882812201976776,0.4882812201976776,80.0,3553.0,1.0,O,M,O,0
156479.109375,156586.859375,156811.171875,156701.65625,156825.484375,157043.90625,156893.78125,156975.5,-0.51318359375,0.001220703125,-0.81201171875,-0.6713866591453552,0.4577636420726776,0.4577636420726776,80.0,3554.0,1.0,O,M,O,0
157110.6875,157218.515625,157442.65625,157333.3125,157456.78125,157675.46875,157525.53125,157607.25,-0.511474609375,0.00146484375,-0.813720703125,-0.6408690810203552,0.4577636420726776,0.3967284858226776,80.0,3555.0,1.0,O,M,O,0
156576.125,156684.125,156908.53125,156799.015625,156922.578125,157141.078125,156991.0625,157072.6875,-0.51171875,0.00048828125,-0.812255859375,-0.7629393935203552,0.4577636420726776,0.4272460639476776,80.0,3556.0,1.0,O,M,O,0
155915.5,156023.59375,156247.90625,156138.46875,156262.03125,156480.375,156330.34375,156411.875,-0.5126953125,-0.000732421875,-0.81298828125,-0.7324218153953552,0.5187987685203552,0.3967284858226776,80.0,3557.0,1.0,O,M,O,0
156407.59375,156515.328125,156739.5625,156629.765625,156753.5,156972.015625,156822.0,156903.625,-0.513671875,-0.000732421875,-0.813232421875,-0.7629393935203552,0.4882812201976776,0.3662109076976776,80.0,3558.0,1.0,O,M,O,0
157169.96875,157278.328125,157502.109375,157392.40625,157515.875,157735.1875,157584.359375,157666.4375,-0.513427734375,0.0,-0.81201171875,-0.7019042372703552,0.4272460639476776,0.4882812201976776,80.0,3559.0,1.0,O,M,O,0
156814.484375,156922.671875,157146.71875,157036.75,157160.484375,157379.625,157228.96875,157310.953125,-0.51416015625,0.001220703125,-0.811279296875,-0.6713866591453552,0.3967284858226776,0.4577636420726776,80.0,3560.0,1.0,O,M,O,0
156046.75,156154.21875,156378.71875,156268.921875,156392.578125,156611.171875,156461.0625,156542.78125,-0.51513671875,0.001953125,-0.814208984375,-0.7324218153953552,0.3967284858226776,0.4577636420726776,80.0,3561.0,1.0,O,M,O,0
156345.1875,156453.375,156677.328125,156567.625,156691.375,156910.0625,156760.21875,156841.484375,-0.514404296875,0.000244140625,-0.8125,-0.6713866591453552,0.3967284858226776,0.4882812201976776,80.0,3562.0,1.0,O,M,O,0
157190.796875,157298.890625,157522.671875,157412.96875,157536.53125,157755.40625,157604.921875,157686.921875,-0.511474609375,0.000732421875,-0.810791015625,-0.8239745497703552,0.4272460639476776,0.3662109076976776,80.0,3563.0,1.0,O,M,O,0
157041.21875,157149.40625,157373.546875,157263.9375,157387.046875,157606.09375,157455.4375,157537.6875,-0.51513671875,0.00048828125,-0.810302734375,-0.7629393935203552,0.4882812201976776,0.4272460639476776,80.0,3564.0,1.0,O,M,O,0
156217.15625,156324.890625,156549.484375,156439.78125,156562.890625,156782.203125,156631.5625,156713.265625,-0.514892578125,0.001220703125,-0.8125,-0.6713866591453552,0.4882812201976776,0.4882812201976776,80.0,3565.0,1.0,O,M,O,0
156300.125,156407.328125,156632.1875,156522.484375,156645.6875,156864.8125,156714.4375,156796.0625,-0.512939453125,-0.000244140625,-0.812255859375,-0.7019042372703552,0.5798339247703552,0.4272460639476776,80.0,3566.0,1.0,O,M,O,0
157176.9375,157284.578125,157509.0,157399.203125,157522.40625,157741.546875,157591.15625,157673.328125,-0.51318359375,0.0009765625,-0.811767578125,-0.7629393935203552,0.5493163466453552,0.4577636420726776,80.0,3567.0,1.0,O,M,O,0
157246.671875,157354.859375,157579.0,157469.203125,157592.59375,157811.453125,157661.25,157743.421875,-0.512451171875,0.000732421875,-0.809814453125,-0.7629393935203552,0.5187987685203552,0.4272460639476776,80.0,3568.0,1.0,O,M,O,0
156418.765625,156526.859375,156751.1875,156641.84375,156764.859375,156983.734375,156833.609375,156915.59375,-0.514404296875,0.001953125,-0.8125,-0.6713866591453552,0.4882812201976776,0.3967284858226776,80.0,3569.0,1.0,O,M,O,0
156286.09375,156394.09375,156618.140625,156508.890625,156632.265625,156851.046875,156700.75,156782.5625,-0.512939453125,0.00048828125,-0.810791015625,-0.6713866591453552,0.5187987685203552,0.4272460639476776,80.0,3570.0,1.0,O,M,O,0
157137.421875,157245.78125,157469.484375,157359.859375,157483.515625,157702.5625,157552.0,157634.25,-0.5126953125,0.000732421875,-0.8125,-0.6713866591453552,0.5187987685203552,0.4577636420726776,80.0,3571.0,1.0,O,M,O,0
157420.125,157528.484375,157752.1875,157642.65625,157766.046875,157985.171875,157834.53125,157916.875,-0.5126953125,0.000244140625,-0.8125,-0.7629393935203552,0.5187987685203552,0.4272460639476776,80.0,3572.0,1.0,O,M,O,0
156647.734375,156755.828125,156979.796875,156870.265625,156993.828125,157212.703125,157062.234375,157144.03125,-0.511474609375,0.000732421875,-0.812744140625,-0.7019042372703552,0.4577636420726776,0.4882812201976776,80.0,3573.0,1.0,O,M,O,0
156307.359375,156415.1875,156639.515625,156529.625,156653.1875,156871.796875,156721.671875,156803.390625,-0.51416015625,0.001220703125,-0.810791015625,-0.7324218153953552,0.4577636420726776,0.3662109076976776,80.0,3574.0,1.0,O,M,O,0
157079.390625,157187.21875,157411.1875,157301.125,157424.6875,157643.828125,157493.265625,157575.6875,-0.512939453125,0.000244140625,-0.80859375,-0.6408690810203552,0.3967284858226776,0.3967284858226776,80.0,3575.0,1.0,O,M,O,0
157557.359375,157665.546875,157889.15625,157779.453125,157902.921875,158122.328125,157971.3125,158054.109375,-0.512939453125,0.001708984375,-0.810546875,-0.7019042372703552,0.3967284858226776,0.4272460639476776,80.0,3576.0,1.0,O,M,O,0
156888.78125,156996.96875,157221.015625,157111.21875,157234.609375,157453.734375,157303.0,157385.171875,-0.511474609375,0.0009765625,-0.81103515625,-0.8239745497703552,0.3967284858226776,0.5493163466453552,80.0,3577.0,1.0,O,M,O,0
156363.0625,156470.984375,156694.765625,156585.515625,156708.890625,156928.125,156777.015625,156859.09375,-0.51318359375,-0.000244140625,-0.8134765625,-0.7324218153953552,0.4577636420726776,0.4272460639476776,80.0,3578.0,1.0,O,M,O,0
157003.9375,157111.671875,157336.078125,157226.46875,157349.765625,157569.4375,157418.0625,157500.5,-0.5126953125,0.0009765625,-0.8134765625,-0.6713866591453552,0.4577636420726776,0.3967284858226776,80.0,3579.0,1.0,O,M,O,0
157647.671875,157755.84375,157979.984375,157870.296875,157993.765625,158212.71875,158062.25,158144.765625,-0.514404296875,-0.000244140625,-0.812744140625,-0.7324218153953552,0.4272460639476776,0.3967284858226776,80.0,3580.0,1.0,O,M,O,0
157127.9375,157235.765625,157460.171875,157350.65625,157474.21875,157692.8125,157542.703125,157624.59375,-0.513671875,0.0009765625,-0.810546875,-0.7629393935203552,0.4882812201976776,0.5187987685203552,80.0,3581.0,1.0,O,M,O,0
156456.671875,156564.671875,156789.09375,156679.921875,156803.03125,157022.171875,156871.703125,156953.15625,-0.513916015625,-0.00244140625,-0.811279296875,-0.7019042372703552,0.5187987685203552,0.4577636420726776,80.0,3582.0,1.0,O,M,O,0
156930.53125,157038.71875,157262.765625,157153.15625,157276.8125,157495.578125,157345.203125,157427.015625,-0.51611328125,-0.001953125,-0.81396484375,-0.8239745497703552,0.5798339247703552,0.4577636420726776,80.0,3583.0,1.0,O,M,O,0
157702.109375,157810.203125,158034.078125,157924.375,158047.84375,158267.25,158116.34375,158198.40625,-0.51708984375,-0.001220703125,-0.81298828125,-0.7934569716453552,0.4882812201976776,0.4272460639476776,80.0,3584.0,1.0,O,M,O,0
157366.75,157474.84375,157698.71875,157588.65625,157712.578125,157931.796875,157780.96875,157862.78125,-0.513916015625,0.000244140625,-0.809326171875,-0.7324218153953552,0.4272460639476776,0.3967284858226776,80.0,3585.0,1.0,O,M,O,0
156590.515625,156698.609375,156922.75,156812.78125,156936.515625,157155.484375,157005.09375,157086.71875,-0.515625,0.0009765625,-0.808349609375,-0.6713866591453552,0.4577636420726776,0.3967284858226776,80.0,3586.0,1.0,O,M,O,0
156867.234375,156975.421875,157199.921875,157089.9375,157213.78125,157432.375,157282.171875,157363.796875,-0.51416015625,0.00146484375,-0.809814453125,-0.7019042372703552,0.4882812201976776,0.3967284858226776,80.0,3587.0,1.0,O,M,O,0
157719.1875,157827.109375,158051.34375,157941.453125,158064.84375,158284.15625,158133.328125,158215.578125,-0.512451171875,0.001953125,-0.811279296875,-0.7324218153953552,0.4272460639476776,0.4272460639476776,80.0,3588.0,1.0,O,M,O,0
157591.25,157699.4375,157923.484375,157813.515625,157937.25,158156.296875,158005.46875,158087.734375,-0.512451171875,0.000244140625,-0.8115234375,-0.7324218153953552,0.3662109076976776,0.4577636420726776,80.0,3589.0,1.0,O,M,O,0
156761.546875,156869.921875,157093.796875,156984.09375,157108.09375,157326.6875,157176.140625,157257.9375,-0.51220703125,0.001953125,-0.813720703125,-0.7629393935203552,0.3967284858226776,0.4577636420726776,80.0,3590.0,1.0,O,M,O,0
156824.5,156932.765625,157156.375,157046.9375,157170.671875,157390.078125,157239.34375,157320.890625,-0.51416015625,0.0009765625,-0.813232421875,-0.7934569716453552,0.4882812201976776,0.4882812201976776,80.0,3591.0,1.0,O,M,O,0
157701.9375,157810.296875,158034.0,157924.109375,158047.765625,158267.34375,158116.78125,158198.6875,-0.512451171875,0.001953125,-0.8125,-0.7629393935203552,0.5187987685203552,0.5187987685203552,80.0,3592.0,1.0,O,M,O,0
157788.578125,157896.75,158120.984375,158010.65625,158134.3125,158353.4375,158203.0625,158285.140625,-0.513427734375,0.00341796875,-0.81298828125,-0.7019042372703552,0.4882812201976776,0.4882812201976776,80.0,3593.0,1.0,O,M,O,0
156962.625,157070.640625,157295.140625,157184.890625,157308.453125,157527.59375,157377.203125,157459.015625,-0.51171875,0.00244140625,-0.814453125,-0.7629393935203552,0.4882812201976776,0.3967284858226776,80.0,3594.0,1.0,O,M,O,0
156810.734375,156918.734375,157142.609375,157032.90625,157156.546875,157375.421875,157224.859375,157307.296875,-0.511962890625,0.002685546875,-0.813232421875,-0.7324218153953552,0.4577636420726776,0.4272460639476776,80.0,3595.0,1.0,O,M,O,0
157658.03125,157766.484375,157990.0,157880.484375,158004.3125,158222.90625,158072.34375,158154.609375,-0.5126953125,0.00048828125,-0.813720703125,-0.6408690810203552,0.4577636420726776,0.4272460639476776,80.0,3596.0,1.0,O,M,O,0
157958.71875,158066.890625,158290.859375,158180.984375,158304.984375,158523.671875,158373.03125,158455.1875,-0.51513671875,0.0009765625,-0.812255859375,-0.7019042372703552,0.4577636420726776,0.4272460639476776,80.0,3597.0,1.0,O,M,O,0
157190.796875,157298.796875,157523.21875,157412.96875,157536.984375,157755.765625,157605.203125,157687.265625,-0.513427734375,0.00146484375,-0.81103515625,-0.7629393935203552,0.5187987685203552,0.4577636420726776,80.0,3598.0,1.0,O,M,O,0
156832.0,156940.359375,157164.515625,157054.71875,157178.28125,157397.234375,157246.671875,157328.65625,-0.515869140625,-0.00048828125,-0.81201171875,-0.6713866591453552,0.4577636420726776,0.3662109076976776,80.0,3599.0,1.0,O,M,O,0
157595.265625,157703.1875,157926.96875,157817.359375,157940.921875,158160.140625,158009.671875,158091.578125,-0.51513671875,0.00146484375,-0.81103515625,-0.7324218153953552,0.4882812201976776,0.4272460639476776,80.0,3600.0,1.0,O,M,O,0
158088.890625,158197.078125,158420.953125,158310.796875,158434.890625,158654.125,158503.46875,158585.640625,-0.5146484375,0.00048828125,-0.81201171875,-0.7019042372703552,0.4577636420726776,0.4272460639476776,80.0,3601.0,1.0,O,M,O,0
157430.140625,157538.140625,157762.28125,157652.3125,157776.140625,157995.09375,157844.625,157926.609375,-0.513671875,0.0009765625,-0.809326171875,-0.7629393935203552,0.3967284858226776,0.4577636420726776,80.0,3602.0,1.0,O,M,O,0
156891.28125,156999.203125,157223.875,157113.8125,157237.203125,157456.15625,157305.59375,157387.578125,-0.513427734375,0.001708984375,-0.810302734375,-0.8239745497703552,0.3662109076976776,0.4882812201976776,80.0,3603.0,1.0,O,M,O,0
157523.03125,157630.859375,157855.09375,157745.296875,157868.6875,158087.546875,157937.171875,158018.890625,-0.51171875,0.0,-0.8125,-0.7934569716453552,0.4272460639476776,0.4272460639476776,80.0,3604.0,1.0,O,M,O,0
158182.046875,158290.234375,158514.109375,158404.3125,158527.96875,158746.5625,158596.359375,158678.625,-0.511474609375,0.000732421875,-0.811279296875,-0.6713866591453552,0.4272460639476776,0.4882812201976776,80.0,3605.0,1.0,O,M,O,0
157674.75,157783.03125,158007.078125,157896.84375,158020.84375,158239.890625,158089.421875,158171.5,-0.512451171875,-0.001220703125,-0.8125,-0.7934569716453552,0.4882812201976776,0.4577636420726776,80.0,3606.0,1.0,O,M,O,0
156990.4375,157098.625,157322.578125,157212.703125,157336.703125,157555.75,157404.921875,157486.90625,-0.514892578125,0.0009765625,-0.81201171875,-0.7324218153953552,0.5493163466453552,0.4577636420726776,80.0,3607.0,1.0,O,M,O,0
157449.09375,157557.71875,157781.328125,157671.53125,157795.8125,158014.234375,157863.578125,157945.5625,-0.5146484375,0.00048828125,-0.81201171875,-0.7629393935203552,0.4882812201976776,0.4272460639476776,80.0,3608.0,1.0,O,M,O,0
158230.15625,158338.78125,158562.296875,158452.234375,158576.34375,158795.03125,158644.46875,158726.453125,-0.51513671875,-0.00048828125,-0.812255859375,-0.6408690810203552,0.4577636420726776,0.3967284858226776,80.0,3609.0,1.0,O,M,O,0
157912.578125,158020.84375,158244.640625,158134.671875,158257.953125,158477.265625,158327.15625,158408.875,-0.514404296875,0.001953125,-0.8115234375,-0.6408690810203552,0.3967284858226776,0.3662109076976776,80.0,3610.0,1.0,O,M,O,0
157128.5625,157236.390625,157460.625,157351.1875,157474.21875,157693.4375,157543.234375,157624.859375,-0.513671875,0.00146484375,-0.81396484375,-0.6103515028953552,0.3967284858226776,0.4577636420726776,80.0,3611.0,1.0,O,M,O,0
157387.84375,157495.859375,157720.0,157610.5625,157733.9375,157952.546875,157802.421875,157884.421875,-0.51318359375,0.001220703125,-0.813232421875,-0.6713866591453552,0.4882812201976776,0.4577636420726776,80.0,3612.0,1.0,O,M,O,0
158243.296875,158351.296875,158575.078125,158465.46875,158589.296875,158808.078125,158657.703125,158740.046875,-0.51220703125,0.000732421875,-0.8095703125,-0.6713866591453552,0.6103515028953552,0.4577636420726776,80.0,3613.0,1.0,O,M,O,0
158131.796875,158240.078125,158463.859375,158354.25,158478.078125,158696.859375,158546.5625,158628.90625,-0.513916015625,0.00146484375,-0.810791015625,-0.7324218153953552,0.6103515028953552,0.4882812201976776,80.0,3614.0,1.0,O,M,O,0
157301.921875,157410.015625,157634.25,157524.1875,157647.84375,157866.796875,157716.6875,157798.671875,-0.51416015625,-0.000244140625,-0.810302734375,-0.7019042372703552,0.5187987685203552,0.5187987685203552,80.0,3615.0,1.0,O,M,O,0
157345.46875,157453.65625,157677.703125,157567.828125,157691.5625,157910.4375,157760.140625,157841.953125,-0.514404296875,0.000732421875,-0.8115234375,-0.5493163466453552,0.4882812201976776,0.4272460639476776,80.0,3616.0,1.0,O,M,O,0
158221.84375,158330.015625,158553.8125,158444.015625,158567.75,158786.625,158636.421875,158718.5,-0.514404296875,0.00048828125,-0.814453125,-0.7629393935203552,0.4882812201976776,0.4577636420726776,80.0,3617.0,1.0,O,M,O,0
158329.390625,158437.9375,158661.265625,158551.84375,158675.578125,158894.0,158743.96875,158826.234375,-0.514404296875,-0.001708984375,-0.8154296875,-0.7934569716453552,0.3356933295726776,0.4272460639476776,80.0,3618.0,1.0,O,M,O,0
157506.40625,157615.03125,157838.734375,157728.9375,157852.59375,158071.453125,157920.796875,158002.796875,-0.513671875,-0.000732421875,-0.81201171875,-0.7324218153953552,0.3051757514476776,0.3967284858226776,80.0,3619.0,1.0,O,M,O,0
157334.46875,157443.109375,157666.890625,157557.0,157680.921875,157899.609375,157748.875,157831.125,-0.513916015625,0.0,-0.812744140625,-0.7019042372703552,0.3356933295726776,0.4272460639476776,80.0,3620.0,1.0,O,M,O,0
158175.796875,158284.515625,158507.671875,158397.96875,158521.625,158740.671875,158590.1875,158672.8125,-0.5126953125,-0.000244140625,-0.81298828125,-0.6408690810203552,0.5187987685203552,0.4882812201976776,80.0,3621.0,1.0,O,M,O,0
158494.171875,158602.4375,158825.6875,158716.265625,158839.734375,159058.953125,158908.21875,158990.921875,-0.511962890625,-0.000244140625,-0.81103515625,-0.6103515028953552,0.4882812201976776,0.3967284858226776,80.0,3622.0,1.0,O,M,O,0
157733.40625,157841.59375,158065.203125,157955.578125,158079.140625,158298.109375,158147.625,158229.703125,-0.514892578125,-0.0009765625,-0.8095703125,-0.6103515028953552,0.4272460639476776,0.4272460639476776,80.0,3623.0,1.0,O,M,O,0
157357.359375,157465.640625,157689.421875,157579.71875,157703.359375,157922.328125,157771.859375,157853.484375,-0.513671875,0.0,-0.8095703125,-0.7019042372703552,0.5798339247703552,0.3662109076976776,80.0,3624.0,1.0,O,M,O,0
158110.96875,158219.328125,158442.9375,158333.15625,158456.984375,158676.03125,158525.46875,158607.265625,-0.514404296875,0.0,-0.81298828125,-0.6713866591453552,0.5187987685203552,0.3051757514476776,80.0,3625.0,1.0,O,M,O,0
158622.65625,158731.1875,158954.34375,158844.828125,158968.390625,159187.703125,159036.78125,159119.21875,-0.512451171875,-0.001220703125,-0.810546875,-0.7324218153953552,0.5187987685203552,0.4577636420726776,80.0,3626.0,1.0,O,M,O,0
157973.546875,158081.640625,158305.078125,158196.09375,158319.375,158538.34375,158387.953125,158469.9375,-0.51123046875,0.000732421875,-0.8115234375,-0.6713866591453552,0.4272460639476776,0.4577636420726776,80.0,3627.0,1.0,O,M,O,0
157417.625,157525.71875,157749.59375,157640.0625,157763.71875,157982.5,157832.203125,157914.09375,-0.51220703125,-0.00048828125,-0.812255859375,-0.7629393935203552,0.5187987685203552,0.5187987685203552,80.0,3628.0,1.0,O,M,O,0
158035.328125,158143.875,158367.390625,158257.78125,158381.421875,158600.296875,158450.0,158531.8125,-0.512939453125,0.003173828125,-0.808837890625,-0.7324218153953552,0.4577636420726776,0.4882812201976776,80.0,3629.0,1.0,O,M,O,0
158709.546875,158818.0,159041.4375,158931.90625,159055.015625,159274.421875,159124.21875,159206.46875,-0.513671875,0.000244140625,-0.8125,-0.8239745497703552,0.5493163466453552,0.3662109076976776,80.0,3630.0,1.0,O,M,O,0
158218.53125,158327.0625,158550.59375,158440.890625,158564.171875,158783.671875,158633.109375,158715.625,-0.512939453125,-0.000732421875,-0.813720703125,-0.7019042372703552,0.4577636420726776,0.4272460639476776,80.0,3631.0,1.0,O,M,O,0
157522.234375,157630.671875,157854.640625,157744.84375,157868.140625,158087.09375,157936.890625,158019.234375,-0.51220703125,-0.00048828125,-0.8134765625,-0.7019042372703552,0.4272460639476776,0.4577636420726776,80.0,3632.0,1.0,O,M,O,0
157962.5625,158070.921875,158294.609375,158184.90625,158308.390625,158527.34375,158377.140625,158459.65625,-0.51318359375,0.001953125,-0.810791015625,-0.7019042372703552,0.5187987685203552,0.4272460639476776,80.0,3633.0,1.0,O,M,O,0
158754.4375,158862.890625,159086.140625,158976.34375,159100.078125,159319.484375,159168.84375,159251.359375,-0.512939453125,0.00048828125,-0.808837890625,-0.6408690810203552,0.4882812201976776,0.4272460639476776,80.0,3634.0,1.0,O,M,O,0
158454.46875,158563.1875,158786.265625,158676.46875,158800.5625,159019.34375,158868.96875,158951.578125,-0.512939453125,0.0,-0.809326171875,-0.6713866591453552,0.5187987685203552,0.3662109076976776,80.0,3635.0,1.0,O,M,O,0
157664.46875,157772.828125,157996.171875,157886.46875,158010.5625,158229.171875,158078.96875,158161.125,-0.51416015625,0.000244140625,-0.8125,-0.7324218153953552,0.3967284858226776,0.4272460639476776,80.0,3636.0,1.0,O,M,O,0
157902.921875,158011.46875,158234.890625,158125.015625,158248.75,158467.703125,158317.234375,158399.9375,-0.51416015625,0.000732421875,-0.8134765625,-0.8239745497703552,0.4577636420726776,0.4577636420726776,80.0,3637.0,1.0,O,M,O,0
158765.609375,158874.15625,159097.40625,158987.609375,159111.4375,159330.21875,159179.75,159262.71875,-0.51513671875,0.0009765625,-0.813720703125,-0.7629393935203552,0.4272460639476776,0.4577636420726776,80.0,3638.0,1.0,O,M,O,0
158676.296875,158784.5625,159008.34375,158898.203125,159022.203125,159240.8125,159090.515625,159173.125,-0.513916015625,0.00146484375,-0.811767578125,-0.7629393935203552,0.4272460639476776,0.4882812201976776,80.0,3639.0,1.0,O,M,O,0
157843.46875,157951.5625,158175.609375,158065.28125,158189.46875,158408.515625,158258.21875,158340.390625,-0.513427734375,0.0029296875,-0.81005859375,-0.8239745497703552,0.3967284858226776,0.4882812201976776,80.0,3640.0,1.0,O,M,O,0
157866.53125,157974.625,158198.40625,158088.359375,158212.8125,158431.5,158281.296875,158363.1875,-0.51416015625,0.000732421875,-0.812255859375,-0.7324218153953552,0.4577636420726776,0.4882812201976776,80.0,3641.0,1.0,O,M,O,0
158741.5625,158850.375,159073.796875,158963.46875,159087.5625,159306.4375,159156.3125,159238.65625,-0.513916015625,0.002197265625,-0.811767578125,-0.7019042372703552,0.5187987685203552,0.5493163466453552,80.0,3642.0,1.0,O,M,O,0
158872.09375,158980.8125,159204.59375,159094.453125,159218.1875,159437.140625,159287.21875,159369.375,-0.513427734375,-0.000244140625,-0.812744140625,-0.6408690810203552,0.4882812201976776,0.3967284858226776,80.0,3643.0,1.0,O,M,O,0
158052.859375,158161.125,158385.453125,158274.859375,158398.6875,158617.828125,158467.53125,158549.6875,-0.513916015625,-0.00048828125,-0.81396484375,-0.7324218153953552,0.4577636420726776,0.3967284858226776,80.0,3644.0,1.0,O,M,O,0
157859.734375,157968.09375,158192.421875,158081.734375,158205.65625,158424.96875,158274.3125,158356.578125,-0.513427734375,0.001953125,-0.8125,-0.7629393935203552,0.4882812201976776,0.4882812201976776,80.0,3645.0,1.0,O,M,O,0
158694.078125,158802.796875,159026.5,158916.078125,159040.265625,159259.046875,159108.75,159191.015625,-0.512939453125,0.0029296875,-0.81103515625,-0.7629393935203552,0.5187987685203552,0.3967284858226776,80.0,3646.0,1.0,O,M,O,0
159033.65625,159142.109375,159365.796875,159255.65625,159379.84375,159598.53125,159448.046875,159530.9375,-0.5146484375,0.00048828125,-0.808349609375,-0.7019042372703552,0.4272460639476776,0.4577636420726776,80.0,3647.0,1.0,O,M,O,0
158283.96875,158392.15625,158616.296875,158506.15625,158629.984375,158849.03125,158698.109375,158780.90625,-0.514892578125,0.001220703125,-0.811279296875,-0.6713866591453552,0.4272460639476776,0.4577636420726776,80.0,3648.0,1.0,O,M,O,0
157886.5625,157994.5625,158218.890625,158108.921875,158232.5625,158451.4375,158301.046875,158383.671875,-0.514404296875,0.0,-0.81005859375,-0.6713866591453552,0.3662109076976776,0.5187987685203552,80.0,3649.0,1.0,O,M,O,0
158625.78125,158733.78125,158957.75,158847.953125,158971.515625,159191.015625,159039.90625,159122.796875,-0.5146484375,0.001220703125,-0.811767578125,-0.7629393935203552,0.3051757514476776,0.5493163466453552,80.0,3650.0,1.0,O,M,O,0
159156.59375,159265.03125,159488.640625,159378.9375,159502.328125,159721.640625,159570.71875,159653.6875,-0.514892578125,0.002685546875,-0.81103515625,-0.6408690810203552,0.4272460639476776,0.4577636420726776,80.0,3651.0,1.0,O,M,O,0
158525.640625,158634.1875,158857.4375,158747.8125,158871.375,159090.609375,158939.953125,159022.484375,-0.514404296875,0.0,-0.8115234375,-0.7324218153953552,0.3356933295726776,0.5798339247703552,80.0,3652.0,1.0,O,M,O,0
157952.28125,158060.453125,158284.421875,158174.359375,158298.375,158517.59375,158366.671875,158448.9375,-0.51318359375,-0.001220703125,-0.811279296875,-0.8239745497703552,0.4272460639476776,0.5187987685203552,80.0,3653.0,1.0,O,M,O,0
158549.25,158657.515625,158881.484375,158771.515625,158895.25,159114.296875,158963.640625,159045.984375,-0.512939453125,0.0009765625,-0.809326171875,-0.7019042372703552,0.4882812201976776,0.3967284858226776,80.0,3654.0,1.0,O,M,O,0
159237.40625,159345.953125,159569.375,159459.5,159583.234375,159802.28125,159651.984375,159734.328125,-0.5146484375,-0.00048828125,-0.809326171875,-0.7019042372703552,0.4272460639476776,0.4272460639476776,80.0,3655.0,1.0,O,M,O,0
158767.40625,158875.671875,159099.09375,158989.578125,159113.046875,159332.265625,159181.703125,159264.328125,-0.5146484375,0.001708984375,-0.81005859375,-0.6408690810203552,0.4882812201976776,0.4882812201976776,80.0,3656.0,1.0,O,M,O,0
158058.046875,158165.78125,158389.75,158279.859375,158403.78125,158622.375,158472.0,158554.609375,-0.51318359375,0.0009765625,-0.809814453125,-0.6103515028953552,0.4577636420726776,0.3967284858226776,80.0,3657.0,1.0,O,M,O,0
158478.171875,158586.171875,158810.40625,158700.171875,158824.078125,159042.6875,158892.21875,158975.09375,-0.512939453125,0.000732421875,-0.810302734375,-0.5798339247703552,0.5798339247703552,0.4577636420726776,80.0,3658.0,1.0,O,M,O,0
159280.328125,159389.21875,159612.46875,159502.859375,159626.59375,159845.46875,159694.640625,159777.421875,-0.513671875,0.001220703125,-0.809814453125,-0.7629393935203552,0.5798339247703552,0.4577636420726776,80.0,3659.0,1.0,O,M,O,0
159000.296875,159109.5625,159332.546875,159223.28125,159346.84375,159565.625,159415.0625,159497.765625,-0.51220703125,0.003662109375,-0.813232421875,-0.8239745497703552,0.5798339247703552,0.3967284858226776,80.0,3660.0,1.0,O,M,O,0
158201.90625,158310.078125,158533.953125,158424.171875,158547.90625,158766.5,158616.125,158698.734375,-0.51416015625,0.0,-0.810546875,-0.7019042372703552,0.5187987685203552,0.4577636420726776,80.0,3661.0,1.0,O,M,O,0
158417.1875,158525.546875,158749.25,158639.1875,158763.46875,158981.96875,158831.140625,158914.03125,-0.513916015625,0.0,-0.810546875,-0.6713866591453552,0.5187987685203552,0.4577636420726776,80.0,3662.0,1.0,O,M,O,0
159282.203125,159390.65625,159614.078125,159504.015625,159627.9375,159847.078125,159696.0625,159778.953125,-0.5146484375,0.0,-0.8125,-0.6713866591453552,0.4577636420726776,0.5187987685203552,80.0,3663.0,1.0,O,M,O,0
159216.125,159324.40625,159547.75,159438.21875,159562.046875,159781.0,159630.171875,159712.875,-0.513916015625,-0.002197265625,-0.810302734375,-0.7019042372703552,0.3967284858226776,0.3967284858226776,80.0,3664.0,1.0,O,M,O,0
158383.21875,158491.578125,158715.09375,158605.390625,158729.40625,158948.265625,158797.34375,158880.046875,-0.51318359375,0.00048828125,-0.8115234375,-0.7629393935203552,0.3356933295726776,0.4577636420726776,80.0,3665.0,1.0,O,M,O,0
158382.953125,158491.40625,158714.921875,158604.859375,158729.046875,158947.90625,158797.0,158879.6875,-0.5146484375,0.002197265625,-0.808349609375,-0.7629393935203552,0.4577636420726776,0.4577636420726776,80.0,3666.0,1.0,O,M,O,0
159257.171875,159366.15625,159589.234375,159479.34375,159603.171875,159822.21875,159671.390625,159754.1875,-0.51416015625,-0.000244140625,-0.8115234375,-0.7324218153953552,0.5493163466453552,0.4272460639476776,80.0,3667.0,1.0,O,M,O,0
159407.28125,159516.265625,159739.4375,159629.734375,159753.5625,159972.34375,159821.78125,159904.484375,-0.514404296875,0.001220703125,-0.81103515625,-0.7019042372703552,0.4272460639476776,0.4577636420726776,80.0,3668.0,1.0,O,M,O,0
158591.984375,158700.4375,158923.765625,158814.0625,158937.890625,159157.03125,159006.109375,159088.734375,-0.513671875,0.0,-0.809326171875,-0.6408690810203552,0.4272460639476776,0.4272460639476776,80.0,3669.0,1.0,O,M,O,0
158376.25,158484.25,158708.21875,158597.96875,158721.890625,158941.390625,158790.28125,158872.90625,-0.513916015625,-0.001220703125,-0.810546875,-0.6408690810203552,0.4272460639476776,0.3356933295726776,80.0,3670.0,1.0,O,M,O,0
159202.984375,159311.34375,159535.046875,159424.984375,159548.8125,159768.125,159616.859375,159699.5625,-0.513671875,0.001953125,-0.812744140625,-0.5798339247703552,0.5187987685203552,0.3356933295726776,80.0,3671.0,1.0,O,M,O,0
159560.4375,159669.0625,159892.140625,159782.25,159906.53125,160125.484375,159974.125,160057.359375,-0.514404296875,0.001220703125,-0.810546875,-0.6103515028953552,0.4272460639476776,0.4882812201976776,80.0,3672.0,1.0,O,M,O,0
158815.234375,158923.59375,159147.109375,159037.5,159161.234375,159380.28125,159229.1875,159312.0625,-0.514892578125,0.00048828125,-0.8125,-0.6713866591453552,0.4577636420726776,0.4882812201976776,80.0,3673.0,1.0,O,M,O,0
158400.109375,158508.125,158731.71875,158622.109375,158746.03125,158964.984375,158814.15625,158896.40625,-0.512451171875,-0.000732421875,-0.812255859375,-0.7324218153953552,0.4882812201976776,0.4577636420726776,80.0,3674.0,1.0,O,M,O,0
159128.15625,159236.703125,159460.125,159349.96875,159474.15625,159693.203125,159542.375,159625.171875,-0.514404296875,-0.000732421875,-0.814453125,-0.6713866591453552,0.4882812201976776,0.3967284858226776,80.0,3675.0,1.0,O,M,O,0
159675.0625,159783.953125,160007.296875,159897.328125,160021.15625,160240.296875,160089.375,160172.421875,-0.513671875,0.0,-0.814208984375,-0.6408690810203552,0.3967284858226776,0.5187987685203552,80.0,3676.0,1.0,O,M,O,0
159056.546875,159165.265625,159388.15625,159278.53125,159402.453125,159621.328125,159470.578125,159553.109375,-0.513916015625,0.0009765625,-0.8134765625,-0.7019042372703552,0.3356933295726776,0.4577636420726776,80.0,3677.0,1.0,O,M,O,0
158470.390625,158579.28125,158802.625,158692.5625,158816.65625,159035.53125,158884.875,158966.953125,-0.51318359375,-0.000244140625,-0.810546875,-0.6408690810203552,0.3662109076976776,0.3967284858226776,80.0,3678.0,1.0,O,M,O,0
159053.140625,159161.765625,159385.109375,159275.140625,159399.15625,159618.015625,159467.640625,159549.890625,-0.513916015625,0.0,-0.8095703125,-0.6713866591453552,0.4577636420726776,0.4272460639476776,80.0,3679.0,1.0,O,M,O,0
159754.09375,159862.71875,160085.703125,159975.734375,160100.015625,160318.875,160168.40625,160250.84375,-0.51220703125,0.000244140625,-0.811279296875,-0.5798339247703552,0.4882812201976776,0.3662109076976776,80.0,3680.0,1.0,O,M,O,0
159303.21875,159411.671875,159635.0,159525.296875,159649.40625,159868.453125,159717.4375,159800.234375,-0.513671875,-0.001220703125,-0.8125,-0.5798339247703552,0.5187987685203552,0.5187987685203552,80.0,3681.0,1.0,O,M,O,0
158584.109375,158692.203125,158915.90625,158806.109375,158930.296875,159148.984375,158998.25,159080.6875,-0.51318359375,0.000244140625,-0.80859375,-0.6713866591453552,0.6408690810203552,0.4577636420726776,80.0,3682.0,1.0,O,M,O,0
158985.90625,159094.0,159317.609375,159207.8125,159331.5625,159550.609375,159399.78125,159482.203125,-0.512939453125,-0.00048828125,-0.807861328125,-0.7324218153953552,0.6713866591453552,0.3967284858226776,80.0,3683.0,1.0,O,M,O,0
159795.40625,159903.578125,160126.921875,160017.390625,160140.953125,160360.28125,160209.265625,160291.96875,-0.51318359375,-0.000732421875,-0.8076171875,-0.7629393935203552,0.6103515028953552,0.3967284858226776,80.0,3684.0,1.0,O,M,O,0
159538.796875,159647.25,159870.765625,159760.796875,159884.8125,160104.03125,159952.578125,160035.546875,-0.51171875,-0.001220703125,-0.810546875,-0.6713866591453552,0.5798339247703552,0.3662109076976776,80.0,3685.0,1.0,O,M,O,0
158735.21875,158843.390625,159067.1875,158957.296875,159081.390625,159300.078125,159149.53125,159231.953125,-0.513916015625,-0.00048828125,-0.81201171875,-0.7019042372703552,0.5187987685203552,0.4272460639476776,80.0,3686.0,1.0,O,M,O,0
158929.9375,159038.390625,159261.8125,159151.84375,159275.859375,159494.8125,159344.34375,159426.859375,-0.512451171875,-0.001220703125,-0.8095703125,-0.6713866591453552,0.5493163466453552,0.4272460639476776,80.0,3687.0,1.0,O,M,O,0
159796.203125,159905.1875,160128.4375,160018.109375,160142.296875,160361.53125,160210.515625,160293.390625,-0.51318359375,-0.001708984375,-0.810546875,-0.7629393935203552,0.5187987685203552,0.4882812201976776,80.0,3688.0,1.0,O,M,O,0
159750.78125,159859.765625,160082.578125,159972.875,160096.875,160316.203125,160164.734375,160247.796875,-0.513427734375,0.000732421875,-0.81103515625,-0.8239745497703552,0.4272460639476776,0.5187987685203552,80.0,3689.0,1.0,O,M,O,0
158916.265625,159024.890625,159247.96875,159138.4375,159262.0,159481.3125,159330.390625,159413.0,-0.514404296875,0.00146484375,-0.81005859375,-0.7324218153953552,0.4577636420726776,0.4272460639476776,80.0,3690.0,1.0,O,M,O,0
158893.8125,159002.1875,159225.4375,159115.640625,159239.5625,159459.140625,159307.953125,159390.390625,-0.514404296875,0.00146484375,-0.811279296875,-0.7324218153953552,0.5493163466453552,0.3356933295726776,80.0,3691.0,1.0,O,M,O,0
159763.578125,159872.015625,160095.265625,159985.390625,160109.21875,160328.890625,160177.53125,160260.40625,-0.513916015625,0.00048828125,-0.8095703125,-0.7934569716453552,0.4577636420726776,0.3967284858226776,80.0,3692.0,1.0,O,M,O,0
159934.25,160043.0625,160265.953125,160156.34375,160279.984375,160499.484375,160348.375,160431.265625,-0.513916015625,0.001220703125,-0.81103515625,-0.7629393935203552,0.4882812201976776,0.4577636420726776,80.0,3693.0,1.0,O,M,O,0
159124.484375,159233.03125,159456.09375,159346.671875,159470.40625,159689.453125,159538.796875,159621.328125,-0.514404296875,0.0,-0.813232421875,-0.7629393935203552,0.4882812201976776,0.3662109076976776,80.0,3694.0,1.0,O,M,O,0
158887.921875,158996.28125,159219.4375,159109.921875,159233.65625,159452.796875,159301.96875,159384.84375,-0.51416015625,0.00146484375,-0.814697265625,-0.7019042372703552,0.4272460639476776,0.3967284858226776,80.0,3695.0,1.0,O,M,O,0
159707.78125,159816.40625,160039.65625,159929.6875,160053.96875,160273.015625,160121.921875,160204.890625,-0.512451171875,0.0009765625,-0.8125,-0.7934569716453552,0.4577636420726776,0.4577636420726776,80.0,3696.0,1.0,O,M,O,0
160086.859375,160195.9375,160419.109375,160309.3125,160433.234375,160652.640625,160501.625,160584.234375,-0.513916015625,0.002197265625,-0.813232421875,-0.7324218153953552,0.3967284858226776,0.3967284858226776,80.0,3697.0,1.0,O,M,O,0
159355.96875,159464.5,159687.671875,159578.234375,159701.796875,159921.203125,159770.546875,159852.796875,-0.51220703125,0.001220703125,-0.815673828125,-0.6713866591453552,0.3967284858226776,0.3662109076976776,80.0,3698.0,1.0,O,M,O,0
158922.15625,159030.796875,159253.859375,159144.34375,159268.53125,159486.953125,159336.296875,159418.90625,-0.512939453125,0.0009765625,-0.8134765625,-0.6103515028953552,0.3967284858226776,0.3662109076976776,80.0,3699.0,1.0,O,M,O,0
159638.21875,159747.203125,159970.1875,159860.578125,159984.3125,160203.1875,160052.265625,160135.328125,-0.514404296875,0.0009765625,-0.814208984375,-0.5798339247703552,0.4577636420726776,0.3662109076976776,80.0,3700.0,1.0,O,M,O,0
160202.375,160311.28125,160534.171875,160424.46875,160548.125,160767.078125,160616.421875,160699.125,-0.51318359375,0.0009765625,-0.81005859375,-0.7019042372703552,0.4272460639476776,0.3967284858226776,80.0,3701.0,1.0,O,M,O,0
159597.625,159706.34375,159929.515625,159819.71875,159943.640625,160162.5,160011.9375,160094.28125,-0.51318359375,0.002197265625,-0.810302734375,-0.7324218153953552,0.5493163466453552,0.4882812201976776,80.0,3702.0,1.0,O,M,O,0
158996.015625,159104.734375,159327.984375,159218.015625,159342.109375,159561.0625,159410.40625,159492.75,-0.512939453125,-0.000732421875,-0.812744140625,-0.6713866591453552,0.4882812201976776,0.5187987685203552,80.0,3703.0,1.0,O,M,O,0
159561.515625,159670.59375,159893.125,159783.328125,159907.421875,160126.921875,159975.734375,160058.53125,-0.513916015625,0.0009765625,-0.8134765625,-0.7019042372703552,0.4272460639476776,0.4272460639476776,80.0,3704.0,1.0,O,M,O,0
160275.0625,160383.875,160606.59375,160496.703125,160620.53125,160840.125,160689.015625,160772.0,-0.514892578125,0.000732421875,-0.812744140625,-0.7934569716453552,0.4577636420726776,0.3662109076976776,80.0,3705.0,1.0,O,M,O,0
159841.625,159950.15625,160172.96875,160063.625,160187.265625,160406.40625,160255.84375,160338.640625,-0.51611328125,0.000732421875,-0.81298828125,-0.6103515028953552,0.5187987685203552,0.4272460639476776,80.0,3706.0,1.0,O,M,O,0
159112.328125,159221.140625,159444.03125,159334.5,159458.15625,159677.03125,159526.546875,159609.171875,-0.515625,0.000732421875,-0.81298828125,-0.6408690810203552,0.4577636420726776,0.4272460639476776,80.0,3707.0,1.0,O,M,O,0
159494.71875,159603.890625,159826.421875,159716.546875,159840.546875,160059.515625,159908.671875,159991.5625,-0.513427734375,0.0029296875,-0.810546875,-0.7019042372703552,0.4882812201976776,0.4882812201976776,80.0,3708.0,1.0,O,M,O,0
160310.734375,160420.0,160642.265625,160532.828125,160656.75,160876.0625,160724.96875,160807.9375,-0.511474609375,0.00048828125,-0.810546875,-0.7934569716453552,0.3967284858226776,0.4577636420726776,80.0,3709.0,1.0,O,M,O,0
160072.203125,160180.921875,160403.8125,160294.296875,160418.296875,160637.703125,160486.515625,160569.484375,-0.51318359375,0.002685546875,-0.812255859375,-0.7019042372703552,0.4272460639476776,0.4272460639476776,80.0,3710.0,1.0,O,M,O,0
159263.15625,159371.515625,159595.046875,159485.15625,159609.4375,159828.5625,159677.734375,159760.265625,-0.512451171875,0.001953125,-0.81396484375,-0.7934569716453552,0.4577636420726776,0.4272460639476776,80.0,3711.0,1.0,O,M,O,0
159437.59375,159545.953125,159769.296875,159659.765625,159783.59375,160002.828125,159852.0,159934.609375,-0.51416015625,0.000732421875,-0.8125,-0.6713866591453552,0.4882812201976776,0.5187987685203552,80.0,3712.0,1.0,O,M,O,0
160306.453125,160414.8125,160637.875,160528.453125,160652.546875,160871.59375,160720.765625,160803.46875,-0.513671875,0.0,-0.812255859375,-0.7324218153953552,0.4882812201976776,0.5187987685203552,80.0,3713.0,1.0,O,M,O,0
160283.921875,160392.1875,160615.265625,160505.5625,160629.828125,160848.796875,160698.234375,160780.75,-0.51416015625,0.0,-0.810302734375,-0.6103515028953552,0.5798339247703552,0.4272460639476776,80.0,3714.0,1.0,O,M,O,0
159449.03125,159557.578125,159780.640625,159670.953125,159795.21875,160013.828125,159863.265625,159946.3125,-0.512939453125,0.001953125,-0.80908203125,-0.5187987685203552,0.5187987685203552,0.4577636420726776,80.0,3715.0,1.0,O,M,O,0
159405.140625,159514.03125,159737.109375,159627.3125,159751.6875,159970.453125,159819.890625,159902.6875,-0.51416015625,0.002197265625,-0.811767578125,-0.7629393935203552,0.5187987685203552,0.4272460639476776,80.0,3716.0,1.0,O,M,O,0
160272.296875,160381.1875,160604.265625,160494.109375,160618.578125,160837.703125,160686.96875,160769.75,-0.510986328125,0.000732421875,-0.813232421875,-0.6408690810203552,0.5187987685203552,0.3662109076976776,80.0,3717.0,1.0,O,M,O,0
160463.71875,160572.609375,160795.859375,160685.625,160810.171875,161029.390625,160878.5625,160961.359375,-0.5126953125,0.000244140625,-0.812255859375,-0.7019042372703552,0.5798339247703552,0.4272460639476776,80.0,3718.0,1.0,O,M,O,0
159659.046875,159767.859375,159991.296875,159881.40625,160005.59375,160224.828125,160074.078125,160156.78125,-0.513916015625,-0.00048828125,-0.8134765625,-0.6713866591453552,0.4882812201976776,0.5187987685203552,80.0,3719.0,1.0,O,M,O,0
159403.078125,159511.53125,159734.96875,159625.53125,159749.359375,159968.671875,159817.84375,159900.453125,-0.513916015625,0.000732421875,-0.814208984375,-0.7019042372703552,0.4882812201976776,0.4882812201976776,80.0,3720.0,1.0,O,M,O,0
160215.34375,160323.890625,160546.859375,160437.4375,160561.34375,160780.21875,160629.75,160712.359375,-0.5126953125,0.000732421875,-0.815185546875,-0.7324218153953552,0.4577636420726776,0.4577636420726776,80.0,3721.0,1.0,O,M,O,0
160613.75,160722.109375,160944.90625,160835.5625,160959.484375,161178.4375,161027.875,161110.578125,-0.51123046875,0.00048828125,-0.8134765625,-0.7324218153953552,0.4882812201976776,0.4272460639476776,80.0,3722.0,1.0,O,M,O,0
159890.796875,159999.25,160222.40625,160112.796875,160237.078125,160456.03125,160305.375,160387.984375,-0.5126953125,0.0029296875,-0.8134765625,-0.6408690810203552,0.4882812201976776,0.5493163466453552,80.0,3723.0,1.0,O,M,O,0
159439.375,159548.015625,159770.90625,159661.640625,159785.75,160004.515625,159853.96875,159936.578125,-0.5126953125,0.001953125,-0.81005859375,-0.7019042372703552,0.5493163466453552,0.5493163466453552,80.0,3724.0,1.0,O,M,O,0
160142.296875,160251.5625,160474.453125,160364.65625,160488.578125,160707.625,160557.421875,160639.765625,-0.514404296875,0.000732421875,-0.811767578125,-0.7934569716453552,0.4882812201976776,0.5187987685203552,80.0,3725.0,1.0,O,M,O,0
160721.921875,160830.90625,161053.890625,160943.828125,161068.28125,161286.984375,161136.59375,161219.296875,-0.511474609375,-0.001220703125,-0.80908203125,-0.8544921278953552,0.4882812201976776,0.5493163466453552,80.0,3726.0,1.0,O,M,O,0
160133.625,160242.609375,160465.59375,160355.71875,160480.4375,160698.765625,160548.203125,160631.09375,-0.51318359375,-0.00146484375,-0.81298828125,-0.7934569716453552,0.5493163466453552,0.4882812201976776,80.0,3727.0,1.0,O,M,O,0
159519.046875,159627.765625,159850.921875,159741.3125,159865.40625,160084.09375,159933.71875,160016.5,-0.513916015625,0.0,-0.810302734375,-0.7324218153953552,0.4272460639476776,0.4882812201976776,80.0,3728.0,1.0,O,M,O,0
160068.09375,160176.546875,160399.875,160290.265625,160414.09375,160633.234375,160482.765625,160565.375,-0.513427734375,0.001220703125,-0.809814453125,-0.5493163466453552,0.4577636420726776,0.5187987685203552,80.0,3729.0,1.0,O,M,O,0
160793.359375,160901.71875,161125.234375,161015.359375,161139.28125,161358.0625,161207.765625,161290.28125,-0.512451171875,0.002197265625,-0.81005859375,-0.6713866591453552,0.4882812201976776,0.5493163466453552,80.0,3730.0,1.0,O,M,O,0
160374.84375,160483.125,160706.640625,160596.75,160720.765625,160939.71875,160789.421875,160871.859375,-0.510498046875,0.001953125,-0.81494140625,-0.6713866591453552,0.4882812201976776,0.4577636420726776,80.0,3731.0,1.0,O,M,O,0
159633.75,159742.203125,159965.71875,159856.015625,159979.75,160198.796875,160048.15625,160130.9375,-0.512939453125,0.001220703125,-0.813232421875,-0.6408690810203552,0.5493163466453552,0.4882812201976776,80.0,3732.0,1.0,O,M,O,0
159997.90625,160106.453125,160329.875,160220.359375,160344.1875,160562.953125,160412.578125,160495.1875,-0.513427734375,0.00048828125,-0.80908203125,-0.7324218153953552,0.5187987685203552,0.4577636420726776,80.0,3733.0,1.0,O,M,O,0
160824.03125,160932.828125,161155.734375,161046.375,161170.296875,161388.90625,161238.515625,161321.578125,-0.51220703125,0.000732421875,-0.808837890625,-0.8239745497703552,0.4272460639476776,0.4272460639476776,80.0,3734.0,1.0,O,M,O,0
160603.546875,160712.09375,160935.15625,160826.0,160950.09375,161168.515625,161017.859375,161100.75,-0.514404296875,-0.00048828125,-0.8095703125,-0.7019042372703552,0.4272460639476776,0.3662109076976776,80.0,3735.0,1.0,O,M,O,0
159787.984375,159896.25,160119.765625,160009.984375,160134.078125,160353.03125,160202.375,160284.8125,-0.513916015625,-0.000732421875,-0.811279296875,-0.7629393935203552,0.3967284858226776,0.3967284858226776,80.0,3736.0,1.0,O,M,O,0
159941.484375,160050.03125,160273.546875,160163.84375,160287.578125,160506.640625,160356.25,160438.5,-0.511962890625,-0.001708984375,-0.81298828125,-0.7324218153953552,0.4272460639476776,0.3662109076976776,80.0,3737.0,1.0,O,M,O,0
160813.65625,160922.828125,161145.71875,161035.921875,161159.65625,161378.890625,161228.953125,161311.296875,-0.51123046875,-0.000732421875,-0.814208984375,-0.6713866591453552,0.3967284858226776,0.3356933295726776,80.0,3738.0,1.0,O,M,O,0
160810.609375,160919.875,161142.765625,161032.96875,161157.25,161375.9375,161225.734375,161308.078125,-0.51318359375,-0.000732421875,-0.81201171875,-0.6408690810203552,0.4272460639476776,0.4272460639476776,80.0,3739.0,1.0,O,M,O,0
159979.40625,160088.125,160311.1875,160201.75,160325.40625,160544.359375,160394.0625,160476.234375,-0.51318359375,-0.000732421875,-0.811279296875,-0.7019042372703552,0.4577636420726776,0.3662109076976776,80.0,3740.0,1.0,O,M,O,0
159915.921875,160024.46875,160247.625,160138.28125,160261.921875,160480.53125,160330.5,160412.578125,-0.5146484375,0.0,-0.810791015625,-0.7324218153953552,0.4272460639476776,0.5187987685203552,80.0,3741.0,1.0,O,M,O,0
160780.390625,160888.9375,161111.921875,161002.484375,161126.21875,161345.0,161194.796875,161277.234375,-0.51416015625,0.000244140625,-0.81201171875,-0.6408690810203552,0.4882812201976776,0.5493163466453552,80.0,3742.0,1.0,O,M,O,0
160992.375,161100.921875,161324.265625,161214.46875,161338.46875,161557.171875,161406.78125,161489.21875,-0.514892578125,0.0,-0.816650390625,-0.6713866591453552,0.5187987685203552,0.4882812201976776,80.0,3743.0,1.0,O,M,O,0
160192.546875,160300.90625,160523.984375,160414.28125,160538.640625,160757.234375,160606.765625,160689.109375,-0.513427734375,0.0009765625,-0.81494140625,-0.7019042372703552,0.5798339247703552,0.3967284858226776,80.0,3744.0,1.0,O,M,O,0
159915.828125,160024.28125,160247.4375,160137.921875,160261.84375,160480.703125,160330.6875,160412.75,-0.513916015625,0.000244140625,-0.81298828125,-0.7629393935203552,0.5187987685203552,0.5187987685203552,80.0,3745.0,1.0,O,M,O,0
160718.078125,160826.703125,161049.6875,160939.984375,161063.90625,161283.125,161133.015625,161215.09375,-0.51513671875,0.0009765625,-0.8154296875,-0.7019042372703552,0.4577636420726776,0.4882812201976776,80.0,3746.0,1.0,O,M,O,0
161134.71875,161243.4375,161466.234375,161356.171875,161480.546875,161699.59375,161549.125,161631.546875,-0.513671875,-0.00048828125,-0.811767578125,-0.6713866591453552,0.4882812201976776,0.4882812201976776,80.0,3747.0,1.0,O,M,O,0
160422.859375,160531.75,160754.921875,160644.765625,160768.78125,160987.90625,160837.265625,160919.96875,-0.513916015625,-0.00048828125,-0.812744140625,-0.7324218153953552,0.4577636420726776,0.5493163466453552,80.0,3748.0,1.0,O,M,O,0
159953.65625,160062.375,160285.96875,160175.5625,160299.5625,160518.875,160368.234375,160450.578125,-0.511962890625,-0.00048828125,-0.81298828125,-0.7324218153953552,0.5187987685203552,0.5493163466453552,80.0,3749.0,1.0,O,M,O,0
160644.953125,160753.84375,160977.09375,160867.125,160991.484375,161210.265625,161059.4375,161142.5,-0.511474609375,0.00048828125,-0.812255859375,-0.7324218153953552,0.4272460639476776,0.3967284858226776,80.0,3750.0,1.0,O,M,O,0
161240.484375,161349.46875,161572.546875,161462.296875,161586.484375,161805.53125,161654.796875,161737.953125,-0.512939453125,0.00244140625,-0.811767578125,-0.7019042372703552,0.3967284858226776,0.3967284858226776,80.0,3751.0,1.0,O,F,O,0
160666.046875,160774.859375,160997.921875,160887.78125,161012.046875,161231.09375,161080.53125,161163.234375,-0.513671875,0.002685546875,-0.809814453125,-0.7019042372703552,0.3967284858226776,0.5187987685203552,80.0,3752.0,1.0,O,F,O,0
160037.515625,160146.328125,160369.390625,160259.59375,160383.4375,160602.484375,160452.09375,160534.625,-0.512939453125,0.00341796875,-0.8115234375,-0.6103515028953552,0.4577636420726776,0.5493163466453552,80.0,3753.0,1.0,O,F,O,0
160567.703125,160676.78125,160899.484375,160789.875,160913.609375,161132.65625,160982.375,161065.25,-0.5126953125,0.001953125,-0.809814453125,-0.7019042372703552,0.4882812201976776,0.4882812201976776,80.0,3754.0,1.0,O,F,O,0
161303.515625,161412.421875,161635.484375,161525.421875,161649.171875,161868.296875,161717.921875,161801.25,-0.51220703125,0.002197265625,-0.811767578125,-0.7019042372703552,0.4882812201976776,0.4882812201976776,80.0,3755.0,1.0,O,F,O,0
160901.8125,161010.703125,161233.78125,161124.171875,161247.734375,161466.859375,161316.21875,161399.09375,-0.511962890625,0.001220703125,-0.810302734375,-0.7934569716453552,0.4577636420726776,0.4882812201976776,80.0,3756.0,1.0,O,F,O,0
160151.515625,160260.046875,160483.125,160373.59375,160497.421875,160716.296875,160565.90625,160648.4375,-0.51416015625,0.00244140625,-0.810791015625,-0.6713866591453552,0.5493163466453552,0.4882812201976776,80.0,3757.0,1.0,O,F,O,0
160494.296875,160603.109375,160826.078125,160716.375,160840.125,161059.171875,160908.703125,160991.3125,-0.515625,0.00244140625,-0.8125,-0.6103515028953552,0.6103515028953552,0.5187987685203552,80.0,3758.0,1.0,O,F,O,0
161327.5625,161436.90625,161659.890625,161549.75,161673.578125,161892.703125,161742.5,161824.9375,-0.5166015625,0.001953125,-0.812255859375,-0.5493163466453552,0.4272460639476776,0.4577636420726776,80.0,3759.0,1.0,O,F,O,0
161130.515625,161239.6875,161462.65625,161352.6875,161476.25,161695.75,161545.28125,161627.703125,-0.513916015625,0.002197265625,-0.810302734375,-0.6408690810203552,0.4577636420726776,0.4577636420726776,80.0,3760.0,1.0,O,F,O,0
160312.890625,160421.96875,160645.03125,160535.421875,160658.984375,160878.203125,160727.640625,160809.90625,-0.51318359375,0.000732421875,-0.81005859375,-0.7324218153953552,0.5493163466453552,0.4882812201976776,80.0,3761.0,1.0,O,F,O,0
160444.40625,160553.296875,160776.1875,160666.5,160790.5,161009.453125,160859.078125,160941.328125,-0.513671875,0.00146484375,-0.810302734375,-0.7019042372703552,0.3967284858226776,0.4577636420726776,80.0,3762.0,1.0,O,F,O,0
161318.890625,161427.796875,161650.59375,161540.984375,161664.453125,161883.953125,161733.296875,161815.90625,-0.512451171875,-0.000732421875,-0.808349609375,-0.7019042372703552,0.3356933295726776,0.6103515028953552,80.0,3763.0,1.0,O,F,O,0
161339.09375,161448.0,161670.4375,161560.921875,161684.5625,161903.96875,161753.40625,161836.109375,-0.51123046875,0.0,-0.810302734375,-0.6713866591453552,0.3662109076976776,0.4882812201976776,80.0,3764.0,1.0,O,F,O,0
160505.5625,160614.1875,160836.984375,160727.46875,160851.03125,161070.078125,160919.96875,161002.484375,-0.5126953125,0.00048828125,-0.8076171875,-0.6408690810203552,0.4577636420726776,0.4272460639476776,80.0,3765.0,1.0,O,F,O,0
160418.296875,160527.015625,160750.0,160640.296875,160763.953125,160983.0,160832.515625,160915.578125,-0.513671875,0.0009765625,-0.810791015625,-0.6103515028953552,0.3662109076976776,0.4577636420726776,80.0,3766.0,1.0,O,F,O,0
161279.203125,161388.0,161610.90625,161500.921875,161624.484375,161843.71875,161693.0625,161776.21875,-0.51416015625,0.00146484375,-0.812255859375,-0.6408690810203552,0.3967284858226776,0.5493163466453552,80.0,3767.0,1.0,O,F,O,0
161512.8125,161621.53125,161844.15625,161734.28125,161858.28125,162077.328125,161926.6875,162009.5625,-0.51318359375,0.001708984375,-0.814697265625,-0.7019042372703552,0.4577636420726776,0.4272460639476776,80.0,3768.0,1.0,O,F,O,0
160720.3125,160828.859375,161051.75,160941.78125,161065.609375,161285.1875,161134.453125,161217.15625,-0.514892578125,0.00048828125,-0.812255859375,-0.7324218153953552,0.4882812201976776,0.4882812201976776,80.0,3769.0,1.0,O,F,O,0
160422.859375,160531.21875,160753.84375,160644.5,160768.0625,160987.375,160836.984375,160919.6875,-0.513671875,0.0,-0.814208984375,-0.7019042372703552,0.5187987685203552,0.3967284858226776,80.0,3770.0,1.0,O,F,O,0
161215.0,161323.984375,161546.4375,161436.734375,161560.65625,161779.78125,161629.40625,161712.109375,-0.515869140625,0.00048828125,-0.81396484375,-0.7934569716453552,0.4577636420726776,0.5187987685203552,80.0,3771.0,1.0,O,F,O,0
161652.203125,161761.015625,161983.453125,161873.484375,161997.671875,162217.171875,162066.515625,162149.21875,-0.514404296875,0.0,-0.812255859375,-0.8239745497703552,0.4882812201976776,0.3967284858226776,80.0,3772.0,1.0,O,F,O,0
160953.046875,161061.84375,161284.65625,161174.6875,161298.59375,161518.0,161367.359375,161450.0625,-0.514892578125,0.0009765625,-0.81201171875,-0.7629393935203552,0.5187987685203552,0.4272460639476776,80.0,3773.0,1.0,O,F,O,0
160465.78125,160574.21875,160797.03125,160687.5,160811.0625,161030.375,160879.734375,160962.703125,-0.514892578125,0.000732421875,-0.81201171875,-0.6408690810203552,0.4577636420726776,0.3662109076976776,80.0,3774.0,1.0,O,F,O,0
161143.03125,161251.390625,161474.1875,161364.671875,161488.328125,161707.1875,161556.984375,161639.859375,-0.513916015625,0.0009765625,-0.815673828125,-0.7934569716453552,0.4577636420726776,0.4577636420726776,80.0,3775.0,1.0,O,F,O,0
161755.5625,161864.453125,162086.984375,161976.9375,162101.03125,162320.25,162169.421875,162252.578125,-0.5126953125,0.001220703125,-0.812255859375,-0.7324218153953552,0.3662109076976776,0.4272460639476776,80.0,3776.0,1.0,O,F,O,0
161195.609375,161304.765625,161527.125,161417.515625,161541.421875,161760.5625,161609.828125,161692.796875,-0.51416015625,0.002197265625,-0.81298828125,-0.7324218153953552,0.4577636420726776,0.4272460639476776,80.0,3777.0,1.0,O,F,O,0
160550.890625,160659.78125,160882.59375,160772.625,160896.625,161115.9375,160965.296875,161048.171875,-0.51416015625,0.002685546875,-0.815673828125,-0.7019042372703552,0.4882812201976776,0.4577636420726776,80.0,3778.0,1.0,O,F,O,0
161066.046875,161174.953125,161397.578125,161287.78125,161411.796875,161631.375,161480.625,161563.328125,-0.51513671875,0.0029296875,-0.8134765625,-0.7019042372703552,0.4577636420726776,0.4882812201976776,80.0,3779.0,1.0,O,F,O,0
161814.921875,161924.453125,162146.796875,162037.28125,162160.75,162380.421875,162230.125,162312.65625,-0.51416015625,0.001220703125,-0.817138671875,-0.8239745497703552,0.4272460639476776,0.5187987685203552,80.0,3780.0,1.0,O,F,O,0
161434.765625,161543.9375,161766.28125,161657.21875,161780.5,161999.734375,161849.53125,161932.140625,-0.515380859375,0.00048828125,-0.814453125,-0.7934569716453552,0.4272460639476776,0.5187987685203552,80.0,3781.0,1.0,O,F,O,0
160677.125,160785.578125,161008.5625,160899.3125,161022.421875,161241.734375,161091.359375,161174.140625,-0.51318359375,0.0009765625,-0.811279296875,-0.7934569716453552,0.4882812201976776,0.4272460639476776,80.0,3782.0,1.0,O,F,O,0
160998.734375,161107.71875,161330.609375,161221.171875,161344.5625,161563.78125,161413.21875,161496.09375,-0.51318359375,0.00146484375,-0.812255859375,-0.6408690810203552,0.4577636420726776,0.4882812201976776,80.0,3783.0,1.0,O,F,O,0
161835.75,161945.015625,162167.8125,162058.109375,162181.84375,162400.90625,162250.421875,162333.578125,-0.515380859375,0.00146484375,-0.810546875,-0.6713866591453552,0.5187987685203552,0.5493163466453552,80.0,3784.0,1.0,O,F,O,0
161660.4375,161769.953125,161992.390625,161882.703125,162006.25,162225.65625,162075.015625,162158.421875,-0.515869140625,0.00146484375,-0.811279296875,-0.5493163466453552,0.4882812201976776,0.4577636420726776,80.0,3785.0,1.0,O,F,O,0
160839.046875,160947.859375,161170.921875,161061.40625,161184.609375,161404.015625,161253.625,161336.78125,-0.512939453125,0.001220703125,-0.810546875,-0.6713866591453552,0.4577636420726776,0.4272460639476776,80.0,3786.0,1.0,O,F,O,0
160950.09375,161058.453125,161281.609375,161171.828125,161295.5625,161514.703125,161364.5,161447.375,-0.512451171875,0.00146484375,-0.811767578125,-0.6103515028953552,0.4882812201976776,0.4272460639476776,80.0,3787.0,1.0,O,F,O,0
161824.3125,161932.9375,162155.921875,162046.40625,162169.875,162389.09375,162238.53125,162321.765625,-0.512939453125,0.001220703125,-0.813232421875,-0.7629393935203552,0.4577636420726776,0.3967284858226776,80.0,3788.0,1.0,O,F,O,0
161860.703125,161969.515625,162192.765625,162082.78125,162206.4375,162425.125,162275.375,162358.4375,-0.512939453125,-0.000732421875,-0.811279296875,-0.6408690810203552,0.4272460639476776,0.4577636420726776,80.0,3789.0,1.0,O,F,O,0
161028.5,161137.125,161360.375,161250.671875,161373.96875,161593.203125,161443.34375,161526.140625,-0.511962890625,-0.001220703125,-0.81494140625,-0.6713866591453552,0.4882812201976776,0.3662109076976776,80.0,3790.0,1.0,O,F,O,0
160922.203125,161030.828125,161253.453125,161144.015625,161267.578125,161486.984375,161336.421875,161419.484375,-0.512939453125,-0.002197265625,-0.815185546875,-0.7934569716453552,0.5187987685203552,0.4882812201976776,80.0,3791.0,1.0,O,F,O,0
161779.96875,161888.59375,162111.40625,162001.515625,162125.171875,162344.578125,162194.09375,162277.15625,-0.5126953125,0.000244140625,-0.81201171875,-0.7019042372703552,0.4577636420726776,0.5187987685203552,80.0,3792.0,1.0,O,F,O,0
162035.5,162144.296875,162366.921875,162257.125,162380.78125,162600.015625,162449.890625,162532.6875,-0.51318359375,0.00048828125,-0.81298828125,-0.7629393935203552,0.5187987685203552,0.5187987685203552,80.0,3793.0,1.0,O,F,O,0
161247.546875,161356.453125,161579.34375,161469.71875,161593.015625,161812.59375,161661.59375,161744.921875,-0.513916015625,0.000732421875,-0.811767578125,-0.6713866591453552,0.3356933295726776,0.4272460639476776,80.0,3794.0,1.0,O,F,O,0
160929.796875,161038.96875,161261.671875,161152.515625,161275.71875,161494.765625,161344.203125,161427.25,-0.51318359375,-0.000244140625,-0.811767578125,-0.7629393935203552,0.4577636420726776,0.4882812201976776,80.0,3795.0,1.0,O,F,O,0
161713.625,161822.609375,162045.0625,161935.625,162059.0,162278.40625,162127.765625,162211.09375,-0.51416015625,-0.00048828125,-0.8115234375,-0.6713866591453552,0.5798339247703552,0.4577636420726776,80.0,3796.0,1.0,O,F,O,0
162169.421875,162277.78125,162500.671875,162390.796875,162514.359375,162733.9375,162583.28125,162666.703125,-0.513427734375,0.00048828125,-0.814697265625,-0.7019042372703552,0.4882812201976776,0.4577636420726776,80.0,3797.0,1.0,O,F,O,0
161481.53125,161589.984375,161812.6875,161703.171875,161826.734375,162046.125,161895.296875,161978.890625,-0.515380859375,-0.0009765625,-0.814697265625,-0.6713866591453552,0.4272460639476776,0.3662109076976776,80.0,3798.0,1.0,O,F,O,0
160977.71875,161086.34375,161309.234375,161199.625,161323.1875,161542.765625,161391.578125,161475.09375,-0.5146484375,-0.001220703125,-0.81201171875,-0.6713866591453552,0.4577636420726776,0.3967284858226776,80.0,3799.0,1.0,O,F,O,0
161639.234375,161747.875,161970.578125,161860.875,161984.265625,162204.109375,162053.015625,162136.078125,-0.5126953125,0.001220703125,-0.81298828125,-0.7019042372703552,0.5187987685203552,0.4272460639476776,80.0,3800.0,1.0,O,F,O,0
162265.453125,162374.34375,162596.609375,162487.0,162610.375,162830.328125,162679.484375,162762.546875,-0.5126953125,0.001220703125,-0.814453125,-0.7629393935203552,0.5187987685203552,0.4577636420726776,80.0,3801.0,1.0,O,F,O,0
161722.5625,161831.5625,162053.828125,161944.46875,162067.953125,162287.53125,162136.796875,162219.671875,-0.5107421875,0.00146484375,-0.812744140625,-0.6713866591453552,0.4577636420726776,0.4272460639476776,80.0,3802.0,1.0,O,F,O,0
161066.40625,161175.390625,161397.3125,161288.046875,161411.609375,161631.015625,161480.71875,161563.25,-0.51220703125,0.001220703125,-0.812255859375,-0.7934569716453552,0.4882812201976776,0.5187987685203552,80.0,3803.0,1.0,O,F,O,0
161562.796875,161672.046875,161894.234375,161784.4375,161908.359375,162127.765625,161977.109375,162059.984375,-0.511474609375,-0.00048828125,-0.812255859375,-0.7324218153953552,0.4882812201976776,0.4577636420726776,80.0,3804.0,1.0,O,F,O,0
162322.125,162431.390625,162653.921875,162544.046875,162667.78125,162887.359375,162736.171875,162819.59375,-0.511962890625,-0.00146484375,-0.81298828125,-0.7019042372703552,0.5493163466453552,0.4577636420726776,80.0,3805.0,1.0,O,F,O,0
161961.28125,162070.359375,162292.8125,162183.1875,162306.84375,162526.15625,162375.234375,162458.5625,-0.51220703125,-0.0009765625,-0.811767578125,-0.7324218153953552,0.4577636420726776,0.4577636420726776,80.0,3806.0,1.0,O,F,O,0
161192.921875,161301.90625,161524.53125,161414.828125,161538.65625,161758.0625,161606.96875,161690.109375,-0.513671875,0.0009765625,-0.812255859375,-0.7019042372703552,0.4577636420726776,0.4577636420726776,80.0,3807.0,1.0,O,F,O,0
161495.203125,161604.28125,161827.0,161717.203125,161840.859375,162060.34375,161909.25,161992.578125,-0.511962890625,0.000244140625,-0.81201171875,-0.7629393935203552,0.4272460639476776,0.5187987685203552,80.0,3808.0,1.0,O,F,O,0
162340.375,162449.625,162671.71875,162561.921875,162685.578125,162905.15625,162754.40625,162837.5625,-0.513427734375,0.000244140625,-0.811767578125,-0.7629393935203552,0.3967284858226776,0.4272460639476776,80.0,3809.0,1.0,O,F,O,0
162183.015625,162291.828125,162514.171875,162404.5625,162528.296875,162747.703125,162597.234375,162680.296875,-0.514404296875,0.001220703125,-0.81298828125,-0.6408690810203552,0.4577636420726776,0.4272460639476776,80.0,3810.0,1.0,O,F,O,0
161356.796875,161465.4375,161688.59375,161578.359375,161702.265625,161921.671875,161771.46875,161854.359375,-0.512939453125,0.001220703125,-0.814208984375,-0.7019042372703552,0.4272460639476776,0.4577636420726776,80.0,3811.0,1.0,O,F,O,0
161448.0,161556.890625,161779.609375,161670.078125,161793.46875,162012.78125,161862.484375,161945.375,-0.511962890625,0.001220703125,-0.813232421875,-0.6713866591453552,0.3967284858226776,0.4577636420726776,80.0,3812.0,1.0,O,F,O,0
162324.28125,162433.4375,162655.703125,162546.1875,162669.828125,162889.6875,162738.5,162821.640625,-0.512939453125,0.00244140625,-0.811279296875,-0.7629393935203552,0.4272460639476776,0.4577636420726776,80.0,3813.0,1.0,O,F,O,0
162380.6875,162489.6875,162711.859375,162602.328125,162726.15625,162945.921875,162794.5625,162877.890625,-0.512939453125,0.000732421875,-0.810546875,-0.6103515028953552,0.4577636420726776,0.4577636420726776,80.0,3814.0,1.0,O,F,O,0
161547.515625,161655.875,161878.578125,161769.0625,161892.796875,162112.203125,161961.546875,162044.796875,-0.512939453125,0.00146484375,-0.811279296875,-0.6408690810203552,0.3967284858226776,0.3967284858226776,80.0,3815.0,1.0,O,F,O,0
161421.53125,161530.078125,161753.140625,161643.359375,161767.1875,161986.59375,161835.9375,161918.8125,-0.51123046875,0.002685546875,-0.8134765625,-0.7019042372703552,0.4272460639476776,0.4577636420726776,80.0,3816.0,1.0,O,F,O,0
162276.265625,162385.515625,162608.140625,162498.359375,162622.0,162841.671875,162690.578125,162773.71875,-0.514404296875,0.002197265625,-0.810791015625,-0.6713866591453552,0.4272460639476776,0.5187987685203552,80.0,3817.0,1.0,O,F,O,0
162548.15625,162657.3125,162879.859375,162770.0625,162893.625,163113.296875,162962.28125,163045.515625,-0.512939453125,0.001953125,-0.808837890625,-0.7019042372703552,0.4272460639476776,0.4577636420726776,80.0,3818.0,1.0,O,F,O,0
161767.453125,161876.53125,162099.234375,161989.53125,162113.09375,162332.5,162181.9375,162264.828125,-0.51416015625,0.0009765625,-0.810546875,-0.7934569716453552,0.4272460639476776,0.4577636420726776,80.0,3819.0,1.0,O,F,O,0
161433.515625,161542.59375,161765.578125,161655.609375,161779.25,161998.5625,161848.0,161931.0625,-0.5126953125,0.00048828125,-0.81201171875,-0.7934569716453552,0.4577636420726776,0.3967284858226776,80.0,3820.0,1.0,O,F,O,0
162209.65625,162318.5625,162541.171875,162431.65625,162555.21875,162774.984375,162624.0625,162707.296875,-0.513427734375,0.0,-0.81298828125,-0.8239745497703552,0.3662109076976776,0.3662109076976776,80.0,3821.0,1.0,O,F,O,0
162681.015625,162790.0,163012.359375,162903.015625,163026.65625,163246.234375,163095.140625,163178.65625,-0.515869140625,0.0009765625,-0.8095703125,-0.7019042372703552,0.5187987685203552,0.3967284858226776,80.0,3822.0,1.0,O,F,O,0
162004.015625,162113.015625,162335.359375,162226.109375,162349.484375,162568.890625,162417.96875,162501.484375,-0.51416015625,0.0,-0.811279296875,-0.7019042372703552,0.5798339247703552,0.3662109076976776,80.0,3823.0,1.0,O,F,O,0
161481.890625,161591.3125,161813.9375,161704.0625,161828.0625,162047.296875,161896.28125,161979.53125,-0.51220703125,0.001220703125,-0.809814453125,-0.6713866591453552,0.4882812201976776,0.4577636420726776,80.0,3824.0,1.0,O,F,O,0
162130.984375,162240.40625,162463.03125,162353.0625,162477.078125,162696.390625,162545.734375,162628.703125,-0.513427734375,0.00048828125,-0.810546875,-0.6408690810203552,0.5187987685203552,0.4577636420726776,80.0,3825.0,1.0,O,F,O,0
162771.578125,162880.296875,163103.1875,162993.21875,163117.046875,163336.1875,163186.078125,163269.046875,-0.513427734375,0.0,-0.81298828125,-0.7324218153953552,0.5187987685203552,0.4577636420726776,80.0,3826.0,1.0,O,F,O,0
162242.46875,162351.09375,162573.90625,162464.46875,162587.578125,162807.078125,162656.78125,162739.9375,-0.5126953125,-0.0009765625,-0.81298828125,-0.7324218153953552,0.4882812201976776,0.4577636420726776,80.0,3827.0,1.0,O,F,O,0
161572.09375,161681.171875,161903.703125,161794.453125,161918.09375,162137.234375,161986.59375,162069.46875,-0.513671875,-0.000732421875,-0.81103515625,-0.7324218153953552,0.3662109076976776,0.4882812201976776,80.0,3828.0,1.0,O,F,O,0
162054.71875,162163.875,162386.140625,162276.890625,162400.453125,162619.5,162469.109375,162551.90625,-0.513427734375,-0.0009765625,-0.813720703125,-0.7324218153953552,0.4272460639476776,0.4882812201976776,80.0,3829.0,1.0,O,F,O,0
162823.890625,162932.875,163155.140625,163045.609375,163169.53125,163388.21875,163238.109375,163321.078125,-0.51416015625,-0.001220703125,-0.81103515625,-0.7019042372703552,0.3967284858226776,0.3967284858226776,80.0,3830.0,1.0,O,F,O,0
162476.984375,162585.53125,162807.796875,162698.265625,162822.1875,163041.59375,162890.84375,162974.0,-0.514404296875,-0.000732421875,-0.810546875,-0.8239745497703552,0.3967284858226776,0.3356933295726776,80.0,3831.0,1.0,O,F,O,0
161700.03125,161809.03125,162031.46875,161921.859375,162045.78125,162264.90625,162114.4375,162197.5,-0.51416015625,0.0,-0.809814453125,-0.7629393935203552,0.4272460639476776,0.4272460639476776,80.0,3832.0,1.0,O,F,O,0
161984.078125,162092.984375,162315.609375,162205.71875,162329.46875,162548.78125,162397.953125,162481.453125,-0.51416015625,-0.0009765625,-0.81005859375,-0.7629393935203552,0.3967284858226776,0.4882812201976776,80.0,3833.0,1.0,O,F,O,0
162835.0625,162943.859375,163166.3125,163056.703125,163180.171875,163399.75,163248.75,163332.4375,-0.515625,-0.001220703125,-0.8115234375,-0.8239745497703552,0.3967284858226776,0.5187987685203552,80.0,3834.0,1.0,O,F,O,0
162699.703125,162808.859375,163031.3125,162921.96875,163045.515625,163264.5625,163114.09375,163197.34375,-0.514404296875,-0.00048828125,-0.812255859375,-0.7629393935203552,0.3967284858226776,0.4882812201976776,80.0,3835.0,1.0,O,F,O,0
161869.546875,161978.546875,162201.15625,162091.546875,162215.015625,162434.6875,162283.859375,162366.828125,-0.514892578125,-0.0009765625,-0.813232421875,-0.7934569716453552,0.4577636420726776,0.3967284858226776,80.0,3836.0,1.0,O,F,O,0
161939.640625,162048.71875,162271.34375,162161.640625,162285.03125,162504.875,162354.40625,162436.921875,-0.512939453125,-0.000244140625,-0.81103515625,-0.7629393935203552,0.3662109076976776,0.3967284858226776,80.0,3837.0,1.0,O,F,O,0
162815.125,162924.46875,163147.09375,163037.296875,163160.671875,163380.171875,163229.875,163312.484375,-0.513427734375,0.00146484375,-0.81298828125,-0.7019042372703552,0.3662109076976776,0.4272460639476776,80.0,3838.0,1.0,O,F,O,0
162899.34375,163008.515625,163231.75,163121.609375,163244.984375,163464.578125,163314.09375,163396.796875,-0.511962890625,0.00146484375,-0.812255859375,-0.7019042372703552,0.4882812201976776,0.4272460639476776,80.0,3839.0,1.0,O,F,O,0
162070.1875,162179.171875,162402.234375,162292.453125,162415.921875,162635.0625,162484.9375,162567.640625,-0.51220703125,0.00146484375,-0.8125,-0.7324218153953552,0.5493163466453552,0.3967284858226776,80.0,3840.0,1.0,O,F,O,0
161922.75,162031.828125,162254.359375,162144.84375,162268.578125,162487.71875,162337.78125,162420.390625,-0.51220703125,0.00244140625,-0.8095703125,-0.6713866591453552,0.5187987685203552,0.3662109076976776,80.0,3841.0,1.0,O,F,O,0
162770.0625,162879.046875,163101.671875,162992.0625,163115.96875,163335.296875,163185.0,163267.609375,-0.512939453125,0.000732421875,-0.810302734375,-0.6408690810203552,0.5187987685203552,0.3662109076976776,80.0,3842.0,1.0,O,F,O,0
163064.65625,163173.828125,163396.0,163286.296875,163410.21875,163629.625,163478.796875,163561.9375,-0.514404296875,0.0,-0.811279296875,-0.6408690810203552,0.5798339247703552,0.3967284858226776,80.0,3843.0,1.0,O,F,O,0
162293.34375,162402.328125,162624.953125,162515.25,162639.171875,162858.578125,162707.65625,162790.71875,-0.513916015625,-0.00048828125,-0.812744140625,-0.6713866591453552,0.4882812201976776,0.5187987685203552,80.0,3844.0,1.0,O,F,O,0
161938.578125,162047.296875,162270.09375,162160.390625,162284.484375,162503.8125,162352.890625,162435.859375,-0.514404296875,0.0,-0.809814453125,-0.6713866591453552,0.4882812201976776,0.3967284858226776,80.0,3845.0,1.0,O,F,O,0
162703.359375,162812.171875,163034.703125,162925.265625,163048.828125,163268.421875,163117.5,163200.90625,-0.514892578125,0.000732421875,-0.812255859375,-0.7019042372703552,0.4882812201976776,0.4882812201976776,80.0,3846.0,1.0,O,F,O,0
163194.46875,163303.734375,163525.90625,163416.03125,163539.859375,163759.171875,163608.515625,163691.9375,-0.513671875,0.000244140625,-0.813232421875,-0.6103515028953552,0.4577636420726776,0.4577636420726776,80.0,3847.0,1.0,O,F,O,0
162531.609375,162640.953125,162863.21875,162753.4375,162877.34375,163096.9375,162946.28125,163029.15625,-0.513427734375,0.0,-0.81103515625,-0.7019042372703552,0.4272460639476776,0.4577636420726776,80.0,3848.0,1.0,O,F,O,0
161993.03125,162102.28125,162324.8125,162215.203125,162339.03125,162558.703125,162407.875,162490.390625,-0.51318359375,0.0009765625,-0.809326171875,-0.6103515028953552,0.3967284858226776,0.5798339247703552,80.0,3849.0,1.0,O,F,O,0
162625.3125,162734.5625,162957.09375,162847.578125,162971.3125,163190.71875,163039.984375,163122.953125,-0.513427734375,0.00244140625,-0.811279296875,-0.6103515028953552,0.3967284858226776,0.4577636420726776,80.0,3850.0,1.0,O,F,O,0
163280.03125,163389.734375,163611.640625,163502.125,163625.59375,163845.265625,163694.703125,163777.765625,-0.51416015625,0.00244140625,-0.812744140625,-0.6408690810203552,0.3662109076976776,0.3967284858226776,80.0,3851.0,1.0,O,F,O,0
162765.953125,162875.203125,163097.46875,162987.9375,163111.5,163331.265625,163180.34375,163263.40625,-0.516357421875,0.00048828125,-0.81201171875,-0.6408690810203552,0.3662109076976776,0.4272460639476776,80.0,3852.0,1.0,O,F,O,0
162081.09375,162190.078125,162413.0625,162303.09375,162426.640625,162646.59375,162495.484375,162578.8125,-0.51318359375,0.001220703125,-0.8125,-0.5798339247703552,0.4577636420726776,0.4272460639476776,80.0,3853.0,1.0,O,F,O,0
162543.59375,162653.109375,162875.734375,162765.765625,162889.15625,163109.53125,162958.4375,163041.765625,-0.512451171875,0.00048828125,-0.81103515625,-0.7324218153953552,0.4882812201976776,0.4577636420726776,80.0,3854.0,1.0,O,F,O,0
163322.78125,163432.203125,163654.65625,163544.859375,163668.25,163888.546875,163737.359375,163820.6875,-0.51318359375,0.0009765625,-0.811767578125,-0.7934569716453552,0.4882812201976776,0.4272460639476776,80.0,3855.0,1.0,O,F,O,0
162997.953125,163107.296875,163329.65625,163219.859375,163343.6875,163563.375,163412.71875,163495.78125,-0.514404296875,0.001708984375,-0.81103515625,-0.7019042372703552,0.4577636420726776,0.3662109076976776,80.0,3856.0,1.0,O,F,O,0
162214.9375,162324.28125,162546.625,162436.484375,162560.484375,162779.984375,162629.609375,162712.484375,-0.513916015625,0.00146484375,-0.81005859375,-0.6408690810203552,0.4577636420726776,0.3967284858226776,80.0,3857.0,1.0,O,F,O,0
162477.15625,162586.234375,162808.859375,162699.15625,162822.71875,163042.390625,162891.5625,162974.796875,-0.51416015625,0.00146484375,-0.81298828125,-0.6103515028953552,0.5798339247703552,0.3662109076976776,80.0,3858.0,1.0,O,F,O,0
163333.40625,163442.578125,163665.03125,163555.234375,163678.875,163898.46875,163747.640625,163831.140625,-0.514892578125,-0.000732421875,-0.81103515625,-0.6103515028953552,0.5798339247703552,0.5187987685203552,80.0,3859.0,1.0,O,F,O,0
163219.421875,163328.234375,163550.40625,163440.875,163564.53125,163784.03125,163633.640625,163716.796875,-0.515869140625,0.00146484375,-0.81494140625,-0.7324218153953552,0.5187987685203552,0.5493163466453552,80.0,3860.0,1.0,O,F,O,0
162387.3125,162495.765625,162718.46875,162608.859375,162732.515625,162952.1875,162801.625,162884.59375,-0.513916015625,0.0,-0.81396484375,-0.7019042372703552,0.3967284858226776,0.3967284858226776,80.0,3861.0,1.0,O,F,O,0
162433.359375,162542.34375,162764.703125,162655.078125,162778.828125,162998.234375,162847.671875,162930.8125,-0.51416015625,0.0009765625,-0.812744140625,-0.7629393935203552,0.3356933295726776,0.3967284858226776,80.0,3862.0,1.0,O,F,O,0
163306.859375,163415.84375,163637.9375,163528.140625,163651.875,163871.203125,163720.8125,163804.3125,-0.514404296875,0.001953125,-0.813232421875,-0.6713866591453552,0.3967284858226776,0.3967284858226776,80.0,3863.0,1.0,O,F,O,0
163409.234375,163518.3125,163740.484375,163630.6875,163754.25,163974.015625,163823.453125,163906.6875,-0.514892578125,0.001220703125,-0.811279296875,-0.7324218153953552,0.4272460639476776,0.4577636420726776,80.0,3864.0,1.0,O,F,O,0
162584.0,162692.8125,162915.34375,162805.828125,162929.296875,163148.78125,162998.40625,163081.640625,-0.514404296875,0.002197265625,-0.810302734375,-0.7934569716453552,0.4272460639476776,0.5187987685203552,80.0,3865.0,1.0,O,F,O,0
162415.203125,162524.28125,162746.90625,162637.203125,162760.40625,162980.078125,162829.421875,162912.84375,-0.514404296875,0.000732421875,-0.808837890625,-0.7019042372703552,0.3356933295726776,0.5187987685203552,80.0,3866.0,1.0,O,F,O,0
163256.171875,163365.421875,163587.859375,163478.34375,163601.546875,163821.484375,163670.75,163754.078125,-0.51513671875,0.0009765625,-0.81494140625,-0.8239745497703552,0.3051757514476776,0.4882812201976776,80.0,3867.0,1.0,O,F,O,0
163571.328125,163680.578125,163902.75,163793.234375,163916.703125,164136.640625,163985.90625,164068.96875,-0.51416015625,0.001953125,-0.811767578125,-0.7934569716453552,0.3967284858226776,0.4577636420726776,80.0,3868.0,1.0,O,F,O,0
162808.6875,162918.203125,163140.296875,163030.859375,163154.234375,163373.828125,163223.4375,163306.40625,-0.512939453125,0.00048828125,-0.813232421875,-0.7019042372703552,0.3662109076976776,0.3967284858226776,80.0,3869.0,1.0,O,F,O,0
162434.25,162543.0625,162765.765625,162655.984375,162779.8125,162999.296875,162848.65625,162931.96875,-0.51611328125,0.0,-0.813720703125,-0.6103515028953552,0.4882812201976776,0.3662109076976776,80.0,3870.0,1.0,O,F,O,0
163188.3125,163297.65625,163520.09375,163410.296875,163534.125,163753.8125,163602.96875,163686.484375,-0.513916015625,-0.0009765625,-0.811279296875,-0.6713866591453552,0.4882812201976776,0.3662109076976776,80.0,3871.0,1.0,O,F,O,0
163694.171875,163803.25,164025.953125,163915.90625,164040.0,164259.3125,164108.296875,164192.34375,-0.51220703125,0.00146484375,-0.8154296875,-0.7324218153953552,0.4882812201976776,0.4882812201976776,80.0,3872.0,1.0,O,F,O,0
163041.953125,163150.578125,163373.203125,163263.3125,163387.328125,163606.90625,163455.90625,163539.5,-0.510986328125,0.000244140625,-0.8134765625,-0.6713866591453552,0.5493163466453552,0.4272460639476776,80.0,3873.0,1.0,O,F,O,0
162489.40625,162598.578125,162820.75,162711.234375,162834.96875,163054.546875,162903.640625,162987.046875,-0.513427734375,0.0009765625,-0.811279296875,-0.6713866591453552,0.4272460639476776,0.6408690810203552,80.0,3874.0,1.0,O,F,O,0
163109.71875,163219.15625,163441.15625,163331.71875,163455.453125,163674.765625,163523.9375,163607.53125,-0.511962890625,0.000732421875,-0.81103515625,-0.6713866591453552,0.4272460639476776,0.4882812201976776,80.0,3875.0,1.0,O,F,O,0
163779.546875,163888.625,164110.890625,164001.28125,164125.109375,164344.15625,164193.59375,164277.46875,-0.513671875,0.0009765625,-0.811767578125,-0.7019042372703552,0.3967284858226776,0.5493163466453552,80.0,3876.0,1.0,O,F,O,0
163282.71875,163391.625,163614.15625,163504.453125,163628.1875,163847.421875,163696.9375,163780.53125,-0.5126953125,0.002197265625,-0.810546875,-0.8544921278953552,0.3356933295726776,0.5798339247703552,80.0,3877.0,1.0,O,F,O,0
162586.59375,162695.578125,162917.9375,162808.421875,162932.328125,163151.375,163000.8125,163084.328125,-0.51220703125,0.002685546875,-0.81103515625,-0.8544921278953552,0.3051757514476776,0.5187987685203552,80.0,3878.0,1.0,O,F,O,0
163030.0625,163138.59375,163361.125,163251.703125,163375.609375,163594.578125,163444.09375,163527.515625,-0.513427734375,0.001708984375,-0.80859375,-0.7934569716453552,0.3662109076976776,0.5187987685203552,80.0,3879.0,1.0,O,F,O,0
163819.34375,163928.421875,164150.59375,164041.0625,164164.890625,164383.953125,164233.734375,164316.890625,-0.51171875,0.0,-0.809814453125,-0.7629393935203552,0.4272460639476776,0.5187987685203552,80.0,3880.0,1.0,O,F,O,0
163514.109375,163623.09375,163845.53125,163735.5625,163859.578125,164078.703125,163928.328125,164011.46875,-0.51318359375,0.000244140625,-0.810791015625,-0.7629393935203552,0.4882812201976776,0.4272460639476776,80.0,3881.0,1.0,O,F,O,0
162723.203125,162832.28125,163054.734375,162945.03125,163068.859375,163287.90625,163137.703125,163220.765625,-0.512939453125,0.00048828125,-0.811767578125,-0.7324218153953552,0.4882812201976776,0.3967284858226776,80.0,3882.0,1.0,O,F,O,0
162967.375,163076.71875,163298.90625,163189.375,163312.9375,163532.25,163381.875,163465.28125,-0.5126953125,0.000244140625,-0.812255859375,-0.7324218153953552,0.4272460639476776,0.4577636420726776,80.0,3883.0,1.0,O,F,O,0
163826.765625,163936.015625,164158.015625,164048.40625,164172.140625,164391.640625,164240.625,164324.578125,-0.512451171875,0.000732421875,-0.81201171875,-0.7019042372703552,0.5187987685203552,0.4272460639476776,80.0,3884.0,1.0,O,F,O,0
163729.75,163839.015625,164061.0,163951.65625,164074.859375,164294.359375,164143.625,164227.390625,-0.513671875,0.00048828125,-0.810546875,-0.6713866591453552,0.5493163466453552,0.5187987685203552,80.0,3885.0,1.0,O,F,O,0
162894.6875,163004.03125,163225.953125,163116.59375,163240.25,163459.484375,163309.09375,163392.59375,-0.513916015625,0.00244140625,-0.81298828125,-0.6713866591453552,0.4882812201976776,0.4577636420726776,80.0,3886.0,1.0,O,F,O,0
162921.34375,163030.59375,163252.671875,163143.25,163266.890625,163486.296875,163335.734375,163419.328125,-0.513916015625,0.0009765625,-0.8125,-0.6408690810203552,0.4577636420726776,0.4272460639476776,80.0,3887.0,1.0,O,F,O,0
163795.640625,163904.8125,164126.71875,164017.28125,164141.296875,164360.515625,164210.046875,164293.46875,-0.513427734375,0.000732421875,-0.80810546875,-0.6103515028953552,0.4577636420726776,0.4272460639476776,80.0,3888.0,1.0,O,F,O,0
163916.078125,164025.421875,164247.421875,164137.890625,164261.90625,164481.046875,164330.125,164413.890625,-0.511962890625,0.0009765625,-0.80810546875,-0.6713866591453552,0.3662109076976776,0.4882812201976776,80.0,3889.0,1.0,O,F,O,0
163092.46875,163201.53125,163423.984375,163314.28125,163438.203125,163657.421875,163506.328125,163590.09375,-0.514892578125,0.0009765625,-0.811279296875,-0.6103515028953552,0.3356933295726776,0.4882812201976776,80.0,3890.0,1.0,O,F,O,0
162905.0625,163014.3125,163236.671875,163126.890625,163250.796875,163470.03125,163319.203125,163402.96875,-0.515869140625,0.001708984375,-0.81201171875,-0.6408690810203552,0.3356933295726776,0.4577636420726776,80.0,3891.0,1.0,O,F,O,0
163742.453125,163851.609375,164073.96875,163964.453125,164088.28125,164307.5,164156.859375,164240.53125,-0.514404296875,0.00048828125,-0.8134765625,-0.7019042372703552,0.3662109076976776,0.5493163466453552,80.0,3892.0,1.0,O,F,O,0
164076.921875,164186.453125,164408.171875,164298.828125,164422.84375,164642.15625,164491.5,164575.1875,-0.512939453125,0.0009765625,-0.812744140625,-0.7324218153953552,0.5187987685203552,0.4882812201976776,80.0,3893.0,1.0,O,F,O,0
163321.4375,163430.59375,163652.421875,163542.71875,163666.984375,163886.03125,163735.828125,163819.34375,-0.513671875,-0.001953125,-0.81103515625,-0.6408690810203552,0.5798339247703552,0.4272460639476776,80.0,3894.0,1.0,O,F,O,0
162929.03125,163038.375,163260.1875,163150.671875,163274.671875,163493.625,163343.34375,163426.671875,-0.514404296875,-0.001708984375,-0.8076171875,-0.7019042372703552,0.5493163466453552,0.4272460639476776,80.0,3895.0,1.0,O,F,O,0
163670.125,163779.546875,164001.8125,163892.03125,164015.953125,164235.171875,164084.15625,164167.84375,-0.514892578125,-0.00048828125,-0.80810546875,-0.7324218153953552,0.4882812201976776,0.3967284858226776,80.0,3896.0,1.0,O,F,O,0
164193.0625,164302.671875,164525.125,164414.875,164538.984375,164758.203125,164607.1875,164691.328125,-0.512939453125,0.0,-0.810791015625,-0.7019042372703552,0.4272460639476776,0.3662109076976776,80.0,3897.0,1.0,O,F,O,0
163554.96875,163664.21875,163886.484375,163776.875,163900.4375,164119.84375,163969.09375,164052.78125,-0.51416015625,-0.000244140625,-0.81201171875,-0.7019042372703552,0.3967284858226776,0.3356933295726776,80.0,3898.0,1.0,O,F,O,0
162988.125,163097.203125,163319.203125,163210.03125,163333.6875,163552.734375,163402.34375,163485.671875,-0.51220703125,-0.001220703125,-0.812744140625,-0.7629393935203552,0.4577636420726776,0.3356933295726776,80.0,3899.0,1.0,O,F,O,0
163591.796875,163700.96875,163923.046875,163813.796875,163937.265625,164156.5,164005.9375,164089.53125,-0.51220703125,0.000732421875,-0.81103515625,-0.7629393935203552,0.4577636420726776,0.3662109076976776,80.0,3900.0,1.0,O,F,O,0
164273.703125,164383.046875,164605.046875,164495.703125,164619.359375,164838.765625,164688.015625,164771.53125,-0.51123046875,0.000732421875,-0.81201171875,-0.7934569716453552,0.4577636420726776,0.4272460639476776,80.0,3901.0,1.0,O,F,O,0
163793.6875,163903.03125,164124.84375,164015.671875,164139.234375,164358.828125,164208.078125,164291.671875,-0.512939453125,0.001953125,-0.81298828125,-0.7324218153953552,0.5493163466453552,0.4272460639476776,80.0,3902.0,1.0,O,F,O,0
163088.53125,163198.046875,163420.140625,163310.25,163434.265625,163653.578125,163503.203125,163586.4375,-0.51416015625,0.001708984375,-0.81396484375,-0.7324218153953552,0.4577636420726776,0.3967284858226776,80.0,3903.0,1.0,O,F,O,0
163515.453125,163624.609375,163846.703125,163737.0,163861.0,164080.234375,163929.765625,164013.171875,-0.51416015625,-0.0009765625,-0.814208984375,-0.7629393935203552,0.4272460639476776,0.3356933295726776,80.0,3904.0,1.0,O,F,O,0
164311.796875,164421.234375,164643.046875,164533.34375,164657.359375,164876.3125,164725.65625,164809.515625,-0.513671875,-0.000732421875,-0.811279296875,-0.8239745497703552,0.4272460639476776,0.4272460639476776,80.0,3905.0,1.0,O,F,O,0
164026.234375,164135.296875,164357.390625,164247.59375,164371.421875,164590.828125,164440.0,164523.6875,-0.5146484375,0.000244140625,-0.810302734375,-0.7629393935203552,0.4577636420726776,0.4577636420726776,80.0,3906.0,1.0,O,F,O,0
163229.703125,163338.515625,163561.3125,163450.984375,163574.90625,163794.65625,163643.65625,163727.34375,-0.513916015625,0.000244140625,-0.8125,-0.7629393935203552,0.4882812201976776,0.3967284858226776,80.0,3907.0,1.0,O,F,O,0
163450.625,163559.96875,163782.328125,163672.4375,163796.546875,164015.671875,163865.03125,163948.53125,-0.515380859375,0.002197265625,-0.809326171875,-0.7629393935203552,0.5187987685203552,0.4272460639476776,80.0,3908.0,1.0,O,F,O,0
164312.859375,164422.65625,164644.390625,164534.6875,164658.875,164877.921875,164727.265625,164810.6875,-0.513916015625,0.000732421875,-0.811279296875,-0.8239745497703552,0.4882812201976776,0.3967284858226776,80.0,3909.0,1.0,O,F,O,0
164239.46875,164349.078125,164571.15625,164461.375,164585.296875,164804.515625,164653.78125,164737.546875,-0.5146484375,0.00048828125,-0.81005859375,-0.7629393935203552,0.5493163466453552,0.4577636420726776,80.0,3910.0,1.0,O,F,O,0
163405.296875,163514.46875,163736.90625,163627.203125,163750.9375,163970.265625,163819.515625,163903.390625,-0.5146484375,0.00048828125,-0.81005859375,-0.7629393935203552,0.4577636420726776,0.3662109076976776,80.0,3911.0,1.0,O,F,O,0
163410.21875,163519.640625,163741.5625,163632.03125,163755.859375,163975.4375,163824.53125,163908.125,-0.512939453125,0.00146484375,-0.8115234375,-0.6408690810203552,0.4577636420726776,0.4577636420726776,80.0,3912.0,1.0,O,F,O,0
164283.359375,164392.96875,164614.703125,164505.0,164628.828125,164848.328125,164697.40625,164781.1875,-0.510498046875,0.00244140625,-0.810546875,-0.6713866591453552,0.4577636420726776,0.4272460639476776,80.0,3913.0,1.0,O,F,O,0
164426.234375,164535.3125,164757.21875,164647.703125,164771.34375,164990.65625,164839.921875,164923.875,-0.512451171875,0.002197265625,-0.808349609375,-0.7019042372703552,0.3967284858226776,0.3356933295726776,80.0,3914.0,1.0,O,F,O,0
163608.34375,163717.421875,163939.859375,163830.25,163954.171875,164173.390625,164022.390625,164106.15625,-0.51416015625,0.001220703125,-0.810302734375,-0.5798339247703552,0.3662109076976776,0.4882812201976776,80.0,3915.0,1.0,O,F,O,0
163398.859375,163508.390625,163730.296875,163620.859375,163744.78125,163963.90625,163813.0,163896.671875,-0.5146484375,-0.0009765625,-0.815673828125,-0.7324218153953552,0.4577636420726776,0.4882812201976776,80.0,3916.0,1.0,O,F,O,0
164226.40625,164336.015625,164557.75,164447.953125,164572.0625,164791.1875,164640.1875,164724.140625,-0.512451171875,-0.00146484375,-0.814453125,-0.6408690810203552,0.5187987685203552,0.4272460639476776,80.0,3917.0,1.0,O,F,O,0
164578.140625,164687.84375,164909.5625,164799.6875,164923.609375,165143.1875,164992.0,165076.046875,-0.511962890625,-0.0009765625,-0.8125,-0.6408690810203552,0.5187987685203552,0.4577636420726776,80.0,3918.0,1.0,O,F,O,0
163833.203125,163942.90625,164164.71875,164054.921875,164178.84375,164398.34375,164247.234375,164330.921875,-0.51416015625,0.001708984375,-0.810302734375,-0.6713866591453552,0.4882812201976776,0.4272460639476776,80.0,3919.0,1.0,O,F,O,0
163424.25,163533.953125,163756.3125,163646.34375,163770.34375,163989.578125,163838.734375,163922.15625,-0.515625,-0.00048828125,-0.811767578125,-0.6103515028953552,0.4882812201976776,0.4882812201976776,80.0,3920.0,1.0,O,F,O,0
164156.9375,164266.546875,164488.546875,164378.765625,164502.953125,164722.171875,164571.515625,164654.9375,-0.515625,-0.000244140625,-0.810791015625,-0.7324218153953552,0.4882812201976776,0.4577636420726776,80.0,3921.0,1.0,O,F,O,0
164698.65625,164808.0,165029.90625,164920.296875,165044.3125,165263.53125,165112.875,165196.65625,-0.514404296875,-0.001708984375,-0.810546875,-0.7324218153953552,0.4577636420726776,0.3967284858226776,80.0,3922.0,1.0,O,F,O,0
164075.140625,164184.484375,164406.296875,164296.421875,164420.609375,164640.09375,164489.171875,164572.953125,-0.513427734375,0.000244140625,-0.8134765625,-0.7324218153953552,0.4577636420726776,0.3662109076976776,80.0,3923.0,1.0,O,F,O,0
163490.765625,163600.296875,163822.109375,163712.3125,163836.328125,164055.828125,163905.0,163988.59375,-0.513671875,0.002685546875,-0.811767578125,-0.6408690810203552,0.4882812201976776,0.3662109076976776,80.0,3924.0,1.0,O,F,O,0
164078.0,164187.25,164409.0625,164299.546875,164423.375,164642.78125,164492.125,164575.984375,-0.513427734375,0.001708984375,-0.814453125,-0.6103515028953552,0.4577636420726776,0.3967284858226776,80.0,3925.0,1.0,O,F,O,0
164774.03125,164883.734375,165105.546875,164995.578125,165119.765625,165338.8125,165188.515625,165272.203125,-0.513671875,-0.000244140625,-0.813720703125,-0.7324218153953552,0.4882812201976776,0.3662109076976776,80.0,3926.0,1.0,O,F,O,0
164311.078125,164420.421875,164642.421875,164532.625,164656.453125,164876.125,164725.484375,164809.078125,-0.51416015625,0.0,-0.813720703125,-0.7324218153953552,0.5187987685203552,0.3967284858226776,80.0,3927.0,1.0,O,F,O,0
163592.875,163702.21875,163924.21875,163814.25,163937.890625,164157.828125,164007.1875,164090.59375,-0.515625,0.000244140625,-0.813232421875,-0.6713866591453552,0.4577636420726776,0.3662109076976776,80.0,3928.0,1.0,O,F,O,0
164002.359375,164111.34375,164333.515625,164223.734375,164347.5625,164566.875,164416.40625,164500.078125,-0.513427734375,0.00146484375,-0.81103515625,-0.7019042372703552,0.4882812201976776,0.3356933295726776,80.0,3929.0,1.0,O,F,O,0
164809.515625,164918.875,165140.78125,165030.890625,165154.453125,165374.390625,165223.5625,165307.515625,-0.513916015625,0.001708984375,-0.80712890625,-0.6713866591453552,0.5187987685203552,0.3662109076976776,80.0,3930.0,1.0,O,F,O,0
164542.375,164651.453125,164873.71875,164763.828125,164887.578125,165107.515625,164956.328125,165040.28125,-0.5146484375,0.0,-0.80859375,-0.6713866591453552,0.4577636420726776,0.4577636420726776,80.0,3931.0,1.0,O,F,O,0
163739.59375,163848.484375,164070.9375,163960.96875,164085.0625,164304.1875,164153.359375,164237.234375,-0.514892578125,0.00146484375,-0.81201171875,-0.7629393935203552,0.4272460639476776,0.4882812201976776,80.0,3932.0,1.0,O,F,O,0
163943.4375,164052.6875,164274.78125,164164.984375,164288.546875,164508.21875,164357.578125,164441.078125,-0.511962890625,0.000244140625,-0.8134765625,-0.7019042372703552,0.3967284858226776,0.4272460639476776,80.0,3933.0,1.0,O,F,O,0
164807.828125,164917.078125,165139.4375,165029.203125,165152.578125,165372.609375,165221.78125,165305.640625,-0.513427734375,-0.000732421875,-0.81298828125,-0.6713866591453552,0.4882812201976776,0.5187987685203552,80.0,3934.0,1.0,O,F,O,0
164753.015625,164862.71875,165084.890625,164974.484375,165098.390625,165318.34375,165167.234375,165250.828125,-0.5126953125,0.000244140625,-0.812255859375,-0.7324218153953552,0.3967284858226776,0.4272460639476776,80.0,3935.0,1.0,O,F,O,0
163917.421875,164026.671875,164248.671875,164138.796875,164262.890625,164482.5625,164331.46875,164414.875,-0.5146484375,0.001220703125,-0.812744140625,-0.7324218153953552,0.5187987685203552,0.4882812201976776,80.0,3936.0,1.0,O,F,O,0
163902.125,164011.46875,164233.296875,164123.765625,164247.421875,164467.09375,164316.4375,164399.859375,-0.513671875,0.001220703125,-0.8134765625,-0.7629393935203552,0.4882812201976776,0.5187987685203552,80.0,3937.0,1.0,O,F,O,0
164773.40625,164883.015625,165104.65625,164995.046875,165118.875,165338.1875,165187.453125,165271.3125,-0.512451171875,0.001953125,-0.812255859375,-0.7629393935203552,0.3662109076976776,0.4577636420726776,80.0,3938.0,1.0,O,F,O,0
164936.03125,165045.28125,165267.375,165157.578125,165281.6875,165500.8125,165350.078125,165434.125,-0.512451171875,0.00146484375,-0.81103515625,-0.6408690810203552,0.4272460639476776,0.4577636420726776,80.0,3939.0,1.0,O,F,O,0
164123.953125,164233.390625,164455.46875,164345.59375,164469.59375,164688.828125,164538.265625,164621.859375,-0.513671875,-0.000244140625,-0.8125,-0.5798339247703552,0.4272460639476776,0.3967284858226776,80.0,3940.0,1.0,O,F,O,0
163894.53125,164003.78125,164226.140625,164116.265625,164240.171875,164459.5,164308.9375,164392.4375,-0.513671875,0.000732421875,-0.8134765625,-0.6103515028953552,0.4577636420726776,0.4882812201976776,80.0,3941.0,1.0,O,F,O,0
164714.21875,164823.734375,165045.734375,164935.765625,165059.6875,165279.453125,165128.53125,165212.390625,-0.51513671875,0.0029296875,-0.8125,-0.6408690810203552,0.4272460639476776,0.3967284858226776,80.0,3942.0,1.0,O,F,O,0
165084.09375,165193.53125,165415.703125,165305.46875,165429.109375,165649.140625,165498.21875,165582.0,-0.513916015625,-0.00048828125,-0.81201171875,-0.8239745497703552,0.3967284858226776,0.4882812201976776,80.0,3943.0,1.0,O,F,O,0
164348.453125,164457.796875,164679.875,164569.90625,164693.734375,164913.328125,164762.40625,164846.171875,-0.5146484375,0.0009765625,-0.81103515625,-0.7629393935203552,0.5187987685203552,0.4882812201976776,80.0,3944.0,1.0,O,F,O,0
163918.578125,164028.46875,164250.375,164140.9375,164264.40625,164484.078125,164333.4375,164416.671875,-0.51513671875,0.001708984375,-0.81201171875,-0.7629393935203552,0.4272460639476776,0.4577636420726776,80.0,3945.0,1.0,O,F,O,0
164636.515625,164746.140625,164968.046875,164858.609375,164981.90625,165201.484375,165050.75,165134.609375,-0.515869140625,0.001220703125,-0.808837890625,-0.7629393935203552,0.5187987685203552,0.4577636420726776,80.0,3946.0,1.0,O,F,O,0
165193.890625,165303.234375,165525.578125,165415.515625,165538.90625,165758.578125,165607.84375,165692.0625,-0.514892578125,0.00048828125,-0.8115234375,-0.7629393935203552,0.4577636420726776,0.4882812201976776,80.0,3947.0,1.0,O,F,O,0
164584.21875,164693.5625,164915.828125,164805.765625,164929.59375,165149.09375,164998.171875,165082.390625,-0.514892578125,0.0009765625,-0.810302734375,-0.6408690810203552,0.4882812201976776,0.5187987685203552,80.0,3948.0,1.0,O,F,O,0
163985.453125,164095.15625,164317.515625,164207.359375,164331.015625,164550.515625,164399.6875,164483.546875,-0.51123046875,0.000244140625,-0.81005859375,-0.7324218153953552,0.4882812201976776,0.4272460639476776,80.0,3949.0,1.0,O,F,O,0
164555.515625,164665.40625,164887.3125,164776.984375,164901.171875,165120.65625,164969.734375,165053.6875,-0.51220703125,0.001220703125,-0.812744140625,-0.8544921278953552,0.5187987685203552,0.4272460639476776,80.0,3950.0,1.0,O,F,O,0
165264.15625,165373.6875,165595.5,165485.53125,165609.359375,165829.03125,165678.015625,165762.421875,-0.513916015625,-0.00048828125,-0.813720703125,-0.7324218153953552,0.5187987685203552,0.3967284858226776,80.0,3951.0,1.0,O,F,O,0
164820.703125,164929.953125,165152.21875,165042.0625,165165.625,165385.296875,165234.390625,165318.875,-0.513916015625,0.002197265625,-0.813720703125,-0.6408690810203552,0.5493163466453552,0.4882812201976776,80.0,3952.0,1.0,O,F,O,0
164093.90625,164203.4375,164425.78125,164315.90625,164439.46875,164659.140625,164508.046875,164591.90625,-0.511962890625,0.002197265625,-0.81103515625,-0.7019042372703552,0.4882812201976776,0.4577636420726776,80.0,3953.0,1.0,O,F,O,0
164481.9375,164591.734375,164814.0,164704.015625,164827.671875,165047.34375,164896.25,164980.109375,-0.513916015625,0.00048828125,-0.8125,-0.6408690810203552,0.4882812201976776,0.3662109076976776,80.0,3954.0,1.0,O,F,O,0
165295.09375,165405.0625,165627.234375,165516.90625,165641.0,165860.859375,165709.671875,165793.53125,-0.513916015625,-0.000244140625,-0.81201171875,-0.7324218153953552,0.4882812201976776,0.3967284858226776,80.0,3955.0,1.0,O,F,O,0
165048.953125,165158.5625,165381.1875,165270.859375,165394.78125,165614.359375,165463.453125,165547.21875,-0.51318359375,0.001708984375,-0.813232421875,-0.7019042372703552,0.4882812201976776,0.4577636420726776,80.0,3956.0,1.0,O,F,O,0
164242.421875,164351.84375,164574.03125,164464.328125,164587.96875,164807.5625,164656.71875,164740.5,-0.5126953125,-0.000244140625,-0.812744140625,-0.7324218153953552,0.4882812201976776,0.4272460639476776,80.0,3957.0,1.0,O,F,O,0
164424.0,164533.96875,164755.96875,164646.0,164769.828125,164989.59375,164838.21875,164922.53125,-0.515869140625,-0.000732421875,-0.8115234375,-0.7324218153953552,0.4882812201976776,0.4272460639476776,80.0,3958.0,1.0,O,F,O,0
165291.609375,165401.390625,165623.578125,165513.421875,165636.984375,165857.109375,165705.828125,165790.046875,-0.51513671875,0.00048828125,-0.81494140625,-0.7629393935203552,0.4577636420726776,0.3967284858226776,80.0,3959.0,1.0,O,F,O,0
165257.8125,165367.421875,165589.421875,165479.453125,165603.28125,165823.046875,165672.203125,165756.15625,-0.513427734375,0.0009765625,-0.80908203125,-0.7324218153953552,0.3662109076976776,0.4272460639476776,80.0,3960.0,1.0,O,F,O,0
164420.875,164530.21875,164752.84375,164642.328125,164766.15625,164986.1875,164835.359375,164919.40625,-0.513916015625,0.0009765625,-0.811279296875,-0.7934569716453552,0.4577636420726776,0.4882812201976776,80.0,3961.0,1.0,O,F,O,0
164385.828125,164495.25,164717.515625,164607.734375,164731.296875,164951.046875,164800.140625,164884.171875,-0.512939453125,0.000732421875,-0.81005859375,-0.7019042372703552,0.4577636420726776,0.3967284858226776,80.0,3962.0,1.0,O,F,O,0
165256.015625,165365.546875,165587.71875,165477.578125,165601.484375,165821.15625,165670.15625,165754.375,-0.51416015625,0.000732421875,-0.810546875,-0.7629393935203552,0.4882812201976776,0.3662109076976776,80.0,3963.0,1.0,O,F,O,0
165437.15625,165546.328125,165768.859375,165658.4375,165782.53125,166002.21875,165851.296875,165935.609375,-0.512939453125,0.00048828125,-0.815185546875,-0.7629393935203552,0.4882812201976776,0.3662109076976776,80.0,3964.0,1.0,O,F,O,0
164628.203125,164737.8125,164960.0,164849.84375,164973.765625,165193.703125,165042.609375,165126.375,-0.515625,0.000244140625,-0.81494140625,-0.7324218153953552,0.5187987685203552,0.3967284858226776,80.0,3965.0,1.0,O,F,O,0
164379.46875,164489.359375,164711.265625,164601.296875,164725.03125,164944.96875,164793.875,164877.65625,-0.512939453125,0.00048828125,-0.812744140625,-0.7324218153953552,0.5187987685203552,0.3967284858226776,80.0,3966.0,1.0,O,F,O,0
165192.453125,165302.421875,165524.234375,165414.453125,165538.1875,165757.953125,165607.03125,165690.71875,-0.5126953125,0.001953125,-0.813232421875,-0.6103515028953552,0.5187987685203552,0.4272460639476776,80.0,3967.0,1.0,O,F,O,0
165582.0,165691.703125,165913.78125,165804.0,165927.5625,166147.234375,165996.3125,166080.53125,-0.51318359375,0.000732421875,-0.814453125,-0.7324218153953552,0.4577636420726776,0.3967284858226776,80.0,3968.0,1.0,O,F,O,0
164855.390625,164964.828125,165186.90625,165077.03125,165200.59375,165420.625,165269.703125,165353.65625,-0.513671875,0.000732421875,-0.81396484375,-0.6408690810203552,0.4272460639476776,0.4272460639476776,80.0,3969.0,1.0,O,F,O,0
164410.140625,164519.671875,164741.75,164631.875,164755.515625,164975.46875,164824.359375,164908.234375,-0.5126953125,0.002197265625,-0.8115234375,-0.6408690810203552,0.3356933295726776,0.3967284858226776,80.0,3970.0,1.0,O,F,O,0
165119.859375,165229.375,165451.375,165341.5,165465.234375,165685.0,165533.625,165617.84375,-0.513427734375,0.000732421875,-0.81103515625,-0.6408690810203552,0.3662109076976776,0.4577636420726776,80.0,3971.0,1.0,O,F,O,0
165692.421875,165802.203125,166024.109375,165913.96875,166037.796875,166257.375,166106.1875,166190.765625,-0.511474609375,0.000732421875,-0.812255859375,-0.6713866591453552,0.4272460639476776,0.4882812201976776,80.0,3972.0,1.0,O,F,O,0
165092.859375,165202.5625,165424.640625,165314.765625,165438.046875,165658.078125,165506.984375,165590.9375,-0.513916015625,-0.000244140625,-0.81298828125,-0.6103515028953552,0.3967284858226776,0.5187987685203552,80.0,3973.0,1.0,O,F,O,0
164480.140625,164589.21875,164811.765625,164701.78125,164825.265625,165045.375,164894.1875,164977.703125,-0.5126953125,-0.000244140625,-0.813232421875,-0.7019042372703552,0.4577636420726776,0.5493163466453552,80.0,3974.0,1.0,O,F,O,0
165035.546875,165144.890625,165367.515625,165257.265625,165381.09375,165601.046875,165449.765625,165533.546875,-0.51416015625,0.00048828125,-0.81298828125,-0.7019042372703552,0.5493163466453552,0.4577636420726776,80.0,3975.0,1.0,O,F,O,0
165754.46875,165864.171875,166086.34375,165975.921875,166099.84375,166319.78125,166169.046875,166252.640625,-0.512451171875,0.0009765625,-0.811279296875,-0.7934569716453552,0.5187987685203552,0.4577636420726776,80.0,3976.0,1.0,O,F,O,0
165327.28125,165436.71875,165659.34375,165548.828125,165672.84375,165892.515625,165741.6875,165825.453125,-0.5126953125,0.001953125,-0.80908203125,-0.8850097060203552,0.5187987685203552,0.5187987685203552,80.0,3977.0,1.0,O,F,O,0
164591.09375,164700.53125,164923.0625,164812.734375,164936.296875,165156.421875,165005.140625,165089.015625,-0.5126953125,0.00146484375,-0.810302734375,-0.7629393935203552,0.4882812201976776,0.4882812201976776,80.0,3978.0,1.0,O,F,O,0
164960.890625,165070.59375,165293.03125,165182.53125,165306.0,165526.125,165375.109375,165458.703125,-0.51220703125,0.0009765625,-0.8115234375,-0.7019042372703552,0.5493163466453552,0.4577636420726776,80.0,3979.0,1.0,O,F,O,0
165782.984375,165892.328125,166114.953125,166004.359375,166128.1875,166348.03125,166196.84375,166280.984375,-0.513427734375,0.00146484375,-0.813232421875,-0.7019042372703552,0.5187987685203552,0.3967284858226776,80.0,3980.0,1.0,O,F,O,0
165556.25,165665.59375,165888.125,165777.703125,165901.71875,166120.9375,165970.296875,166054.15625,-0.513671875,0.00146484375,-0.811767578125,-0.7629393935203552,0.4272460639476776,0.5187987685203552,80.0,3981.0,1.0,O,F,O,0
164742.734375,164851.640625,165074.4375,164964.015625,165087.40625,165306.71875,165156.515625,165240.203125,-0.513916015625,0.001953125,-0.813232421875,-0.7934569716453552,0.3967284858226776,0.4272460639476776,80.0,3982.0,1.0,O,F,O,0
164902.953125,165011.84375,165234.390625,165124.328125,165247.890625,165467.640625,165316.734375,165400.5,-0.513671875,0.000732421875,-0.815185546875,-0.7629393935203552,0.4272460639476776,0.3967284858226776,80.0,3983.0,1.0,O,F,O,0
165774.3125,165883.84375,166105.65625,165995.953125,166119.515625,166339.359375,166188.453125,166272.21875,-0.51318359375,0.001708984375,-0.812744140625,-0.7324218153953552,0.4882812201976776,0.4272460639476776,80.0,3984.0,1.0,O,F,O,0
165764.390625,165874.0,166095.828125,165985.9375,166109.59375,166329.53125,166178.34375,166262.46875,-0.51416015625,0.002685546875,-0.812744140625,-0.7324218153953552,0.4272460639476776,0.4882812201976776,80.0,3985.0,1.0,O,F,O,0
164928.078125,165037.328125,165259.6875,165149.625,165273.359375,165492.6875,165341.9375,165425.984375,-0.512939453125,0.001220703125,-0.811279296875,-0.7324218153953552,0.3662109076976776,0.4577636420726776,80.0,3986.0,1.0,O,F,O,0
164868.265625,164977.875,165199.96875,165089.90625,165213.828125,165433.5,165282.484375,165366.53125,-0.5126953125,-0.000244140625,-0.814453125,-0.7324218153953552,0.5187987685203552,0.3662109076976776,80.0,3987.0,1.0,O,F,O,0
165734.4375,165843.96875,166066.140625,165955.984375,166079.640625,166299.484375,166148.390625,166232.875,-0.5126953125,-0.000732421875,-0.81103515625,-0.7019042372703552,0.5493163466453552,0.3967284858226776,80.0,3988.0,1.0,O,F,O,0
165938.546875,166047.90625,166270.25,166160.015625,166284.109375,166503.609375,166352.78125,166437.09375,-0.512451171875,0.0009765625,-0.81005859375,-0.8239745497703552,0.4272460639476776,0.4882812201976776,80.0,3989.0,1.0,O,F,O,0
165135.40625,165244.578125,165466.84375,165356.515625,165480.609375,165700.46875,165549.8125,165633.40625,-0.513671875,0.001708984375,-0.80810546875,-0.7934569716453552,0.4272460639476776,0.4577636420726776,80.0,3990.0,1.0,O,F,O,0
164868.625,164978.140625,165200.046875,165090.0,165213.640625,165433.5,165283.015625,165366.53125,-0.513671875,0.002197265625,-0.811279296875,-0.6408690810203552,0.4577636420726776,0.3967284858226776,80.0,3991.0,1.0,O,F,O,0
165673.546875,165782.890625,166005.15625,165895.015625,166018.65625,166238.25,166087.421875,166171.734375,-0.51416015625,0.001220703125,-0.812255859375,-0.7629393935203552,0.4577636420726776,0.4577636420726776,80.0,3992.0,1.0,O,F,O,0
166079.546875,166189.25,166411.25,166301.09375,166424.75,166644.515625,166493.765625,166577.8125,-0.5146484375,0.00244140625,-0.8125,-0.7629393935203552,0.4882812201976776,0.3967284858226776,80.0,3993.0,1.0,O,F,O,0
165361.609375,165471.140625,165693.046875,165582.984375,165706.71875,165926.65625,165775.5625,165859.421875,-0.513916015625,0.00048828125,-0.81201171875,-0.7019042372703552,0.5187987685203552,0.3356933295726776,80.0,3994.0,1.0,O,F,O,0
164900.8125,165010.0625,165232.0625,165122.53125,165246.09375,165465.765625,165314.671875,165398.625,-0.51318359375,0.000244140625,-0.814697265625,-0.7629393935203552,0.3967284858226776,0.3967284858226776,80.0,3995.0,1.0,O,F,O,0
165596.125,165705.46875,165927.640625,165817.765625,165941.5,166161.453125,166010.078125,166094.390625,-0.513671875,-0.000732421875,-0.8125,-0.7934569716453552,0.4577636420726776,0.4272460639476776,80.0,3996.0,1.0,O,F,O,0
166184.25,166293.953125,166515.9375,166405.609375,166529.4375,166749.46875,166598.109375,166682.421875,-0.513916015625,0.001953125,-0.811279296875,-0.8239745497703552,0.5798339247703552,0.4882812201976776,80.0,3997.0,1.0,O,F,O,0
165601.765625,165710.75,165933.015625,165823.125,165946.328125,166166.359375,166015.4375,166099.390625,-0.51416015625,0.001953125,-0.813232421875,-0.7324218153953552,0.5187987685203552,0.4577636420726776,80.0,3998.0,1.0,O,F,O,0
164973.234375,165082.75,165305.109375,165195.140625,165318.515625,165538.28125,165387.625,165471.484375,-0.514404296875,0.00146484375,-0.810302734375,-0.7019042372703552,0.5187987685203552,0.4272460639476776,80.0,3999.0,1.0,O,F,O,0
165513.875,165623.578125,165845.484375,165735.78125,165859.421875,166078.921875,165927.828125,166012.140625,-0.513427734375,0.001953125,-0.81201171875,-0.7629393935203552,0.4882812201976776,0.4577636420726776,80.0,4000.0,1.0,O,F,O,0
166244.59375,166354.125,166576.03125,166466.140625,166589.96875,166809.5625,166658.09375,166742.59375,-0.513916015625,-0.000244140625,-0.81201171875,-0.7019042372703552,0.4577636420726776,0.4272460639476776,80.0,4001.0,1.0,O,F,O,0
165831.09375,165940.515625,166162.515625,166052.90625,166176.5625,166396.5,166244.59375,166329.265625,-0.51318359375,0.000244140625,-0.809814453125,-0.7934569716453552,0.4272460639476776,0.4577636420726776,80.0,4002.0,1.0,O,F,O,0
165083.203125,165192.28125,165414.453125,165304.84375,165428.21875,165648.15625,165496.703125,165581.109375,-0.51318359375,0.000732421875,-0.810546875,-0.7019042372703552,0.4882812201976776,0.5493163466453552,80.0,4003.0,1.0,O,F,O,0
165438.046875,165547.125,165769.3125,165659.34375,165783.171875,166002.84375,165851.5625,165936.140625,-0.513671875,0.000732421875,-0.808349609375,-0.6713866591453552,0.4272460639476776,0.4272460639476776,80.0,4004.0,1.0,O,F,O,0
166265.78125,166374.953125,166597.21875,166487.0625,166611.15625,166830.828125,166679.46875,166764.046875,-0.51611328125,0.00244140625,-0.81005859375,-0.6713866591453552,0.4272460639476776,0.3356933295726776,80.0,4005.0,1.0,O,F,O,0
166054.34375,166163.328125,166385.5,166275.703125,166399.625,166619.390625,166468.46875,166552.421875,-0.515625,0.00146484375,-0.810791015625,-0.8239745497703552,0.3967284858226776,0.4882812201976776,80.0,4006.0,1.0,O,F,O,0
165235.28125,165344.359375,165566.625,165456.734375,165580.65625,165800.421875,165649.5,165733.546875,-0.512451171875,0.001220703125,-0.808837890625,-0.7934569716453552,0.3662109076976776,0.4577636420726776,80.0,4007.0,1.0,O,F,O,0
165379.9375,165489.015625,165711.28125,165601.046875,165725.3125,165944.90625,165793.625,165877.75,-0.513916015625,-0.0009765625,-0.809814453125,-0.8239745497703552,0.4272460639476776,0.4577636420726776,80.0,4008.0,1.0,O,F,O,0
166252.734375,166361.890625,166584.078125,166473.75,166597.84375,166817.515625,166666.421875,166750.546875,-0.512939453125,-0.000244140625,-0.811767578125,-0.7324218153953552,0.4272460639476776,0.3356933295726776,80.0,4009.0,1.0,O,F,O,0
166255.953125,166365.46875,166587.46875,166477.046875,166601.234375,166820.828125,166669.71875,166754.125,-0.5146484375,-0.000244140625,-0.810546875,-0.7934569716453552,0.4882812201976776,0.3967284858226776,80.0,4010.0,1.0,O,F,O,0
165421.78125,165530.859375,165753.296875,165642.703125,165766.71875,165986.390625,165835.28125,165919.953125,-0.51416015625,0.0009765625,-0.8095703125,-0.7019042372703552,0.4577636420726776,0.3967284858226776,80.0,4011.0,1.0,O,F,O,0
165347.390625,165456.203125,165678.46875,165568.59375,165692.328125,165912.171875,165760.8125,165845.21875,-0.513671875,-0.001220703125,-0.811767578125,-0.7324218153953552,0.4882812201976776,0.3967284858226776,80.0,4012.0,1.0,O,F,O,0
166211.421875,166320.5,166542.5,166432.796875,166556.171875,166776.46875,166625.109375,166709.6875,-0.513916015625,0.000732421875,-0.811767578125,-0.7629393935203552,0.5493163466453552,0.3356933295726776,80.0,4013.0,1.0,O,F,O,0
166430.734375,166540.078125,166762.0,166652.015625,166775.671875,166995.609375,166844.34375,166928.640625,-0.513427734375,0.00146484375,-0.81103515625,-0.6103515028953552,0.4882812201976776,0.3967284858226776,80.0,4014.0,1.0,O,F,O,0
165633.046875,165742.3125,165964.296875,165854.25,165977.71875,166197.5625,166046.734375,166131.046875,-0.511962890625,0.00146484375,-0.810546875,-0.6408690810203552,0.4272460639476776,0.3967284858226776,80.0,4015.0,1.0,O,F,O,0
165345.875,165455.125,165677.03125,165567.15625,165690.890625,165910.390625,165759.734375,165843.609375,-0.514892578125,0.00244140625,-0.81298828125,-0.8239745497703552,0.4577636420726776,0.3662109076976776,80.0,4016.0,1.0,O,F,O,0
166143.203125,166252.546875,166474.28125,166364.3125,166488.140625,166707.984375,166556.890625,166640.75,-0.515625,0.001953125,-0.812744140625,-0.7629393935203552,0.4882812201976776,0.4272460639476776,80.0,4017.0,1.0,O,F,O,0
166568.421875,166677.765625,166899.953125,166789.4375,166913.53125,167133.5625,166982.375,167066.6875,-0.513427734375,0.0009765625,-0.8125,-0.7324218153953552,0.4577636420726776,0.3662109076976776,80.0,4018.0,1.0,O,F,O,0
165859.875,165969.125,166191.390625,166080.984375,166204.984375,166425.109375,166274.015625,166358.046875,-0.5126953125,-0.001220703125,-0.8134765625,-0.6713866591453552,0.4882812201976776,0.3662109076976776,80.0,4019.0,1.0,O,F,O,0
165382.4375,165491.609375,165713.609375,165603.71875,165727.375,165947.578125,165795.953125,165880.625,-0.513916015625,0.0009765625,-0.8095703125,-0.7019042372703552,0.5187987685203552,0.4272460639476776,80.0,4020.0,1.0,O,F,O,0
166065.953125,166175.484375,166397.65625,166287.234375,166411.25,166631.28125,166479.90625,166564.21875,-0.516357421875,0.001953125,-0.812255859375,-0.7629393935203552,0.5493163466453552,0.4272460639476776,80.0,4021.0,1.0,O,F,O,0
166667.484375,166777.015625,166999.09375,166888.59375,167012.59375,167232.546875,167081.4375,167165.671875,-0.51513671875,0.0029296875,-0.812744140625,-0.7019042372703552,0.4577636420726776,0.3662109076976776,80.0,4022.0,1.0,O,F,O,0
166096.984375,166206.5,166428.328125,166318.171875,166441.921875,166661.765625,166510.9375,166594.796875,-0.513671875,0.001953125,-0.811279296875,-0.7629393935203552,0.4882812201976776,0.3356933295726776,80.0,4023.0,1.0,O,F,O,0
165460.046875,165569.84375,165791.84375,165681.78125,165805.0625,166025.09375,165874.453125,165957.78125,-0.513427734375,0.0,-0.812744140625,-0.6713866591453552,0.4882812201976776,0.4577636420726776,80.0,4024.0,1.0,O,F,O,0
165986.125,166095.90625,166318.09375,166208.03125,166331.046875,166551.171875,166400.34375,166484.296875,-0.513427734375,0.000732421875,-0.811767578125,-0.6713866591453552,0.4577636420726776,0.4272460639476776,80.0,4025.0,1.0,O,F,O,0
166728.46875,166837.546875,167059.8125,166949.75,167073.390625,167293.0625,167142.15625,167226.28125,-0.51416015625,0.000244140625,-0.814453125,-0.6408690810203552,0.4577636420726776,0.4577636420726776,80.0,4026.0,1.0,O,F,O,0
166333.203125,166441.921875,166664.265625,166554.296875,166678.046875,166897.71875,166746.96875,166831.015625,-0.513916015625,-0.000244140625,-0.8134765625,-0.6713866591453552,0.4577636420726776,0.4272460639476776,80.0,4027.0,1.0,O,F,O,0
165577.796875,165686.78125,165909.046875,165798.8125,165922.640625,166142.40625,165991.65625,166075.609375,-0.513427734375,0.001220703125,-0.813232421875,-0.7324218153953552,0.4272460639476776,0.4272460639476776,80.0,4028.0,1.0,O,F,O,0
165913.34375,166022.6875,166245.046875,166134.625,166258.1875,166477.953125,166327.203125,166411.25,-0.512451171875,0.00048828125,-0.810302734375,-0.6408690810203552,0.4272460639476776,0.4577636420726776,80.0,4029.0,1.0,O,F,O,0
166748.578125,166857.921875,167080.28125,166970.046875,167093.609375,167313.546875,167162.53125,167246.40625,-0.513427734375,0.00048828125,-0.8125,-0.7019042372703552,0.4272460639476776,0.4577636420726776,80.0,4030.0,1.0,O,F,O,0
166557.703125,166666.6875,166888.953125,166778.796875,166902.546875,167122.484375,166971.203125,167055.421875,-0.514892578125,-0.0009765625,-0.81298828125,-0.7019042372703552,0.5493163466453552,0.3662109076976776,80.0,4031.0,1.0,O,F,O,0
165735.15625,165844.40625,166066.765625,165956.609375,166080.265625,166300.390625,166149.203125,166233.421875,-0.51318359375,-0.0009765625,-0.8095703125,-0.7019042372703552,0.4882812201976776,0.4272460639476776,80.0,4032.0,1.0,O,F,O,0
165858.09375,165967.609375,166189.96875,166079.640625,166203.203125,166423.3125,166272.046875,166356.359375,-0.5126953125,0.000732421875,-0.810302734375,-0.6408690810203552,0.4882812201976776,0.4882812201976776,80.0,4033.0,1.0,O,F,O,0
166732.671875,166842.28125,167064.1875,166954.21875,167077.328125,167297.625,167146.265625,167230.84375,-0.513671875,-0.000244140625,-0.810302734375,-0.6408690810203552,0.4882812201976776,0.4882812201976776,80.0,4034.0,1.0,O,F,O,0
166753.953125,166863.296875,167085.734375,166975.5,167099.0625,167319.171875,167167.90625,167252.484375,-0.51513671875,-0.001220703125,-0.812744140625,-0.8239745497703552,0.4882812201976776,0.4272460639476776,80.0,4035.0,1.0,O,F,O,0
165916.203125,166025.453125,166248.078125,166137.65625,166261.484375,166481.25,166330.328125,166414.28125,-0.514892578125,0.001220703125,-0.815185546875,-0.7934569716453552,0.4577636420726776,0.3356933295726776,80.0,4036.0,1.0,O,F,O,0
165823.046875,165932.03125,166154.203125,166044.046875,166167.703125,166388.0,166236.71875,166320.59375,-0.513916015625,0.00341796875,-0.811279296875,-0.7019042372703552,0.5187987685203552,0.3662109076976776,80.0,4037.0,1.0,O,F,O,0
166683.3125,166793.015625,167014.828125,166904.78125,167028.25,167248.640625,167097.265625,167181.578125,-0.513427734375,0.00146484375,-0.8125,-0.7019042372703552,0.3662109076976776,0.4272460639476776,80.0,4038.0,1.0,O,F,O,0
166921.671875,167031.734375,167253.46875,167143.21875,167266.6875,167486.8125,167335.53125,167420.203125,-0.512451171875,0.001708984375,-0.815185546875,-0.6713866591453552,0.4577636420726776,0.4272460639476776,80.0,4039.0,1.0,O,F,O,0
166129.171875,166238.6875,166460.328125,166350.265625,166474.453125,166693.859375,166542.9375,166627.25,-0.513427734375,-0.000732421875,-0.814453125,-0.7019042372703552,0.4882812201976776,0.4272460639476776,80.0,4040.0,1.0,O,F,O,0
165825.8125,165935.421875,166156.703125,166047.1875,166171.015625,166390.859375,166239.59375,166323.890625,-0.512451171875,0.000244140625,-0.8125,-0.7019042372703552,0.4577636420726776,0.4272460639476776,80.0,4041.0,1.0,O,F,O,0
166618.671875,166728.203125,166949.921875,166839.953125,166963.6875,167183.71875,167032.265625,167116.578125,-0.514404296875,0.001220703125,-0.810791015625,-0.5798339247703552,0.4882812201976776,0.4882812201976776,80.0,4042.0,1.0,O,F,O,0
167055.96875,167165.9375,167387.125,167277.25,167400.890625,167620.828125,167469.828125,167553.953125,-0.51318359375,0.001708984375,-0.8125,-0.6713866591453552,0.4577636420726776,0.5187987685203552,80.0,4043.0,1.0,O,F,O,0
166357.875,166467.84375,166689.125,166579.0625,166702.984375,166923.1875,166771.921875,166856.046875,-0.513671875,0.00048828125,-0.810791015625,-0.6103515028953552,0.4882812201976776,0.3662109076976776,80.0,4044.0,1.0,O,F,O,0
165866.3125,165976.109375,166197.65625,166087.59375,166211.421875,166431.640625,166280.09375,166364.578125,-0.513671875,0.00244140625,-0.813720703125,-0.6713866591453552,0.4577636420726776,0.4272460639476776,80.0,4045.0,1.0,O,F,O,0
166536.859375,166646.84375,166868.203125,166757.96875,166881.96875,167102.1875,166950.8125,167035.125,-0.512451171875,0.0009765625,-0.8115234375,-0.7629393935203552,0.4577636420726776,0.4272460639476776,80.0,4046.0,1.0,O,F,O,0
167152.875,167263.03125,167484.125,167373.984375,167497.90625,167718.203125,167566.921875,167651.140625,-0.51220703125,-0.001220703125,-0.811279296875,-0.7324218153953552,0.4577636420726776,0.4272460639476776,80.0,4047.0,1.0,O,F,O,0
166598.375,166707.8125,166929.453125,166819.578125,166943.484375,167163.609375,167012.328125,167096.640625,-0.51318359375,-0.000244140625,-0.811767578125,-0.6713866591453552,0.4882812201976776,0.3967284858226776,80.0,4048.0,1.0,O,F,O,0
165948.65625,166058.625,166280.0,166170.296875,166294.390625,166514.0625,166362.96875,166446.75,-0.51220703125,0.00048828125,-0.80908203125,-0.6713866591453552,0.3662109076976776,0.4577636420726776,80.0,4049.0,1.0,O,F,O,0
166456.21875,166566.015625,166787.5625,166677.59375,166801.59375,167021.453125,166870.171875,166954.21875,-0.513671875,0.002685546875,-0.809326171875,-0.7629393935203552,0.5187987685203552,0.4577636420726776,80.0,4050.0,1.0,O,F,O,0
167207.15625,167317.03125,167538.84375,167428.515625,167552.796875,167772.46875,167621.1875,167705.5,-0.514404296875,0.0009765625,-0.8115234375,-0.7019042372703552,0.5187987685203552,0.4272460639476776,80.0,4051.0,1.0,O,F,O,0
166830.5625,166940.265625,167162.0,167051.671875,167175.59375,167395.796875,167244.515625,167328.65625,-0.5146484375,0.00048828125,-0.814208984375,-0.6408690810203552,0.4882812201976776,0.4577636420726776,80.0,4052.0,1.0,O,F,O,0
166069.71875,166179.0625,166401.234375,166291.0,166414.828125,166634.765625,166483.671875,166567.625,-0.51416015625,0.001220703125,-0.81298828125,-0.5798339247703552,0.3356933295726776,0.4577636420726776,80.0,4053.0,1.0,O,F,O,0
166386.21875,166495.828125,166717.5625,166607.5,166731.234375,166951.171875,166800.078125,166884.21875,-0.5126953125,0.001220703125,-0.814208984375,-0.7324218153953552,0.4577636420726776,0.3356933295726776,80.0,4054.0,1.0,O,F,O,0
167224.140625,167334.109375,167555.65625,167445.328125,167569.0625,167789.015625,167638.0,167722.40625,-0.514892578125,0.000244140625,-0.81103515625,-0.7324218153953552,0.5187987685203552,0.3662109076976776,80.0,4055.0,1.0,O,F,O,0
167047.734375,167157.34375,167379.171875,167268.75,167392.578125,167612.4375,167461.421875,167545.828125,-0.513671875,0.001953125,-0.81298828125,-0.7934569716453552,0.4882812201976776,0.3662109076976776,80.0,4056.0,1.0,O,F,O,0
166222.0625,166331.765625,166553.40625,166443.53125,166567.359375,166787.296875,166635.75,166720.421875,-0.514404296875,0.000244140625,-0.811767578125,-0.6713866591453552,0.4577636420726776,0.4577636420726776,80.0,4057.0,1.0,O,F,O,0
166328.640625,166438.34375,166659.796875,166550.1875,166673.75,166894.046875,166742.328125,166826.984375,-0.513916015625,0.000732421875,-0.812744140625,-0.6408690810203552,0.4577636420726776,0.3967284858226776,80.0,4058.0,1.0,O,F,O,0
167202.328125,167312.5625,167534.015625,167423.96875,167547.609375,167767.828125,167616.28125,167700.9375,-0.512939453125,0.001953125,-0.81201171875,-0.6713866591453552,0.5187987685203552,0.3662109076976776,80.0,4059.0,1.0,O,F,O,0
167241.21875,167351.625,167572.90625,167462.765625,167586.5,167806.625,167655.171875,167740.109375,-0.51318359375,0.001220703125,-0.81298828125,-0.7324218153953552,0.5187987685203552,0.3356933295726776,80.0,4060.0,1.0,O,F,O,0
166406.328125,166516.21875,166737.671875,166627.609375,166751.359375,166971.203125,166819.84375,166904.78125,-0.514404296875,0.0,-0.811767578125,-0.7019042372703552,0.3967284858226776,0.3967284858226776,80.0,4061.0,1.0,O,F,O,0
166297.796875,166407.5,166628.953125,166519.25,166642.90625,166862.578125,166711.484375,166795.515625,-0.51416015625,0.002197265625,-0.81298828125,-0.6713866591453552,0.4882812201976776,0.5187987685203552,80.0,4062.0,1.0,O,F,O,0
167155.828125,167265.359375,167486.8125,167376.84375,167500.765625,167720.609375,167569.515625,167653.5625,-0.515380859375,-0.000244140625,-0.811279296875,-0.7629393935203552,0.3356933295726776,0.5798339247703552,80.0,4063.0,1.0,O,F,O,0
167410.734375,167520.4375,167742.078125,167632.015625,167755.75,167975.609375,167824.59375,167909.078125,-0.514404296875,0.000244140625,-0.81201171875,-0.7324218153953552,0.4577636420726776,0.5187987685203552,80.0,4064.0,1.0,O,F,O,0
166624.9375,166734.71875,166956.09375,166846.296875,166969.78125,167189.8125,167038.703125,167122.84375,-0.515625,-0.000732421875,-0.8125,-0.7629393935203552,0.4882812201976776,0.4882812201976776,80.0,4065.0,1.0,O,F,O,0
166304.40625,166414.640625,166635.84375,166525.78125,166649.34375,166869.375,166718.359375,166802.5,-0.513671875,0.000732421875,-0.81005859375,-0.7019042372703552,0.4272460639476776,0.4272460639476776,80.0,4066.0,1.0,O,F,O,0
167087.25,167197.671875,167418.859375,167308.71875,167432.453125,167652.390625,167501.5625,167585.78125,-0.514892578125,0.0009765625,-0.80859375,-0.6103515028953552,0.4272460639476776,0.3967284858226776,80.0,4067.0,1.0,O,F,O,0
167542.0625,167652.125,167873.40625,167763.625,167887.359375,168107.390625,167956.015625,168040.6875,-0.512451171875,-0.000244140625,-0.811767578125,-0.5493163466453552,0.3967284858226776,0.3662109076976776,80.0,4068.0,1.0,O,F,O,0
166853.1875,166963.25,167184.53125,167074.65625,167198.390625,167418.328125,167267.046875,167351.359375,-0.51318359375,-0.0009765625,-0.812255859375,-0.6103515028953552,0.4272460639476776,0.3967284858226776,80.0,4069.0,1.0,O,F,O,0
166347.140625,166456.9375,166678.578125,166568.421875,166692.515625,166912.203125,166761.015625,166844.96875,-0.512939453125,0.00048828125,-0.81201171875,-0.6408690810203552,0.4882812201976776,0.4272460639476776,80.0,4070.0,1.0,O,F,O,0
167007.328125,167116.9375,167338.40625,167228.421875,167352.703125,167572.46875,167421.28125,167505.234375,-0.511962890625,0.000244140625,-0.810302734375,-0.7019042372703552,0.4272460639476776,0.4272460639476776,80.0,4071.0,1.0,O,F,O,0
167634.0625,167743.859375,167965.328125,167855.171875,167979.359375,168199.296875,168048.109375,168132.25,-0.5126953125,0.000244140625,-0.812744140625,-0.6713866591453552,0.4272460639476776,0.4577636420726776,80.0,4072.0,1.0,O,F,O,0
167089.21875,167199.109375,167421.09375,167310.6875,167434.59375,167654.359375,167503.4375,167587.390625,-0.513916015625,-0.000244140625,-0.813232421875,-0.7324218153953552,0.4882812201976776,0.4577636420726776,80.0,4073.0,1.0,O,F,O,0
166429.125,166539.546875,166760.921875,166650.859375,166774.859375,166994.625,166843.53125,166927.390625,-0.5126953125,-0.000244140625,-0.81591796875,-0.6713866591453552,0.5187987685203552,0.4577636420726776,80.0,4074.0,1.0,O,F,O,0
166927.578125,167037.8125,167259.09375,167149.125,167273.046875,167492.890625,167342.0625,167425.921875,-0.51123046875,0.00048828125,-0.811767578125,-0.7019042372703552,0.4882812201976776,0.4577636420726776,80.0,4075.0,1.0,O,F,O,0
167687.171875,167796.96875,168018.875,167908.375,168032.5625,168252.40625,168101.21875,168185.625,-0.511962890625,0.0,-0.81396484375,-0.6713866591453552,0.4577636420726776,0.4577636420726776,80.0,4076.0,1.0,O,F,O,0
167322.9375,167432.546875,167654.359375,167544.03125,167668.125,167888.15625,167736.703125,167821.015625,-0.51220703125,0.001220703125,-0.812744140625,-0.7019042372703552,0.4272460639476776,0.5187987685203552,80.0,4077.0,1.0,O,F,O,0
166553.046875,166662.484375,166884.296875,166774.328125,166898.0625,167118.09375,166967.0,167051.046875,-0.515869140625,0.001220703125,-0.814208984375,-0.6713866591453552,0.4577636420726776,0.3662109076976776,80.0,4078.0,1.0,O,F,O,0
166854.53125,166964.5,167185.953125,167075.984375,167199.453125,167419.578125,167268.9375,167352.703125,-0.51416015625,0.00146484375,-0.8125,-0.7324218153953552,0.4272460639476776,0.3356933295726776,80.0,4079.0,1.0,O,F,O,0
167699.609375,167809.578125,168031.21875,167921.0625,168044.796875,168265.109375,168113.734375,168198.140625,-0.51416015625,-0.000732421875,-0.810791015625,-0.7324218153953552,0.4577636420726776,0.4882812201976776,80.0,4080.0,1.0,O,F,O,0
167540.015625,167649.71875,167871.53125,167761.390625,167885.21875,168105.78125,167953.96875,168038.546875,-0.512939453125,-0.000244140625,-0.813232421875,-0.7934569716453552,0.4882812201976776,0.4577636420726776,80.0,4081.0,1.0,O,F,O,0
166710.9375,166820.734375,167042.546875,166932.40625,167055.96875,167276.34375,167125.25,167209.296875,-0.5126953125,0.0009765625,-0.814697265625,-0.7934569716453552,0.4272460639476776,0.4272460639476776,80.0,4082.0,1.0,O,F,O,0
166798.109375,166908.171875,167129.90625,167019.75,167142.859375,167363.4375,167212.25,167296.640625,-0.513427734375,-0.000244140625,-0.814208984375,-0.7324218153953552,0.5187987685203552,0.4272460639476776,80.0,4083.0,1.0,O,F,O,0
167674.921875,167785.078125,168006.453125,167896.5625,168019.859375,168240.15625,168088.875,168173.640625,-0.5146484375,0.001220703125,-0.815185546875,-0.7019042372703552,0.4577636420726776,0.5493163466453552,80.0,4084.0,1.0,O,F,O,0
167736.625,167846.3125,168067.953125,167958.25,168081.640625,168301.84375,168150.65625,168235.15625,-0.513671875,0.002685546875,-0.81591796875,-0.7324218153953552,0.4577636420726776,0.4882812201976776,80.0,4085.0,1.0,O,F,O,0
166902.546875,167012.15625,167233.796875,167124.09375,167247.921875,167467.765625,167316.9375,167401.15625,-0.5146484375,0.00146484375,-0.810546875,-0.7629393935203552,0.4577636420726776,0.5493163466453552,80.0,4086.0,1.0,O,F,O,0
166770.484375,166880.28125,167102.453125,166992.3125,167115.859375,167335.53125,167184.796875,167269.203125,-0.512451171875,-0.000244140625,-0.810546875,-0.7019042372703552,0.4882812201976776,0.4882812201976776,80.0,4087.0,1.0,O,F,O,0
167622.796875,167732.59375,167954.953125,167844.53125,167967.90625,168187.765625,168036.9375,168121.34375,-0.512451171875,0.0,-0.81103515625,-0.6408690810203552,0.4882812201976776,0.4577636420726776,80.0,4088.0,1.0,O,F,O,0
167898.53125,168008.59375,168230.328125,168120.625,168243.734375,168463.765625,168312.671875,168397.25,-0.51123046875,0.001220703125,-0.810546875,-0.6408690810203552,0.4272460639476776,0.4577636420726776,80.0,4089.0,1.0,O,F,O,0
167117.65625,167227.4375,167448.640625,167339.03125,167462.578125,167682.796875,167531.515625,167616.015625,-0.51318359375,0.00244140625,-0.810546875,-0.7324218153953552,0.4577636420726776,0.4882812201976776,80.0,4090.0,1.0,O,F,O,0
166779.0625,166888.6875,167109.78125,167000.171875,167123.828125,167344.125,167192.671875,167276.796875,-0.513916015625,0.0029296875,-0.809814453125,-0.6713866591453552,0.4272460639476776,0.4882812201976776,80.0,4091.0,1.0,O,F,O,0
167554.578125,167664.5625,167886.015625,167776.3125,167899.703125,168120.078125,167968.546875,168053.03125,-0.51416015625,0.000732421875,-0.8076171875,-0.6713866591453552,0.4577636420726776,0.4577636420726776,80.0,4092.0,1.0,O,F,O,0
168028.078125,168138.328125,168359.6875,168249.90625,168373.375,168593.9375,168442.03125,168526.890625,-0.51513671875,0.002197265625,-0.80908203125,-0.7629393935203552,0.3967284858226776,0.3967284858226776,80.0,4093.0,1.0,O,F,O,0
167348.5,167458.46875,167680.015625,167570.046875,167693.4375,167914.265625,167762.71875,167847.03125,-0.513671875,0.000732421875,-0.809814453125,-0.7934569716453552,0.4882812201976776,0.3356933295726776,80.0,4094.0,1.0,O,F,O,0
166825.734375,166935.359375,167157.171875,167046.9375,167170.765625,167390.875,167239.875,167324.1875,-0.51220703125,0.001220703125,-0.813232421875,-0.7629393935203552,0.4882812201976776,0.3662109076976776,80.0,4095.0,1.0,O,F,O,0
167475.1875,167584.71875,167806.71875,167696.296875,167819.859375,168040.15625,167889.234375,167973.28125,-0.51318359375,0.00146484375,-0.8134765625,-0.7629393935203552,0.4577636420726776,0.4272460639476776,80.0,4096.0,1.0,O,F,O,0
168115.4375,168225.234375,168446.78125,168336.453125,168460.1875,168680.75,168529.5625,168613.703125,-0.513671875,0.00048828125,-0.813232421875,-0.6713866591453552,0.4882812201976776,0.3967284858226776,80.0,4097.0,1.0,O,F,O,0
167588.296875,167698.171875,167919.984375,167809.75,167933.40625,168153.609375,168002.421875,168086.5625,-0.513671875,0.000244140625,-0.813232421875,-0.7324218153953552,0.4577636420726776,0.3967284858226776,80.0,4098.0,1.0,O,F,O,0
166914.15625,167024.140625,167245.859375,167135.984375,167259.453125,167479.296875,167328.5625,167412.703125,-0.513671875,-0.00048828125,-0.814453125,-0.6713866591453552,0.4577636420726776,0.4272460639476776,80.0,4099.0,1.0,O,F,O,0
167394.09375,167503.984375,167725.703125,167615.828125,167739.203125,167959.15625,167808.140625,167892.90625,-0.514892578125,0.00146484375,-0.81201171875,-0.7934569716453552,0.4882812201976776,0.4577636420726776,80.0,4100.0,1.0,O,F,O,0
168163.71875,168273.859375,168495.328125,168384.90625,168508.734375,168729.03125,168577.765625,168662.609375,-0.515380859375,0.000732421875,-0.813720703125,-0.7324218153953552,0.4882812201976776,0.3967284858226776,80.0,4101.0,1.0,O,F,O,0
167818.609375,167928.3125,168149.953125,168039.4375,168163.625,168383.828125,168232.734375,168317.140625,-0.5146484375,0.00048828125,-0.80859375,-0.7324218153953552,0.3662109076976776,0.4577636420726776,80.0,4102.0,1.0,O,F,O,0
167041.5625,167150.828125,167372.90625,167262.671875,167386.40625,167606.890625,167455.609375,167539.65625,-0.514892578125,0.000244140625,-0.81005859375,-0.7019042372703552,0.4272460639476776,0.3967284858226776,80.0,4103.0,1.0,O,F,O,0
167323.828125,167433.703125,167655.890625,167545.46875,167669.03125,167889.421875,167738.5,167822.453125,-0.51318359375,0.001220703125,-0.81005859375,-0.7324218153953552,0.4577636420726776,0.4272460639476776,80.0,4104.0,1.0,O,F,O,0
168174.359375,168284.421875,168506.234375,168396.171875,168519.46875,168739.671875,168588.84375,168673.0625,-0.51416015625,0.00048828125,-0.8134765625,-0.8239745497703552,0.4577636420726776,0.4272460639476776,80.0,4105.0,1.0,O,F,O,0
168032.015625,168142.078125,168363.546875,168253.84375,168376.953125,168597.078125,168445.96875,168530.640625,-0.512451171875,0.0,-0.814697265625,-0.7019042372703552,0.4272460639476776,0.3967284858226776,80.0,4106.0,1.0,O,F,O,0
167199.640625,167309.609375,167531.078125,167421.09375,167544.578125,167764.953125,167613.765625,167698.265625,-0.513916015625,0.0,-0.810791015625,-0.7019042372703552,0.4882812201976776,0.4272460639476776,80.0,4107.0,1.0,O,F,O,0
167271.4375,167380.953125,167602.859375,167492.625,167616.09375,167836.390625,167685.296875,167769.875,-0.513916015625,0.002197265625,-0.8125,-0.6713866591453552,0.5187987685203552,0.4882812201976776,80.0,4108.0,1.0,O,F,O,0
168147.796875,168257.6875,168479.5,168368.90625,168492.46875,168712.578125,168561.390625,168646.25,-0.514404296875,-0.000732421875,-0.81103515625,-0.6713866591453552,0.4577636420726776,0.4577636420726776,80.0,4109.0,1.0,O,F,O,0
168224.953125,168334.65625,168556.5625,168446.515625,168569.796875,168790.1875,168638.734375,168723.578125,-0.511474609375,0.0,-0.81103515625,-0.7019042372703552,0.4577636420726776,0.4882812201976776,80.0,4110.0,1.0,O,F,O,0
167395.890625,167506.03125,167727.40625,167617.796875,167740.8125,167961.203125,167810.296875,167894.515625,-0.511962890625,-0.00048828125,-0.81103515625,-0.6713866591453552,0.5493163466453552,0.4272460639476776,80.0,4111.0,1.0,O,F,O,0
167247.828125,167357.625,167579.625,167469.65625,167593.03125,167812.96875,167662.328125,167746.1875,-0.51171875,-0.000732421875,-0.810791015625,-0.7324218153953552,0.5187987685203552,0.4272460639476776,80.0,4112.0,1.0,O,F,O,0
168094.328125,168204.390625,168425.765625,168316.0625,168439.453125,168659.390625,168508.5625,168592.78125,-0.513427734375,0.001708984375,-0.81201171875,-0.7324218153953552,0.4577636420726776,0.4272460639476776,80.0,4113.0,1.0,O,F,O,0
168385.09375,168495.59375,168716.703125,168606.640625,168730.28125,168950.40625,168799.578125,168883.703125,-0.512939453125,0.000732421875,-0.81201171875,-0.7934569716453552,0.5493163466453552,0.4882812201976776,80.0,4114.0,1.0,O,F,O,0
167611.625,167721.6875,167942.796875,167832.640625,167956.5625,168176.765625,168025.578125,168109.71875,-0.51318359375,0.00244140625,-0.814453125,-0.7019042372703552,0.5798339247703552,0.4882812201976776,80.0,4115.0,1.0,O,F,O,0
167257.3125,167367.09375,167588.65625,167478.328125,167602.421875,167822.09375,167671.0,167755.484375,-0.514892578125,0.001953125,-0.81396484375,-0.6408690810203552,0.4272460639476776,0.4882812201976776,80.0,4116.0,1.0,O,F,O,0
168021.375,168131.265625,168352.984375,168242.84375,168366.125,168586.34375,168435.25,168519.640625,-0.513916015625,0.001708984375,-0.81494140625,-0.7324218153953552,0.4272460639476776,0.5187987685203552,80.0,4117.0,1.0,O,F,O,0
168509.1875,168619.421875,168840.890625,168730.5625,168854.203125,169074.5,168923.40625,169007.625,-0.51513671875,0.000244140625,-0.809326171875,-0.7019042372703552,0.4577636420726776,0.5187987685203552,80.0,4118.0,1.0,O,F,O,0
167841.3125,167951.109375,168172.75,168062.6875,168186.25,168406.546875,168255.453125,168339.671875,-0.51513671875,0.001220703125,-0.809814453125,-0.6408690810203552,0.4577636420726776,0.4882812201976776,80.0,4119.0,1.0,O,F,O,0
167303.359375,167412.96875,167634.609375,167524.640625,167648.109375,167868.3125,167717.21875,167801.34375,-0.51513671875,0.00146484375,-0.81396484375,-0.7019042372703552,0.5187987685203552,0.4882812201976776,80.0,4120.0,1.0,O,F,O,0
167937.875,168047.578125,168269.03125,168158.96875,168282.625,168502.75,168351.65625,168435.875,-0.514404296875,-0.000732421875,-0.81640625,-0.7019042372703552,0.5493163466453552,0.4272460639476776,80.0,4121.0,1.0,O,F,O,0
168591.703125,168701.5,168922.953125,168812.90625,168936.640625,169156.765625,169005.65625,169089.96875,-0.511962890625,0.001220703125,-0.813232421875,-0.7629393935203552,0.4272460639476776,0.5187987685203552,80.0,4122.0,1.0,O,F,O,0
168077.96875,168187.765625,168409.140625,168299.171875,168422.90625,168642.84375,168491.75,168576.5,-0.513916015625,0.0009765625,-0.813720703125,-0.8239745497703552,0.4577636420726776,0.4882812201976776,80.0,4123.0,1.0,O,F,O,0
167394.375,167504.0625,167725.53125,167615.65625,167739.390625,167959.15625,167808.234375,167893.078125,-0.514404296875,0.0029296875,-0.8125,-0.7934569716453552,0.4577636420726776,0.4882812201976776,80.0,4124.0,1.0,O,F,O,0
167857.234375,167967.203125,168188.921875,168079.21875,168202.15625,168422.546875,168271.546875,168355.765625,-0.513671875,0.002197265625,-0.810791015625,-0.7324218153953552,0.5187987685203552,0.3967284858226776,80.0,4125.0,1.0,O,F,O,0
168633.453125,168743.4375,168964.796875,168855.28125,168978.390625,169198.78125,169047.59375,169131.8125,-0.513916015625,0.0009765625,-0.814697265625,-0.7629393935203552,0.5798339247703552,0.4272460639476776,80.0,4126.0,1.0,O,F,O,0
168303.8125,168414.140625,168635.15625,168525.546875,168648.75,168869.3125,168718.21875,168802.703125,-0.513916015625,0.00146484375,-0.814208984375,-0.7019042372703552,0.5493163466453552,0.5187987685203552,80.0,4127.0,1.0,O,F,O,0
167521.765625,167631.75,167853.109375,167743.5,167866.34375,168086.828125,167936.078125,168020.21875,-0.513427734375,0.0,-0.8125,-0.6103515028953552,0.4882812201976776,0.4272460639476776,80.0,4128.0,1.0,O,F,O,0
167786.59375,167896.484375,168118.296875,168007.96875,168131.4375,168351.828125,168200.640625,168285.125,-0.51220703125,0.00048828125,-0.81298828125,-0.7934569716453552,0.5187987685203552,0.4272460639476776,80.0,4129.0,1.0,O,F,O,0
168640.515625,168750.5,168971.953125,168861.71875,168985.1875,169205.65625,169054.296875,169139.0625,-0.5126953125,0.0029296875,-0.812744140625,-0.7934569716453552,0.5187987685203552,0.4272460639476776,80.0,4130.0,1.0,O,F,O,0
168520.265625,168630.328125,168851.875,168741.46875,168865.109375,169085.6875,168934.3125,169018.796875,-0.513916015625,0.001708984375,-0.8115234375,-0.7019042372703552,0.5187987685203552,0.4577636420726776,80.0,4131.0,1.0,O,F,O,0
167686.1875,167796.4375,168017.71875,167907.46875,168031.21875,168251.515625,168100.421875,168184.640625,-0.51513671875,0.00146484375,-0.810546875,-0.7934569716453552,0.5187987685203552,0.4272460639476776,80.0,4132.0,1.0,O,F,O,0
167738.859375,167848.46875,168070.203125,167960.046875,168083.25,168303.546875,168152.625,168237.125,-0.514892578125,0.00146484375,-0.81103515625,-0.7629393935203552,0.5187987685203552,0.5493163466453552,80.0,4133.0,1.0,O,F,O,0
168616.203125,168726.078125,168947.8125,168837.84375,168960.78125,169181.34375,169029.796875,169114.640625,-0.513916015625,-0.00048828125,-0.8125,-0.7019042372703552,0.5187987685203552,0.4577636420726776,80.0,4134.0,1.0,O,F,O,0
168710.34375,168820.40625,169042.046875,168931.71875,169055.109375,169275.578125,169123.859375,169208.875,-0.51318359375,-0.000244140625,-0.814697265625,-0.6713866591453552,0.4882812201976776,0.4577636420726776,80.0,4135.0,1.0,O,F,O,0
167881.8125,167991.703125,168213.515625,168103.09375,168226.65625,168447.046875,168295.765625,168380.171875,-0.513671875,0.00048828125,-0.81396484375,-0.8239745497703552,0.4882812201976776,0.4272460639476776,80.0,4136.0,1.0,O,F,O,0
167717.03125,167826.734375,168048.5625,167938.046875,168061.796875,168282.0,168130.90625,168215.296875,-0.514892578125,0.0009765625,-0.811279296875,-0.7934569716453552,0.4272460639476776,0.3967284858226776,80.0,4137.0,1.0,O,F,O,0
168558.09375,168667.875,168889.609375,168778.75,168902.65625,169123.046875,168971.859375,169056.359375,-0.5146484375,0.00048828125,-0.809326171875,-0.7934569716453552,0.3967284858226776,0.4882812201976776,80.0,4138.0,1.0,O,F,O,0
168865.828125,168975.890625,169197.4375,169086.75,169210.9375,169431.234375,169279.875,169364.71875,-0.513427734375,0.000732421875,-0.81201171875,-0.7629393935203552,0.3662109076976776,0.4272460639476776,80.0,4139.0,1.0,O,F,O,0
168097.28125,168207.078125,168428.890625,168318.125,168442.03125,168662.703125,168511.328125,168596.0,-0.511474609375,0.00146484375,-0.812255859375,-0.7934569716453552,0.4577636420726776,0.3051757514476776,80.0,4140.0,1.0,O,F,O,0
167729.28125,167839.171875,168060.890625,167950.21875,168074.046875,168294.609375,168143.328125,168227.734375,-0.5146484375,0.000244140625,-0.8115234375,-0.7629393935203552,0.4577636420726776,0.5187987685203552,80.0,4141.0,1.0,O,F,O,0
168486.828125,168596.625,168818.265625,168707.75,168831.671875,169051.96875,168900.703125,168985.1875,-0.513427734375,0.001708984375,-0.808837890625,-0.7629393935203552,0.5493163466453552,0.4882812201976776,80.0,4142.0,1.0,O,F,O,0
168987.953125,169098.109375,169319.65625,169209.328125,169332.71875,169553.546875,169401.90625,169486.484375,-0.512939453125,0.0009765625,-0.813720703125,-0.7019042372703552,0.4272460639476776,0.3967284858226776,80.0,4143.0,1.0,O,F,O,0
168331.171875,168441.5,168662.78125,168552.28125,168676.203125,168896.859375,168745.484375,168829.703125,-0.513427734375,0.000244140625,-0.810546875,-0.6408690810203552,0.4272460639476776,0.3662109076976776,80.0,4144.0,1.0,O,F,O,0
167780.96875,167890.9375,168112.3125,168001.984375,168125.890625,168346.015625,168195.0,168279.5,-0.51123046875,0.00244140625,-0.81201171875,-0.6713866591453552,0.4882812201976776,0.4272460639476776,80.0,4145.0,1.0,O,F,O,0
168402.796875,168512.84375,168734.40625,168623.890625,168747.8125,168967.9375,168816.75,168901.59375,-0.513916015625,0.000244140625,-0.812255859375,-0.6408690810203552,0.4882812201976776,0.3967284858226776,80.0,4146.0,1.0,O,F,O,0
169067.4375,169177.59375,169398.875,169288.453125,169412.28125,169633.03125,169481.125,169566.421875,-0.513916015625,0.000732421875,-0.812255859375,-0.7019042372703552,0.3967284858226776,0.3967284858226776,80.0,4147.0,1.0,O,F,O,0
168565.421875,168675.5625,168897.03125,168786.796875,168910.53125,169131.1875,168979.28125,169064.125,-0.5146484375,0.0009765625,-0.812744140625,-0.7629393935203552,0.4577636420726776,0.5187987685203552,80.0,4148.0,1.0,O,F,O,0
167872.96875,167982.84375,168204.578125,168094.421875,168218.34375,168439.0,168287.28125,168371.765625,-0.513916015625,0.0,-0.81201171875,-0.7629393935203552,0.4577636420726776,0.4882812201976776,80.0,4149.0,1.0,O,F,O,0
168324.015625,168434.078125,168655.8125,168545.296875,168669.046875,168889.515625,168737.96875,168822.640625,-0.51318359375,-0.000244140625,-0.8134765625,-0.7019042372703552,0.3967284858226776,0.4577636420726776,80.0,4150.0,1.0,O,F,O,0
169110.453125,169220.859375,169441.96875,169331.734375,169455.375,169675.9375,169524.484375,169609.34375,-0.51416015625,0.002197265625,-0.8115234375,-0.7934569716453552,0.4272460639476776,0.5493163466453552,80.0,4151.0,1.0,O,F,O,0
168794.84375,168905.078125,169126.625,169016.203125,169139.765625,169360.421875,169208.875,169293.734375,-0.5126953125,0.002685546875,-0.80859375,-0.7629393935203552,0.4272460639476776,0.4577636420726776,80.0,4152.0,1.0,O,F,O,0
168004.296875,168114.0,168335.828125,168225.765625,168349.140625,168569.625,168418.25,168502.921875,-0.513671875,0.0009765625,-0.8115234375,-0.6713866591453552,0.4577636420726776,0.4272460639476776,80.0,4153.0,1.0,O,F,O,0
168254.015625,168363.984375,168585.625,168475.296875,168598.859375,168819.25,168668.0625,168752.734375,-0.5126953125,0.000244140625,-0.8115234375,-0.7324218153953552,0.5187987685203552,0.4272460639476776,80.0,4154.0,1.0,O,F,O,0
169110.359375,169220.59375,169441.875,169331.734375,169455.109375,169675.9375,169524.578125,169609.421875,-0.512939453125,-0.00048828125,-0.810546875,-0.6408690810203552,0.5187987685203552,0.4577636420726776,80.0,4155.0,1.0,O,F,O,0
169006.546875,169116.25,169337.8125,169227.921875,169351.125,169572.140625,169420.234375,169505.53125,-0.5126953125,0.00048828125,-0.8076171875,-0.6713866591453552,0.4882812201976776,0.4272460639476776,80.0,4156.0,1.0,O,F,O,0
168170.234375,168280.21875,168502.125,168391.703125,168515.0,168735.828125,168584.28125,168669.125,-0.51318359375,0.001220703125,-0.811279296875,-0.7019042372703552,0.3967284858226776,0.4577636420726776,80.0,4157.0,1.0,O,F,O,0
168204.75,168315.078125,168536.71875,168426.125,168549.859375,168770.25,168618.890625,168703.828125,-0.513916015625,-0.000732421875,-0.8125,-0.7324218153953552,0.4577636420726776,0.4272460639476776,80.0,4158.0,1.0,O,F,O,0
169082.1875,169192.875,169414.078125,169303.65625,169427.03125,169647.875,169496.59375,169581.171875,-0.51318359375,-0.000244140625,-0.815673828125,-0.7019042372703552,0.4272460639476776,0.3662109076976776,80.0,4159.0,1.0,O,F,O,0
169195.734375,169306.34375,169527.625,169417.203125,169540.578125,169761.78125,169610.234375,169694.359375,-0.510986328125,0.000732421875,-0.813720703125,-0.7019042372703552,0.4272460639476776,0.3662109076976776,80.0,4160.0,1.0,O,F,O,0
168369.984375,168480.3125,168701.859375,168591.703125,168715.09375,168935.828125,168784.640625,168868.59375,-0.512451171875,0.0009765625,-0.810546875,-0.7629393935203552,0.4882812201976776,0.4577636420726776,80.0,4161.0,1.0,O,F,O,0
168187.40625,168298.0,168519.5625,168409.5,168532.875,168753.4375,168602.078125,168686.390625,-0.51220703125,0.001953125,-0.8134765625,-0.8239745497703552,0.5187987685203552,0.5187987685203552,80.0,4162.0,1.0,O,F,O,0
169025.328125,169135.5625,169357.296875,169247.5,169370.4375,169591.28125,169439.546875,169524.21875,-0.515625,0.001220703125,-0.811767578125,-0.8850097060203552,0.5187987685203552,0.4882812201976776,80.0,4163.0,1.0,O,F,O,0
169350.953125,169461.1875,169682.5625,169572.765625,169695.703125,169916.625,169764.90625,169849.65625,-0.512939453125,-0.00048828125,-0.80810546875,-0.8239745497703552,0.4882812201976776,0.4272460639476776,80.0,4164.0,1.0,O,F,O,0
168591.171875,168701.234375,168922.6875,168812.546875,168936.015625,169156.578125,169005.296875,169089.53125,-0.512939453125,0.000244140625,-0.809326171875,-0.8239745497703552,0.4882812201976776,0.4577636420726776,80.0,4165.0,1.0,O,F,O,0
168204.84375,168314.8125,168536.453125,168426.125,168549.953125,168770.078125,168618.96875,168703.109375,-0.51220703125,0.00146484375,-0.814208984375,-0.7324218153953552,0.4577636420726776,0.3967284858226776,80.0,4166.0,1.0,O,F,O,0
168949.421875,169059.484375,169281.03125,169170.703125,169294.625,169514.921875,169363.5625,169448.21875,-0.513916015625,0.001708984375,-0.809814453125,-0.6408690810203552,0.4882812201976776,0.4577636420726776,80.0,4167.0,1.0,O,F,O,0
169465.03125,169575.359375,169796.640625,169686.5,169810.328125,170030.890625,169879.171875,169964.109375,-0.51318359375,0.001220703125,-0.81103515625,-0.7629393935203552,0.5493163466453552,0.3967284858226776,80.0,4168.0,1.0,O,F,O,0
168819.0625,168929.484375,169150.671875,169040.265625,169164.09375,169384.65625,169233.015625,169317.6875,-0.511962890625,0.000732421875,-0.81201171875,-0.7019042372703552,0.6103515028953552,0.3967284858226776,80.0,4169.0,1.0,O,F,O,0
168255.359375,168366.046875,168587.6875,168477.09375,168600.828125,168821.03125,168669.765625,168754.0625,-0.514404296875,0.000244140625,-0.813720703125,-0.7324218153953552,0.4882812201976776,0.3662109076976776,80.0,4170.0,1.0,O,F,O,0
168864.125,168974.453125,169196.28125,169085.765625,169209.6875,169429.625,169278.625,169363.203125,-0.51513671875,0.00048828125,-0.813720703125,-0.7324218153953552,0.5187987685203552,0.4577636420726776,80.0,4171.0,1.0,O,F,O,0
169542.8125,169652.96875,169874.515625,169764.453125,169887.921875,170108.3125,169956.953125,170041.796875,-0.515380859375,0.000244140625,-0.81494140625,-0.7019042372703552,0.4577636420726776,0.4577636420726776,80.0,4172.0,1.0,O,F,O,0
169056.625,169166.59375,169388.5,169278.265625,169402.0,169622.21875,169470.9375,169555.515625,-0.512939453125,0.00048828125,-0.8115234375,-0.7629393935203552,0.4272460639476776,0.4272460639476776,80.0,4173.0,1.0,O,F,O,0
168353.4375,168463.3125,168685.140625,168574.890625,168698.640625,168918.9375,168767.84375,168852.15625,-0.51220703125,0.001220703125,-0.810791015625,-0.7019042372703552,0.4272460639476776,0.3967284858226776,80.0,4174.0,1.0,O,F,O,0
168787.328125,168897.484375,169119.03125,169008.796875,169132.4375,169352.65625,169201.546875,169285.953125,-0.513427734375,0.00146484375,-0.811279296875,-0.7019042372703552,0.3967284858226776,0.4577636420726776,80.0,4175.0,1.0,O,F,O,0
169579.390625,169689.796875,169911.0,169800.75,169924.5,170144.96875,169993.609375,170078.1875,-0.513671875,0.001953125,-0.811767578125,-0.7324218153953552,0.5187987685203552,0.4577636420726776,80.0,4176.0,1.0,O,F,O,0
169283.53125,169393.59375,169614.96875,169504.546875,169628.46875,169849.03125,169697.484375,169782.34375,-0.5146484375,0.000244140625,-0.815673828125,-0.7019042372703552,0.4272460639476776,0.4882812201976776,80.0,4177.0,1.0,O,F,O,0
168486.65625,168596.625,168818.0,168707.75,168831.046875,169051.703125,168900.15625,168985.0,-0.512451171875,-0.00146484375,-0.813720703125,-0.7324218153953552,0.5187987685203552,0.4577636420726776,80.0,4178.0,1.0,O,F,O,0
168717.5,168827.5625,169049.203125,168938.78125,169062.25,169282.828125,169131.71875,169215.953125,-0.513916015625,-0.0009765625,-0.8154296875,-0.7629393935203552,0.4882812201976776,0.5187987685203552,80.0,4179.0,1.0,O,F,O,0
169577.859375,169688.28125,169909.5625,169799.140625,169923.15625,170143.625,169992.171875,170076.9375,-0.51513671875,0.000244140625,-0.81591796875,-0.6713866591453552,0.5493163466453552,0.4272460639476776,80.0,4180.0,1.0,O,F,O,0
169492.65625,169603.171875,169824.625,169714.03125,169837.859375,170058.421875,169907.0625,169991.46875,-0.51416015625,0.001708984375,-0.8125,-0.7324218153953552,0.4882812201976776,0.4272460639476776,80.0,4181.0,1.0,O,F,O,0
168655.625,168765.78125,168987.15625,168876.921875,169000.5625,169220.953125,169069.765625,169153.984375,-0.51416015625,0.001708984375,-0.812744140625,-0.7934569716453552,0.3356933295726776,0.4577636420726776,80.0,4182.0,1.0,O,F,O,0
168671.546875,168781.515625,169002.796875,168892.734375,169016.390625,169236.953125,169085.5,169169.984375,-0.51513671875,0.001708984375,-0.80859375,-0.7324218153953552,0.3356933295726776,0.4272460639476776,80.0,4183.0,1.0,O,F,O,0
169545.046875,169655.03125,169876.3125,169766.15625,169889.8125,170110.546875,169959.28125,170043.859375,-0.514404296875,0.0009765625,-0.81201171875,-0.7324218153953552,0.3662109076976776,0.3662109076976776,80.0,4184.0,1.0,O,F,O,0
169674.875,169784.84375,170006.578125,169895.96875,170019.71875,170240.453125,170089.09375,170173.578125,-0.511962890625,0.00146484375,-0.813232421875,-0.7629393935203552,0.4272460639476776,0.4272460639476776,80.0,4185.0,1.0,O,F,O,0
168852.328125,168962.5625,169184.03125,169073.609375,169197.34375,169418.09375,169266.1875,169350.953125,-0.5126953125,0.002197265625,-0.811767578125,-0.7629393935203552,0.4272460639476776,0.4577636420726776,80.0,4186.0,1.0,O,F,O,0
168650.890625,168761.046875,168982.953125,168872.171875,168995.828125,169216.484375,169064.9375,169149.421875,-0.51171875,-0.001708984375,-0.811767578125,-0.7629393935203552,0.3662109076976776,0.3967284858226776,80.0,4187.0,1.0,O,F,O,0
169482.921875,169592.796875,169814.609375,169703.75,169827.484375,170048.140625,169896.59375,169981.265625,-0.513427734375,-0.000732421875,-0.814697265625,-0.7019042372703552,0.4272460639476776,0.4272460639476776,80.0,4188.0,1.0,O,F,O,0
169827.578125,169937.734375,170158.828125,170048.421875,170172.421875,170392.90625,170241.09375,170326.203125,-0.51416015625,0.000244140625,-0.811767578125,-0.6713866591453552,0.4882812201976776,0.4882812201976776,80.0,4189.0,1.0,O,F,O,0
169076.296875,169186.53125,169407.8125,169297.3125,169421.140625,169641.609375,169490.15625,169574.921875,-0.512939453125,0.001220703125,-0.812744140625,-0.6103515028953552,0.4272460639476776,0.4272460639476776,80.0,4190.0,1.0,O,F,O,0
168673.515625,168783.390625,169005.03125,168894.53125,169018.453125,169238.828125,169087.734375,169172.21875,-0.51171875,0.00048828125,-0.8125,-0.6713866591453552,0.4882812201976776,0.4272460639476776,80.0,4191.0,1.0,O,F,O,0
169409.515625,169519.296875,169741.21875,169630.34375,169754.171875,169974.921875,169823.640625,169908.21875,-0.511474609375,0.0,-0.8134765625,-0.5493163466453552,0.4882812201976776,0.4272460639476776,80.0,4192.0,1.0,O,F,O,0
169942.640625,170052.4375,170273.984375,170163.21875,170287.046875,170507.96875,170356.515625,170441.265625,-0.511474609375,-0.00146484375,-0.812744140625,-0.7019042372703552,0.4882812201976776,0.4272460639476776,80.0,4193.0,1.0,O,F,O,0
169310.359375,169419.96875,169641.703125,169531.109375,169654.75,169875.59375,169724.046875,169808.984375,-0.513427734375,-0.000732421875,-0.811767578125,-0.7934569716453552,0.4882812201976776,0.3967284858226776,80.0,4194.0,1.0,O,F,O,0
168731.53125,168841.234375,169062.96875,168952.46875,169076.03125,169296.859375,169145.3125,169230.078125,-0.514404296875,-0.0009765625,-0.81005859375,-0.7629393935203552,0.4577636420726776,0.4272460639476776,80.0,4195.0,1.0,O,F,O,0
169324.84375,169435.0,169656.546875,169545.671875,169669.328125,169890.25,169738.625,169823.46875,-0.514404296875,0.00048828125,-0.81103515625,-0.6713866591453552,0.5187987685203552,0.3967284858226776,80.0,4196.0,1.0,O,F,O,0
170012.46875,170122.53125,170344.265625,170233.390625,170357.3125,170577.875,170426.34375,170511.28125,-0.513671875,-0.000244140625,-0.812744140625,-0.6713866591453552,0.4577636420726776,0.4272460639476776,80.0,4197.0,1.0,O,F,O,0
169540.9375,169650.90625,169872.28125,169761.953125,169885.6875,170106.265625,169954.53125,170039.390625,-0.5126953125,0.0,-0.81201171875,-0.6103515028953552,0.3967284858226776,0.4272460639476776,80.0,4198.0,1.0,O,F,O,0
168826.40625,168936.375,169158.1875,169047.234375,169171.0625,169391.8125,169240.171875,169325.015625,-0.513671875,0.001220703125,-0.812255859375,-0.7324218153953552,0.4272460639476776,0.3967284858226776,80.0,4199.0,1.0,O,F,O,0
169241.609375,169351.21875,169573.390625,169462.34375,169586.1875,169806.5625,169655.296875,169740.3125,-0.515869140625,-0.000732421875,-0.814208984375,-0.7934569716453552,0.3662109076976776,0.5187987685203552,80.0,4200.0,1.0,O,F,O,0
170043.859375,170153.640625,170375.46875,170264.78125,170388.78125,170609.078125,170457.71875,170542.75,-0.514404296875,0.000244140625,-0.81298828125,-0.8544921278953552,0.3356933295726776,0.3967284858226776,80.0,4201.0,1.0,O,F,O,0
169762.765625,169872.90625,170094.453125,169983.953125,170107.78125,170328.703125,170176.71875,170261.5625,-0.51416015625,-0.000732421875,-0.811279296875,-0.7629393935203552,0.4272460639476776,0.3662109076976776,80.0,4202.0,1.0,O,F,O,0
168961.671875,169071.640625,169293.109375,169182.859375,169306.34375,169527.171875,169375.53125,169460.03125,-0.5126953125,-0.001708984375,-0.811279296875,-0.6713866591453552,0.5187987685203552,0.3662109076976776,80.0,4203.0,1.0,O,F,O,0
169175.796875,169285.953125,169507.234375,169397.0,169520.46875,169741.21875,169589.671875,169674.421875,-0.51513671875,-0.000732421875,-0.815673828125,-0.6103515028953552,0.4272460639476776,0.4577636420726776,80.0,4204.0,1.0,O,F,O,0
170039.03125,170149.4375,170370.546875,170260.125,170383.6875,170604.703125,170452.71875,170537.734375,-0.513916015625,0.0009765625,-0.811767578125,-0.6713866591453552,0.4882812201976776,0.3356933295726776,80.0,4205.0,1.0,O,F,O,0
169971.609375,170081.859375,170303.21875,170192.8125,170316.1875,170537.375,170385.203125,170470.5,-0.512939453125,0.00146484375,-0.809814453125,-0.6713866591453552,0.5493163466453552,0.4272460639476776,80.0,4206.0,1.0,O,F,O,0
169134.40625,169244.203125,169465.75,169355.515625,169479.078125,169699.640625,169547.90625,169632.84375,-0.5146484375,0.001953125,-0.809326171875,-0.6408690810203552,0.5798339247703552,0.3356933295726776,80.0,4207.0,1.0,O,F,O,0
169131.28125,169241.25,169462.890625,169352.296875,169476.390625,169696.328125,169544.96875,169629.90625,-0.513671875,0.002685546875,-0.811279296875,-0.6713866591453552,0.5493163466453552,0.4882812201976776,80.0,4208.0,1.0,O,F,O,0
170001.828125,170111.984375,170333.53125,170223.03125,170347.03125,170567.421875,170415.875,170500.90625,-0.512939453125,0.0029296875,-0.812744140625,-0.7629393935203552,0.4882812201976776,0.4882812201976776,80.0,4209.0,1.0,O,F,O,0
170149.890625,170259.5,170481.859375,170370.640625,170494.5625,170715.125,170563.578125,170649.046875,-0.514404296875,0.0,-0.810302734375,-0.7324218153953552,0.4577636420726776,0.4882812201976776,80.0,4210.0,1.0,O,F,O,0
169327.96875,169437.9375,169659.765625,169548.984375,169672.640625,169893.296875,169742.015625,169826.859375,-0.51416015625,0.00146484375,-0.811279296875,-0.7629393935203552,0.4577636420726776,0.4577636420726776,80.0,4211.0,1.0,O,F,O,0
169110.625,169221.125,169442.6875,169332.265625,169455.828125,169676.484375,169524.9375,169609.421875,-0.515625,0.0,-0.811767578125,-0.7019042372703552,0.4577636420726776,0.4882812201976776,80.0,4212.0,1.0,O,F,O,0
169938.71875,170049.3125,170270.765625,170160.625,170283.90625,170504.65625,170352.84375,170437.78125,-0.514892578125,0.00048828125,-0.81201171875,-0.7324218153953552,0.4577636420726776,0.5798339247703552,80.0,4213.0,1.0,O,F,O,0
170297.234375,170408.015625,170629.296875,170518.96875,170642.34375,170863.265625,170711.28125,170796.390625,-0.51318359375,0.0,-0.81103515625,-0.7934569716453552,0.4577636420726776,0.5493163466453552,80.0,4214.0,1.0,O,F,O,0
169553.09375,169663.515625,169885.25,169774.46875,169898.390625,170118.78125,169967.046875,170052.171875,-0.5126953125,0.0,-0.81103515625,-0.7934569716453552,0.4577636420726776,0.4882812201976776,80.0,4215.0,1.0,O,F,O,0
169135.296875,169245.453125,169467.0,169356.40625,169480.40625,169700.703125,169549.25,169634.1875,-0.51416015625,-0.00048828125,-0.813232421875,-0.7629393935203552,0.5493163466453552,0.4577636420726776,80.0,4216.0,1.0,O,F,O,0
169863.96875,169974.109375,170195.84375,170085.078125,170209.078125,170429.5625,170278.015625,170362.765625,-0.513916015625,0.00048828125,-0.812255859375,-0.6713866591453552,0.5187987685203552,0.3662109076976776,80.0,4217.0,1.0,O,F,O,0
170411.671875,170521.46875,170743.203125,170632.421875,170756.421875,170977.171875,170825.453125,170910.46875,-0.513671875,0.000244140625,-0.813232421875,-0.6408690810203552,0.4577636420726776,0.4577636420726776,80.0,4218.0,1.0,O,F,O,0
169788.234375,169898.296875,170119.9375,170009.4375,170133.34375,170353.921875,170202.1875,170287.3125,-0.513916015625,0.00244140625,-0.814697265625,-0.5798339247703552,0.4882812201976776,0.3662109076976776,80.0,4219.0,1.0,O,F,O,0
169199.765625,169309.640625,169531.640625,169420.859375,169544.609375,169765.0,169613.8125,169698.5625,-0.513427734375,0.00341796875,-0.813232421875,-0.7019042372703552,0.5187987685203552,0.4577636420726776,80.0,4220.0,1.0,O,F,O,0
169780.90625,169890.796875,170112.78125,170001.828125,170125.75,170346.046875,170195.125,170279.703125,-0.513427734375,0.002197265625,-0.811767578125,-0.7019042372703552,0.5798339247703552,0.4577636420726776,80.0,4221.0,1.0,O,F,O,0
170478.8125,170588.609375,170810.515625,170699.921875,170823.578125,171043.96875,170892.78125,170977.53125,-0.512939453125,0.001220703125,-0.8095703125,-0.7019042372703552,0.5798339247703552,0.3662109076976776,80.0,4222.0,1.0,O,F,O,0
170020.515625,170130.21875,170351.953125,170241.359375,170365.0,170585.75,170434.203125,170519.046875,-0.512451171875,0.00048828125,-0.8095703125,-0.6713866591453552,0.5493163466453552,0.4577636420726776,80.0,4223.0,1.0,O,F,O,0
169299.0,169408.890625,169630.703125,169520.375,169643.84375,169864.234375,169712.875,169797.890625,-0.513671875,-0.00048828125,-0.812255859375,-0.7629393935203552,0.5187987685203552,0.5187987685203552,80.0,4224.0,1.0,O,F,O,0
169701.6875,169811.578125,170033.578125,169923.15625,170047.15625,170267.015625,170115.734375,170200.9375,-0.513427734375,-0.00048828125,-0.81103515625,-0.7629393935203552,0.4882812201976776,0.5187987685203552,80.0,4225.0,1.0,O,F,O,0
170509.484375,170619.28125,170841.453125,170730.59375,170854.59375,171074.984375,170923.34375,171008.375,-0.514404296875,-0.000244140625,-0.81005859375,-0.7629393935203552,0.4577636420726776,0.4272460639476776,80.0,4226.0,1.0,O,F,O,0
170245.5625,170355.34375,170577.25,170466.296875,170590.125,170810.78125,170659.421875,170744.453125,-0.512939453125,0.002197265625,-0.810546875,-0.6713866591453552,0.4272460639476776,0.4577636420726776,80.0,4227.0,1.0,O,F,O,0
169440.09375,169549.515625,169771.25,169661.109375,169784.9375,170004.96875,169853.6875,169938.625,-0.513427734375,0.001953125,-0.810791015625,-0.7324218153953552,0.4577636420726776,0.4577636420726776,80.0,4228.0,1.0,O,F,O,0
169635.796875,169745.859375,169967.5,169856.90625,169981.09375,170201.203125,170049.75,170134.6875,-0.513671875,0.00244140625,-0.811279296875,-0.7324218153953552,0.4882812201976776,0.3967284858226776,80.0,4229.0,1.0,O,F,O,0
170502.875,170613.203125,170834.921875,170723.796875,170847.890625,171068.453125,170916.90625,171001.9375,-0.513427734375,0.00244140625,-0.81298828125,-0.7324218153953552,0.5798339247703552,0.4272460639476776,80.0,4230.0,1.0,O,F,O,0
170452.171875,170562.6875,170784.59375,170673.734375,170797.46875,171018.21875,170866.578125,170951.328125,-0.513427734375,0.00244140625,-0.8134765625,-0.7934569716453552,0.5493163466453552,0.3662109076976776,80.0,4231.0,1.0,O,F,O,0
169614.796875,169724.9375,169946.671875,169836.34375,169959.71875,170180.109375,170028.828125,170113.5,-0.51318359375,0.001708984375,-0.81103515625,-0.6408690810203552,0.5493163466453552,0.3967284858226776,80.0,4232.0,1.0,O,F,O,0
169594.765625,169704.640625,169926.28125,169815.6875,169939.0625,170159.546875,170008.53125,170093.03125,-0.513916015625,0.002685546875,-0.807861328125,-0.6713866591453552,0.5493163466453552,0.4272460639476776,80.0,4233.0,1.0,O,F,O,0
170464.96875,170574.75,170796.65625,170685.53125,170809.171875,171029.921875,170878.5625,170963.3125,-0.51318359375,0.00244140625,-0.810302734375,-0.7019042372703552,0.5187987685203552,0.4882812201976776,80.0,4234.0,1.0,O,F,O,0
170632.15625,170742.21875,170963.671875,170852.984375,170976.453125,171197.296875,171045.65625,171130.859375,-0.513916015625,0.002197265625,-0.813720703125,-0.7019042372703552,0.4577636420726776,0.4272460639476776,80.0,4235.0,1.0,O,F,O,0
169816.3125,169926.28125,170147.921875,170037.328125,170160.984375,170381.359375,170230.171875,170314.75,-0.5126953125,-0.000244140625,-0.813232421875,-0.7629393935203552,0.4272460639476776,0.3967284858226776,80.0,4236.0,1.0,O,F,O,0
169580.09375,169690.25,169911.796875,169801.203125,169925.21875,170145.421875,169994.234375,170078.8125,-0.5146484375,0.000244140625,-0.812255859375,-0.6408690810203552,0.4577636420726776,0.3662109076976776,80.0,4237.0,1.0,O,F,O,0
170400.046875,170510.375,170731.9375,170620.96875,170744.984375,170965.90625,170814.1875,170899.03125,-0.51513671875,-0.0009765625,-0.810546875,-0.6408690810203552,0.3967284858226776,0.4577636420726776,80.0,4238.0,1.0,O,F,O,0
170773.328125,170883.46875,171105.203125,170994.421875,171118.265625,171338.921875,171187.09375,171272.390625,-0.513916015625,-0.000244140625,-0.811767578125,-0.6103515028953552,0.5187987685203552,0.3967284858226776,80.0,4239.0,1.0,O,F,O,0
170036.4375,170146.5,170368.40625,170257.53125,170381.640625,170601.671875,170450.484375,170535.765625,-0.51318359375,0.0029296875,-0.8125,-0.6103515028953552,0.5187987685203552,0.4272460639476776,80.0,4240.0,1.0,O,F,O,0
169605.40625,169715.375,169936.828125,169826.234375,169950.25,170170.546875,170019.359375,170104.03125,-0.514404296875,0.0029296875,-0.812744140625,-0.7324218153953552,0.5798339247703552,0.3967284858226776,80.0,4241.0,1.0,O,F,O,0
170324.140625,170434.390625,170656.296875,170545.421875,170669.25,170890.09375,170738.28125,170823.296875,-0.5126953125,0.00146484375,-0.809326171875,-0.7324218153953552,0.5798339247703552,0.3662109076976776,80.0,4242.0,1.0,O,F,O,0
170882.578125,170992.640625,171214.453125,171103.78125,171227.15625,171448.078125,171296.453125,171381.5625,-0.51318359375,0.0,-0.806640625,-0.7324218153953552,0.6103515028953552,0.3967284858226776,80.0,4243.0,1.0,O,F,O,0
170270.6875,170380.734375,170602.46875,170491.609375,170615.4375,170836.0,170684.546875,170769.484375,-0.512939453125,0.000244140625,-0.8125,-0.7324218153953552,0.5493163466453552,0.3967284858226776,80.0,4244.0,1.0,O,F,O,0
169666.734375,169776.265625,169997.90625,169887.21875,170011.3125,170231.4375,170080.59375,170165.265625,-0.5146484375,0.000244140625,-0.810302734375,-0.6103515028953552,0.4272460639476776,0.4577636420726776,80.0,4245.0,1.0,O,F,O,0
170235.28125,170345.25,170566.265625,170455.84375,170579.484375,170800.0625,170649.046875,170733.8125,-0.5146484375,0.002197265625,-0.81005859375,-0.7324218153953552,0.4882812201976776,0.4577636420726776,80.0,4246.0,1.0,O,F,O,0
170945.25,171055.578125,171276.328125,171166.0,171289.734375,171510.21875,171359.203125,171444.328125,-0.51416015625,0.001708984375,-0.810546875,-0.8239745497703552,0.4272460639476776,0.4882812201976776,80.0,4247.0,1.0,O,F,O,0
170501.625,170611.765625,170832.953125,170722.28125,170846.453125,171066.484375,170915.578125,171000.515625,-0.513427734375,0.001953125,-0.812255859375,-0.7324218153953552,0.4577636420726776,0.4882812201976776,80.0,4248.0,1.0,O,F,O,0
169773.21875,169883.375,170105.09375,169994.0625,170118.15625,170338.453125,170187.078125,170272.203125,-0.5146484375,0.0009765625,-0.813232421875,-0.7934569716453552,0.5493163466453552,0.3967284858226776,80.0,4249.0,1.0,O,F,O,0
170159.28125,170269.34375,170491.15625,170380.296875,170504.390625,170724.328125,170573.234375,170658.171875,-0.513427734375,0.0,-0.811279296875,-0.7324218153953552,0.5493163466453552,0.4272460639476776,80.0,4250.0,1.0,O,F,O,0
170970.375,171080.265625,171301.90625,171191.125,171314.78125,171535.15625,171384.0625,171469.265625,-0.513427734375,0.000732421875,-0.81103515625,-0.7324218153953552,0.5187987685203552,0.4577636420726776,80.0,4251.0,1.0,O,M,O,0
170722.1875,170831.984375,171053.265625,170942.65625,171066.3125,171286.703125,171135.328125,171220.8125,-0.51220703125,0.00048828125,-0.8115234375,-0.8239745497703552,0.5187987685203552,0.5493163466453552,80.0,4252.0,1.0,O,M,O,0
169910.90625,170020.609375,170242.421875,170131.46875,170255.296875,170475.515625,170324.234375,170409.4375,-0.51171875,0.001220703125,-0.81494140625,-0.7324218153953552,0.5187987685203552,0.5493163466453552,80.0,4253.0,1.0,O,M,O,0
170089.453125,170199.421875,170420.96875,170309.921875,170434.109375,170654.328125,170503.234375,170588.25,-0.511962890625,0.0,-0.81298828125,-0.7019042372703552,0.5187987685203552,0.3967284858226776,80.0,4254.0,1.0,O,M,O,0
170959.65625,171069.890625,171291.171875,171180.578125,171304.5,171524.875,171373.609375,171458.71875,-0.513671875,-0.00048828125,-0.8134765625,-0.7629393935203552,0.5187987685203552,0.4272460639476776,80.0,4255.0,1.0,O,M,O,0
170923.890625,171034.125,171255.59375,171145.171875,171268.8125,171488.9375,171337.65625,171423.046875,-0.513671875,0.001953125,-0.812744140625,-0.8239745497703552,0.4882812201976776,0.4272460639476776,80.0,4256.0,1.0,O,M,O,0
170084.359375,170194.5,170416.328125,170305.375,170429.46875,170649.5,170498.40625,170583.34375,-0.513916015625,0.00146484375,-0.81494140625,-0.7324218153953552,0.3967284858226776,0.4272460639476776,80.0,4257.0,1.0,O,M,O,0
170047.34375,170157.484375,170379.40625,170268.09375,170392.359375,170612.75,170461.203125,170546.328125,-0.51220703125,0.00244140625,-0.81298828125,-0.7019042372703552,0.4577636420726776,0.4882812201976776,80.0,4258.0,1.0,O,M,O,0
170916.015625,171026.078125,171247.984375,171136.859375,171260.6875,171481.421875,171329.703125,171415.09375,-0.512939453125,0.00244140625,-0.810302734375,-0.7324218153953552,0.4882812201976776,0.4272460639476776,80.0,4259.0,1.0,O,M,O,0
171098.59375,171208.375,171430.375,171319.328125,171443.4375,171663.46875,171512.1875,171597.390625,-0.513427734375,0.001220703125,-0.8134765625,-0.6408690810203552,0.4577636420726776,0.4577636420726776,80.0,4260.0,1.0,O,M,O,0
170287.671875,170397.734375,170619.28125,170508.328125,170632.421875,170852.359375,170701.265625,170786.203125,-0.513916015625,0.0029296875,-0.812744140625,-0.6408690810203552,0.5493163466453552,0.5187987685203552,80.0,4261.0,1.0,O,M,O,0
170038.765625,170148.453125,170370.28125,170259.140625,170383.328125,170603.546875,170452.4375,170537.203125,-0.512939453125,0.001708984375,-0.80908203125,-0.7324218153953552,0.4882812201976776,0.4882812201976776,80.0,4262.0,1.0,O,M,O,0
170853.171875,170963.21875,171184.953125,171073.90625,171197.734375,171418.3125,171266.578125,171352.140625,-0.51318359375,0.000244140625,-0.81298828125,-0.7629393935203552,0.4882812201976776,0.4272460639476776,80.0,4263.0,1.0,O,M,O,0
171243.0625,171352.953125,171574.59375,171463.734375,171587.5625,171808.125,171656.40625,171741.875,-0.511962890625,0.001220703125,-0.811279296875,-0.7324218153953552,0.5187987685203552,0.3662109076976776,80.0,4264.0,1.0,O,M,O,0
170513.515625,170623.390625,170844.9375,170734.34375,170858.4375,171078.734375,170927.015625,171012.40625,-0.511962890625,0.000244140625,-0.81103515625,-0.7934569716453552,0.4272460639476776,0.4577636420726776,80.0,4265.0,1.0,O,M,O,0
170065.40625,170175.546875,170397.28125,170286.59375,170410.609375,170630.8125,170479.265625,170564.375,-0.514892578125,0.00048828125,-0.81005859375,-0.8850097060203552,0.3662109076976776,0.3662109076976776,80.0,4266.0,1.0,O,M,O,0
170772.703125,170882.9375,171104.9375,170993.71875,171117.453125,171338.015625,171186.65625,171271.6875,-0.51513671875,0.00244140625,-0.8115234375,-0.8239745497703552,0.3967284858226776,0.3967284858226776,80.0,4267.0,1.0,O,M,O,0
171346.0625,171456.578125,171678.484375,171567.171875,171691.0,171911.65625,171760.109375,171845.40625,-0.513671875,0.000732421875,-0.81298828125,-0.7629393935203552,0.4882812201976776,0.4272460639476776,80.0,4268.0,1.0,O,M,O,0
170746.859375,170857.09375,171078.921875,170967.78125,171091.796875,171312.1875,171160.8125,171246.015625,-0.512939453125,0.00048828125,-0.8125,-0.7324218153953552,0.5493163466453552,0.4577636420726776,80.0,4269.0,1.0,O,M,O,0
170131.46875,170241.71875,170463.4375,170352.84375,170476.5,170696.609375,170545.421875,170630.359375,-0.513671875,-0.001220703125,-0.813720703125,-0.5798339247703552,0.5798339247703552,0.4272460639476776,80.0,4270.0,1.0,O,M,O,0
170686.953125,170797.640625,171019.546875,170908.421875,171032.25,171252.28125,171101.09375,171186.296875,-0.513427734375,0.00146484375,-0.812255859375,-0.6103515028953552,0.5798339247703552,0.4577636420726776,80.0,4271.0,1.0,O,M,O,0
171409.09375,171519.78125,171741.515625,171630.296875,171754.03125,171974.6875,171823.140625,171908.703125,-0.51318359375,0.001708984375,-0.8125,-0.7324218153953552,0.5493163466453552,0.5187987685203552,80.0,4272.0,1.0,O,M,O,0
170984.5,171094.65625,171316.390625,171205.34375,171329.171875,171550.0,171398.546875,171483.9375,-0.512451171875,0.00048828125,-0.814208984375,-0.6103515028953552,0.4882812201976776,0.4882812201976776,80.0,4273.0,1.0,O,M,O,0
170245.28125,170355.34375,170577.25,170466.296875,170590.578125,170810.96875,170659.25,170744.453125,-0.512451171875,-0.00048828125,-0.813232421875,-0.6408690810203552,0.4577636420726776,0.3967284858226776,80.0,4274.0,1.0,O,M,O,0
170614.09375,170724.328125,170945.96875,170834.75,170958.84375,171179.328125,171028.046875,171112.890625,-0.513916015625,-0.000244140625,-0.8095703125,-0.7019042372703552,0.5187987685203552,0.3967284858226776,80.0,4275.0,1.0,O,M,O,0
171434.671875,171545.0,171766.640625,171654.703125,171779.25,171999.625,171848.53125,171933.296875,-0.513671875,0.000732421875,-0.810546875,-0.7629393935203552,0.5187987685203552,0.4577636420726776,80.0,4276.0,1.0,O,M,O,0
171203.734375,171314.0625,171535.875,171424.296875,171548.390625,171768.78125,171617.6875,171702.796875,-0.514404296875,0.00146484375,-0.812255859375,-0.8239745497703552,0.4577636420726776,0.4577636420726776,80.0,4277.0,1.0,O,M,O,0
170388.515625,170498.75,170720.75,170609.4375,170733.0,170953.578125,170802.5625,170887.59375,-0.514892578125,0.001953125,-0.81298828125,-0.8239745497703552,0.5187987685203552,0.4882812201976776,80.0,4278.0,1.0,O,M,O,0
170549.453125,170659.421875,170881.15625,170770.109375,170894.03125,171114.234375,170963.21875,171048.609375,-0.513916015625,-0.000244140625,-0.8154296875,-0.7324218153953552,0.4882812201976776,0.4272460639476776,80.0,4279.0,1.0,O,M,O,0
171420.1875,171530.328125,171751.703125,171640.65625,171764.9375,171985.0625,171833.6875,171919.609375,-0.51318359375,0.0,-0.812744140625,-0.6408690810203552,0.4577636420726776,0.3967284858226776,80.0,4280.0,1.0,O,M,O,0
171406.953125,171517.1875,171738.828125,171627.78125,171751.53125,171972.09375,171820.453125,171905.9375,-0.51611328125,0.001220703125,-0.809326171875,-0.6103515028953552,0.4882812201976776,0.4577636420726776,80.0,4281.0,1.0,O,M,O,0
170568.671875,170679.0,170900.828125,170789.78125,170913.609375,171134.171875,170982.71875,171067.828125,-0.515869140625,0.001220703125,-0.809326171875,-0.6408690810203552,0.5493163466453552,0.3356933295726776,80.0,4282.0,1.0,O,M,O,0
170510.203125,170620.34375,170842.4375,170731.3125,170855.3125,171075.609375,170924.421875,171009.453125,-0.51318359375,-0.00048828125,-0.808837890625,-0.7324218153953552,0.5798339247703552,0.4272460639476776,80.0,4283.0,1.0,O,M,O,0
171376.828125,171487.15625,171708.96875,171597.84375,171721.84375,171941.96875,171790.953125,171875.890625,-0.514404296875,0.001220703125,-0.810302734375,-0.6713866591453552,0.4272460639476776,0.4882812201976776,80.0,4284.0,1.0,O,M,O,0
171577.09375,171687.78125,171909.421875,171798.46875,171922.296875,172142.5,171991.234375,172076.4375,-0.51513671875,0.000732421875,-0.80810546875,-0.8239745497703552,0.4272460639476776,0.5187987685203552,80.0,4285.0,1.0,O,M,O,0
170772.796875,170883.125,171104.84375,170993.796875,171117.71875,171338.015625,171186.65625,171271.6875,-0.5126953125,0.0,-0.809326171875,-0.7629393935203552,0.3967284858226776,0.3967284858226776,80.0,4286.0,1.0,O,M,O,0
170504.5625,170614.546875,170836.265625,170725.21875,170849.40625,171069.359375,170918.34375,171003.1875,-0.51318359375,0.0,-0.8115234375,-0.7019042372703552,0.4577636420726776,0.3967284858226776,80.0,4287.0,1.0,O,M,O,0
171311.734375,171421.703125,171643.609375,171532.75,171656.40625,171876.96875,171725.515625,171810.890625,-0.512451171875,0.001953125,-0.813720703125,-0.7324218153953552,0.4577636420726776,0.3967284858226776,80.0,4288.0,1.0,O,M,O,0
171718.71875,171828.859375,172050.421875,171939.375,172063.015625,172283.953125,172132.21875,172217.703125,-0.512451171875,-0.0009765625,-0.8115234375,-0.7019042372703552,0.4272460639476776,0.4272460639476776,80.0,4289.0,1.0,O,M,O,0
170999.703125,171109.40625,171331.40625,171220.359375,171344.453125,171564.671875,171413.390625,171498.59375,-0.5146484375,0.0,-0.81103515625,-0.6408690810203552,0.4272460639476776,0.4272460639476776,80.0,4290.0,1.0,O,M,O,0
170533.359375,170643.234375,170864.96875,170753.65625,170878.015625,171098.5,170946.859375,171031.796875,-0.5107421875,0.00146484375,-0.81103515625,-0.6713866591453552,0.4272460639476776,0.4272460639476776,80.0,4291.0,1.0,O,M,O,0
171226.34375,171336.5,171558.046875,171447.0,171570.921875,171791.765625,171639.953125,171724.96875,-0.511474609375,0.00146484375,-0.810546875,-0.7324218153953552,0.4272460639476776,0.4272460639476776,80.0,4292.0,1.0,O,M,O,0
171814.375,171924.53125,172146.34375,172034.953125,172159.046875,172379.875,172228.0625,172313.546875,-0.513671875,0.001708984375,-0.8125,-0.7629393935203552,0.3967284858226776,0.3967284858226776,80.0,4293.0,1.0,O,M,O,0
171232.609375,171342.84375,171564.40625,171453.171875,171577.625,171798.015625,171646.46875,171731.671875,-0.514892578125,0.001953125,-0.8115234375,-0.6713866591453552,0.4577636420726776,0.4882812201976776,80.0,4294.0,1.0,O,M,O,0
170603.90625,170714.234375,170935.515625,170824.828125,170948.828125,171169.21875,171017.765625,171102.796875,-0.513916015625,0.001708984375,-0.813232421875,-0.7019042372703552,0.4882812201976776,0.4882812201976776,80.0,4295.0,1.0,O,M,O,0
171141.328125,171251.828125,171472.84375,171361.984375,171485.8125,171706.46875,171554.828125,171640.3125,-0.51318359375,0.000244140625,-0.8125,-0.7019042372703552,0.4577636420726776,0.4577636420726776,80.0,4296.0,1.0,O,M,O,0
171870.96875,171981.484375,172202.859375,172091.71875,172215.640625,172436.46875,172284.75,172370.140625,-0.514404296875,0.000732421875,-0.807373046875,-0.7324218153953552,0.4272460639476776,0.3967284858226776,80.0,4297.0,1.0,O,M,O,0
171460.6875,171571.015625,171792.46875,171681.34375,171805.265625,172026.0,171874.375,171959.578125,-0.513671875,-0.000244140625,-0.810302734375,-0.8239745497703552,0.4882812201976776,0.4577636420726776,80.0,4298.0,1.0,O,M,O,0
170712.703125,170823.125,171044.765625,170933.546875,171057.734375,171278.125,171126.484375,171211.59375,-0.51318359375,0.00048828125,-0.810791015625,-0.8544921278953552,0.3967284858226776,0.4577636420726776,80.0,4299.0,1.0,O,M,O,0
171063.359375,171173.59375,171395.328125,171284.109375,171408.203125,171628.765625,171477.5,171562.4375,-0.512939453125,0.001220703125,-0.813232421875,-0.7629393935203552,0.4577636420726776,0.4882812201976776,80.0,4300.0,1.0,O,M,O,0
171890.734375,172000.96875,172222.25,172111.03125,172235.21875,172456.0625,172304.515625,172389.71875,-0.5126953125,0.0,-0.8134765625,-0.7324218153953552,0.4882812201976776,0.4577636420726776,80.0,4301.0,1.0,O,M,O,0
171677.765625,171788.28125,172009.375,171898.25,172022.078125,172243.4375,172091.1875,172176.75,-0.5126953125,-0.000244140625,-0.8125,-0.7324218153953552,0.4577636420726776,0.4272460639476776,80.0,4302.0,1.0,O,M,O,0
170857.546875,170967.609375,171189.0625,171078.296875,171201.671875,171423.140625,171270.96875,171356.078125,-0.51416015625,0.000732421875,-0.814697265625,-0.7629393935203552,0.4577636420726776,0.5187987685203552,80.0,4303.0,1.0,O,M,O,0
170999.609375,171109.578125,171331.140625,171220.265625,171343.828125,171564.9375,171413.296875,171498.140625,-0.51513671875,-0.000732421875,-0.814208984375,-0.7629393935203552,0.4577636420726776,0.4272460639476776,80.0,4304.0,1.0,O,M,O,0
171871.421875,171981.578125,172202.859375,172092.078125,172215.8125,172436.828125,172285.203125,172370.5,-0.513671875,-0.000244140625,-0.81298828125,-0.7629393935203552,0.3967284858226776,0.3967284858226776,80.0,4305.0,1.0,O,M,O,0
171873.84375,171984.25,172205.71875,172094.765625,172218.328125,172439.6875,172287.609375,172373.0,-0.514404296875,0.000244140625,-0.8115234375,-0.7019042372703552,0.4577636420726776,0.3967284858226776,80.0,4306.0,1.0,O,M,O,0
171034.75,171145.265625,171366.09375,171255.5,171379.140625,171600.25,171448.609375,171533.828125,-0.51318359375,-0.000732421875,-0.8115234375,-0.7934569716453552,0.5187987685203552,0.3967284858226776,80.0,4307.0,1.0,O,M,O,0
170959.921875,171070.0625,171290.90625,171180.3125,171303.78125,171524.96875,171373.25,171458.453125,-0.51416015625,-0.001220703125,-0.8125,-0.7629393935203552,0.4577636420726776,0.3967284858226776,80.0,4308.0,1.0,O,M,O,0
171822.25,171932.390625,172153.40625,172042.8125,172166.46875,172387.296875,172235.484375,172320.78125,-0.51318359375,0.001220703125,-0.809814453125,-0.7324218153953552,0.4882812201976776,0.3967284858226776,80.0,4309.0,1.0,O,M,O,0
172041.828125,172152.15625,172373.4375,172262.3125,172386.234375,172607.234375,172455.15625,172540.453125,-0.51318359375,0.001953125,-0.810546875,-0.7019042372703552,0.5187987685203552,0.4272460639476776,80.0,4310.0,1.0,O,M,O,0
171239.765625,171350.09375,171571.015625,171460.328125,171584.15625,171805.171875,171653.0,171738.203125,-0.5126953125,0.000732421875,-0.810302734375,-0.7934569716453552,0.4577636420726776,0.5798339247703552,80.0,4311.0,1.0,O,M,O,0
170955.09375,171065.421875,171286.25,171176.015625,171299.390625,171520.40625,171368.421875,171453.359375,-0.51416015625,-0.0009765625,-0.813232421875,-0.7629393935203552,0.5493163466453552,0.4882812201976776,80.0,4312.0,1.0,O,M,O,0
171753.40625,171864.0,172085.015625,171974.15625,172097.984375,172319.078125,172166.90625,172252.125,-0.51513671875,-0.000244140625,-0.8115234375,-0.6713866591453552,0.4882812201976776,0.4272460639476776,80.0,4313.0,1.0,O,M,O,0
172175.859375,172286.8125,172507.546875,172396.515625,172520.78125,172741.703125,172589.71875,172674.65625,-0.51416015625,-0.001220703125,-0.8095703125,-0.6713866591453552,0.4882812201976776,0.4272460639476776,80.0,4314.0,1.0,O,M,O,0
171465.515625,171576.109375,171797.296875,171686.34375,171810.359375,172031.015625,171879.203125,171964.140625,-0.513671875,-0.0009765625,-0.8125,-0.6408690810203552,0.3967284858226776,0.4577636420726776,80.0,4315.0,1.0,O,M,O,0
170987.8125,171097.96875,171319.609375,171208.734375,171332.65625,171553.046875,171401.953125,171486.53125,-0.51220703125,0.000244140625,-0.812255859375,-0.8239745497703552,0.3662109076976776,0.3967284858226776,80.0,4316.0,1.0,O,M,O,0
171670.875,171781.5625,172003.03125,171892.171875,172015.8125,172236.5625,172084.65625,172169.6875,-0.511962890625,0.0009765625,-0.81298828125,-0.7324218153953552,0.4882812201976776,0.4577636420726776,80.0,4317.0,1.0,O,M,O,0
172270.53125,172381.40625,172602.5,172491.640625,172615.734375,172836.390625,172684.671875,172769.96875,-0.510009765625,0.00244140625,-0.81396484375,-0.7324218153953552,0.4882812201976776,0.4272460639476776,80.0,4318.0,1.0,O,M,O,0
171699.5,171810.09375,172031.28125,171920.78125,172044.609375,172264.984375,172113.359375,172198.828125,-0.51220703125,0.002685546875,-0.8115234375,-0.6408690810203552,0.4882812201976776,0.4882812201976776,80.0,4319.0,1.0,O,M,O,0
171060.6875,171171.453125,171392.828125,171281.96875,171405.796875,171626.453125,171474.453125,171560.015625,-0.51513671875,0.001708984375,-0.81396484375,-0.7934569716453552,0.3967284858226776,0.4882812201976776,80.0,4320.0,1.0,O,M,O,0
171585.671875,171696.1875,171917.46875,171806.515625,171930.4375,172151.09375,171999.453125,172084.84375,-0.512939453125,0.001708984375,-0.8134765625,-0.8239745497703552,0.4272460639476776,0.4272460639476776,80.0,4321.0,1.0,O,M,O,0
172325.15625,172436.03125,172657.40625,172546.0,172670.09375,172891.109375,172739.125,172824.59375,-0.513671875,0.001220703125,-0.81103515625,-0.6408690810203552,0.4882812201976776,0.4882812201976776,80.0,4322.0,1.0,O,M,O,0
171928.640625,172039.6875,172261.0625,172149.921875,172273.671875,172494.765625,172342.78125,172427.984375,-0.5126953125,0.0009765625,-0.8095703125,-0.7324218153953552,0.4577636420726776,0.5187987685203552,80.0,4323.0,1.0,O,M,O,0
171172.4375,171283.125,171504.578125,171393.546875,171517.453125,171738.203125,171586.578125,171671.328125,-0.5126953125,-0.000732421875,-0.814453125,-0.7324218153953552,0.4272460639476776,0.3967284858226776,80.0,4324.0,1.0,O,M,O,0
171507.984375,171618.578125,171839.765625,171729.171875,171853.09375,172073.65625,171921.9375,172007.140625,-0.51318359375,-0.000244140625,-0.81494140625,-0.7324218153953552,0.4882812201976776,0.3967284858226776,80.0,4325.0,1.0,O,M,O,0
172342.78125,172453.46875,172674.5625,172563.796875,172687.34375,172908.546875,172756.46875,172841.84375,-0.512939453125,0.000732421875,-0.814208984375,-0.7019042372703552,0.5187987685203552,0.3356933295726776,80.0,4326.0,1.0,O,M,O,0
172149.484375,172259.890625,172481.359375,172370.5,172494.046875,172714.703125,172562.890625,172648.28125,-0.5146484375,-0.000732421875,-0.81298828125,-0.7324218153953552,0.5187987685203552,0.4272460639476776,80.0,4327.0,1.0,O,M,O,0
171325.0625,171435.03125,171656.84375,171545.984375,171669.546875,171889.9375,171738.203125,171823.765625,-0.514404296875,0.00048828125,-0.810791015625,-0.6408690810203552,0.3967284858226776,0.5187987685203552,80.0,4328.0,1.0,O,M,O,0
171448.890625,171559.125,171780.578125,171669.984375,171793.375,172014.03125,171862.21875,171947.328125,-0.514892578125,-0.000244140625,-0.81201171875,-0.6713866591453552,0.5493163466453552,0.3967284858226776,80.0,4329.0,1.0,O,M,O,0
172323.828125,172434.859375,172656.0625,172545.28125,172668.75,172889.234375,172737.6875,172823.078125,-0.51416015625,0.0,-0.8125,-0.7934569716453552,0.4882812201976776,0.3967284858226776,80.0,4330.0,1.0,O,M,O,0
172344.75,172455.25,172676.890625,172565.84375,172689.5,172910.25,172758.515625,172843.8125,-0.515869140625,0.0009765625,-0.811279296875,-0.7629393935203552,0.4272460639476776,0.4272460639476776,80.0,4331.0,1.0,O,M,O,0
171507.09375,171617.421875,171839.140625,171728.1875,171852.203125,172072.5,171920.78125,172006.25,-0.51416015625,0.001220703125,-0.81005859375,-0.7324218153953552,0.5187987685203552,0.4272460639476776,80.0,4332.0,1.0,O,M,O,0
171415.171875,171525.5,171747.328125,171636.46875,171760.203125,171980.5,171829.140625,171914.0625,-0.512451171875,-0.001220703125,-0.812255859375,-0.7934569716453552,0.4882812201976776,0.4882812201976776,80.0,4333.0,1.0,O,M,O,0
172276.078125,172386.765625,172608.140625,172497.0,172620.828125,172841.3125,172689.859375,172774.875,-0.512939453125,-0.000244140625,-0.81201171875,-0.7019042372703552,0.5187987685203552,0.4272460639476776,80.0,4334.0,1.0,O,M,O,0
172514.890625,172625.296875,172846.578125,172735.90625,172859.375,173080.390625,172928.578125,173014.046875,-0.513427734375,0.000732421875,-0.8134765625,-0.7019042372703552,0.3967284858226776,0.4272460639476776,80.0,4335.0,1.0,O,M,O,0
171719.609375,171829.671875,172051.046875,171940.265625,172064.09375,172284.9375,172133.296875,172218.328125,-0.51416015625,0.001708984375,-0.81201171875,-0.7019042372703552,0.3967284858226776,0.3967284858226776,80.0,4336.0,1.0,O,M,O,0
171414.640625,171524.875,171746.25,171635.390625,171759.390625,171980.046875,171828.328125,171913.09375,-0.513916015625,0.0009765625,-0.8115234375,-0.6713866591453552,0.3967284858226776,0.4272460639476776,80.0,4337.0,1.0,O,M,O,0
172205.359375,172315.78125,172537.140625,172426.28125,172549.9375,172771.03125,172619.21875,172704.25,-0.512939453125,0.00146484375,-0.810791015625,-0.7934569716453552,0.4882812201976776,0.4272460639476776,80.0,4338.0,1.0,O,M,O,0
172644.4375,172754.9375,172976.40625,172865.359375,172989.015625,173210.203125,173058.296875,173143.421875,-0.513427734375,0.00146484375,-0.809814453125,-0.7019042372703552,0.5187987685203552,0.4272460639476776,80.0,4339.0,1.0,O,M,O,0
171942.953125,172053.359375,172274.828125,172163.96875,172287.609375,172508.453125,172356.8125,172441.75,-0.51513671875,-0.001220703125,-0.809814453125,-0.7019042372703552,0.5187987685203552,0.4272460639476776,80.0,4340.0,1.0,O,M,O,0
171446.828125,171557.421875,171778.890625,171667.75,171791.40625,172012.421875,171860.421875,171945.1875,-0.514404296875,-0.00244140625,-0.811767578125,-0.6408690810203552,0.5187987685203552,0.4577636420726776,80.0,4341.0,1.0,O,M,O,0
172117.296875,172227.796875,172449.34375,172338.21875,172461.6875,172682.609375,172530.984375,172616.0,-0.51318359375,0.000244140625,-0.812744140625,-0.6713866591453552,0.4577636420726776,0.4882812201976776,80.0,4342.0,1.0,O,M,O,0
172731.078125,172841.671875,173063.03125,172952.078125,173075.640625,173296.5625,173144.75,173230.140625,-0.514404296875,0.000244140625,-0.811279296875,-0.7019042372703552,0.4882812201976776,0.3967284858226776,80.0,4343.0,1.0,O,M,O,0
172170.84375,172281.171875,172502.546875,172391.953125,172515.515625,172736.34375,172584.359375,172669.5625,-0.514404296875,-0.000732421875,-0.812255859375,-0.5798339247703552,0.4577636420726776,0.4577636420726776,80.0,4344.0,1.0,O,M,O,0
171521.125,171630.921875,171852.921875,171742.046875,171865.796875,172086.53125,171934.90625,172019.75,-0.51416015625,-0.00048828125,-0.814697265625,-0.5798339247703552,0.4577636420726776,0.4577636420726776,80.0,4345.0,1.0,O,M,O,0
172033.25,172142.953125,172364.59375,172253.375,172377.109375,172598.03125,172446.578125,172531.6875,-0.51318359375,0.0,-0.810791015625,-0.7019042372703552,0.4272460639476776,0.4882812201976776,80.0,4346.0,1.0,O,M,O,0
172781.40625,172891.640625,173113.015625,173001.796875,173125.625,173347.0,173195.359375,173280.484375,-0.51416015625,0.00048828125,-0.8115234375,-0.7324218153953552,0.3967284858226776,0.4577636420726776,80.0,4347.0,1.0,O,M,O,0
172400.796875,172511.3125,172732.59375,172621.453125,172745.375,172966.484375,172814.75,172899.953125,-0.515380859375,0.001953125,-0.812255859375,-0.7324218153953552,0.3356933295726776,0.4577636420726776,80.0,4348.0,1.0,O,M,O,0
171636.90625,171747.140625,171968.703125,171857.46875,171981.390625,172202.140625,172050.421875,172135.796875,-0.513427734375,0.00390625,-0.8095703125,-0.7019042372703552,0.4882812201976776,0.4882812201976776,80.0,4349.0,1.0,O,M,O,0
171956.984375,172067.578125,172289.125,172178.0,172301.828125,172522.484375,172370.5,172456.140625,-0.512939453125,0.00244140625,-0.81396484375,-0.7019042372703552,0.4272460639476776,0.4882812201976776,80.0,4350.0,1.0,O,M,O,0
172795.265625,172906.3125,173127.40625,173016.375,173140.375,173361.125,173208.953125,173294.78125,-0.513427734375,-0.000732421875,-0.812255859375,-0.8544921278953552,0.4272460639476776,0.5493163466453552,80.0,4351.0,1.0,O,M,O,0
172616.1875,172726.875,172947.796875,172837.015625,172960.84375,173182.125,173029.59375,173115.4375,-0.51416015625,0.002685546875,-0.81396484375,-0.7629393935203552,0.4577636420726776,0.4577636420726776,80.0,4352.0,1.0,O,M,O,0
171789.4375,171899.859375,172121.046875,172010.359375,172134.09375,172355.203125,172203.484375,172288.6875,-0.513916015625,0.001708984375,-0.81591796875,-0.7934569716453552,0.4577636420726776,0.4882812201976776,80.0,4353.0,1.0,O,M,O,0
171897.265625,172007.671875,172229.140625,172118.1875,172241.828125,172463.203125,172311.3125,172396.421875,-0.511474609375,0.002685546875,-0.81689453125,-0.7019042372703552,0.4882812201976776,0.4882812201976776,80.0,4354.0,1.0,O,M,O,0
172774.171875,172884.578125,173105.59375,172995.171875,173118.375,173339.9375,173187.765625,173273.328125,-0.510986328125,0.001953125,-0.814453125,-0.7019042372703552,0.5187987685203552,0.4882812201976776,80.0,4355.0,1.0,O,M,O,0
172814.75,172924.8125,173146.28125,173035.40625,173158.703125,173380.34375,173228.359375,173313.640625,-0.512451171875,0.003173828125,-0.815185546875,-0.7324218153953552,0.4577636420726776,0.3662109076976776,80.0,4356.0,1.0,O,M,O,0
171977.8125,172088.140625,172309.515625,172198.203125,172322.21875,172543.3125,172391.6875,172476.703125,-0.5146484375,0.003173828125,-0.813232421875,-0.7629393935203552,0.5187987685203552,0.4577636420726776,80.0,4357.0,1.0,O,M,O,0
171867.3125,171977.8125,172199.015625,172088.140625,172211.796875,172432.8125,172280.90625,172366.203125,-0.515625,0.00048828125,-0.81201171875,-0.7934569716453552,0.5493163466453552,0.4272460639476776,80.0,4358.0,1.0,O,M,O,0
172721.234375,172831.75,173053.203125,172942.515625,173066.34375,173287.09375,173135.453125,173220.75,-0.514404296875,-0.000244140625,-0.812744140625,-0.7324218153953552,0.4882812201976776,0.4272460639476776,80.0,4359.0,1.0,O,M,O,0
172975.515625,173086.109375,173307.75,173196.875,173320.703125,173541.546875,173389.546875,173474.9375,-0.51611328125,0.001953125,-0.81591796875,-0.7324218153953552,0.4882812201976776,0.4272460639476776,80.0,4360.0,1.0,O,M,O,0
172185.234375,172295.75,172517.390625,172406.609375,172530.171875,172750.921875,172599.28125,172684.484375,-0.515380859375,0.0009765625,-0.813232421875,-0.7629393935203552,0.4272460639476776,0.4272460639476776,80.0,4361.0,1.0,O,M,O,0
171864.453125,171974.515625,172196.328125,172085.109375,172208.75,172429.6875,172278.140625,172363.515625,-0.5146484375,0.000244140625,-0.8095703125,-0.7324218153953552,0.4272460639476776,0.4272460639476776,80.0,4362.0,1.0,O,M,O,0
172646.578125,172756.8125,172978.375,172867.5,172990.890625,173212.265625,173060.359375,173145.921875,-0.516357421875,0.00048828125,-0.814697265625,-0.7629393935203552,0.5187987685203552,0.3967284858226776,80.0,4363.0,1.0,O,M,O,0
173101.84375,173212.34375,173433.546875,173323.03125,173446.328125,173667.515625,173515.53125,173601.359375,-0.514404296875,0.000244140625,-0.816162109375,-0.6713866591453552,0.4882812201976776,0.3967284858226776,80.0,4364.0,1.0,O,M,O,0
172412.6875,172523.203125,172744.578125,172633.796875,172757.453125,172978.28125,172826.640625,172912.203125,-0.513671875,0.00048828125,-0.813720703125,-0.6408690810203552,0.5493163466453552,0.5187987685203552,80.0,4365.0,1.0,O,M,O,0
171903.25,172013.671875,172234.859375,172124.359375,172248.09375,172468.75,172317.296875,172402.328125,-0.511962890625,0.001220703125,-0.81298828125,-0.6408690810203552,0.4882812201976776,0.3967284858226776,80.0,4366.0,1.0,O,M,O,0
172560.75,172671.25,172892.71875,172781.9375,172905.328125,173126.25,172974.703125,173060.171875,-0.515380859375,0.0029296875,-0.81298828125,-0.7629393935203552,0.5493163466453552,0.4882812201976776,80.0,4367.0,1.0,O,M,O,0
173188.390625,173298.984375,173520.53125,173409.40625,173532.78125,173754.0625,173602.34375,173687.8125,-0.514404296875,0.001220703125,-0.812255859375,-0.7629393935203552,0.5187987685203552,0.4272460639476776,80.0,4368.0,1.0,O,M,O,0
172643.90625,172754.3125,172975.953125,172865.09375,172988.46875,173209.484375,173057.765625,173143.234375,-0.51416015625,-0.00048828125,-0.8115234375,-0.7019042372703552,0.5798339247703552,0.4882812201976776,80.0,4369.0,1.0,O,M,O,0
171983.09375,172093.515625,172314.96875,172204.375,172327.84375,172548.765625,172397.21875,172482.15625,-0.514892578125,-0.000732421875,-0.811279296875,-0.7019042372703552,0.4272460639476776,0.5187987685203552,80.0,4370.0,1.0,O,M,O,0
172476.890625,172587.75,172808.765625,172698.171875,172822.171875,173042.828125,172891.015625,172976.21875,-0.512939453125,0.00146484375,-0.810791015625,-0.7934569716453552,0.4577636420726776,0.5187987685203552,80.0,4371.0,1.0,O,M,O,0
173237.734375,173348.6875,173569.53125,173459.015625,173582.40625,173803.234375,173651.609375,173737.078125,-0.514892578125,0.002685546875,-0.809814453125,-0.7629393935203552,0.4577636420726776,0.4577636420726776,80.0,4372.0,1.0,O,M,O,0
172876.53125,172987.484375,173208.421875,173098.359375,173221.5625,173442.296875,173290.484375,173376.046875,-0.516845703125,0.00244140625,-0.81201171875,-0.7019042372703552,0.4272460639476776,0.4882812201976776,80.0,4373.0,1.0,O,M,O,0
172104.953125,172215.015625,172436.203125,172325.96875,172449.625,172670.453125,172518.375,172604.015625,-0.515380859375,-0.000244140625,-0.81201171875,-0.7019042372703552,0.3967284858226776,0.4577636420726776,80.0,4374.0,1.0,O,M,O,0
172405.625,172515.875,172736.796875,172626.375,172750.109375,172971.390625,172819.046875,172904.609375,-0.5126953125,0.00244140625,-0.810791015625,-0.7324218153953552,0.5798339247703552,0.4272460639476776,80.0,4375.0,1.0,O,M,O,0
173248.46875,173359.0625,173579.984375,173469.390625,173593.3125,173814.140625,173662.15625,173748.078125,-0.51416015625,0.000732421875,-0.81005859375,-0.7324218153953552,0.5493163466453552,0.4272460639476776,80.0,4376.0,1.0,O,M,O,0
173090.046875,173200.640625,173421.921875,173311.234375,173435.0625,173655.890625,173503.90625,173589.5625,-0.51416015625,0.0009765625,-0.810302734375,-0.7019042372703552,0.5493163466453552,0.3967284858226776,80.0,4377.0,1.0,O,M,O,0
172259.453125,172370.140625,172591.15625,172480.90625,172604.65625,172825.390625,172673.3125,172758.703125,-0.51220703125,0.0,-0.8115234375,-0.7629393935203552,0.4577636420726776,0.4577636420726776,80.0,4378.0,1.0,O,M,O,0
172347.6875,172458.5625,172679.390625,172568.796875,172692.53125,172913.375,172761.375,172846.5,-0.513671875,-0.000244140625,-0.8125,-0.7019042372703552,0.4882812201976776,0.4577636420726776,80.0,4379.0,1.0,O,M,O,0
173223.25,173333.671875,173554.859375,173443.5625,173567.390625,173788.3125,173636.3125,173722.140625,-0.512939453125,0.000244140625,-0.81494140625,-0.6408690810203552,0.3967284858226776,0.5187987685203552,80.0,4380.0,1.0,O,M,O,0
173280.921875,173391.515625,173612.796875,173501.484375,173625.59375,173846.15625,173694.15625,173780.171875,-0.51513671875,0.000732421875,-0.812744140625,-0.7019042372703552,0.5798339247703552,0.4577636420726776,80.0,4381.0,1.0,O,M,O,0
172449.796875,172560.21875,172781.3125,172670.546875,172794.28125,173015.296875,172863.390625,172948.953125,-0.514892578125,0.000244140625,-0.81298828125,-0.7019042372703552,0.4882812201976776,0.4882812201976776,80.0,4382.0,1.0,O,M,O,0
172317.5625,172428.15625,172649.265625,172538.40625,172662.140625,172883.234375,172731.421875,172816.71875,-0.515380859375,-0.001708984375,-0.810546875,-0.7934569716453552,0.4882812201976776,0.5798339247703552,80.0,4383.0,1.0,O,M,O,0
173167.109375,173277.890625,173499.4375,173388.21875,173512.125,173733.0625,173581.421875,173666.796875,-0.5146484375,-0.00146484375,-0.810791015625,-0.7629393935203552,0.5187987685203552,0.5798339247703552,80.0,4384.0,1.0,O,M,O,0
173441.671875,173552.453125,173774.265625,173662.875,173786.78125,174007.796875,173855.8125,173941.546875,-0.512451171875,0.000244140625,-0.81201171875,-0.6103515028953552,0.5187987685203552,0.5493163466453552,80.0,4385.0,1.0,O,M,O,0
172659.359375,172770.140625,172991.6875,172880.5625,173004.390625,173225.40625,173073.5,173159.234375,-0.515380859375,0.000244140625,-0.81494140625,-0.7019042372703552,0.4272460639476776,0.5187987685203552,80.0,4386.0,1.0,O,M,O,0
172318.8125,172429.046875,172650.515625,172539.46875,172663.484375,172884.578125,172732.40625,172818.15625,-0.51318359375,0.0009765625,-0.8154296875,-0.6408690810203552,0.4272460639476776,0.5493163466453552,80.0,4387.0,1.0,O,M,O,0
173091.828125,173201.796875,173423.53125,173312.125,173436.21875,173657.328125,173505.25,173590.71875,-0.512451171875,0.00048828125,-0.81396484375,-0.7019042372703552,0.4882812201976776,0.4882812201976776,80.0,4388.0,1.0,O,M,O,0
173562.46875,173672.890625,173893.890625,173782.859375,173906.953125,174127.96875,173975.96875,174061.890625,-0.514404296875,0.000244140625,-0.814697265625,-0.7324218153953552,0.4272460639476776,0.4882812201976776,80.0,4389.0,1.0,O,M,O,0
172883.421875,172993.84375,173215.125,173104.609375,173227.90625,173448.921875,173297.28125,173382.84375,-0.515380859375,-0.002197265625,-0.81396484375,-0.7629393935203552,0.4882812201976776,0.5187987685203552,80.0,4390.0,1.0,O,M,O,0
172361.375,172471.515625,172693.4375,172582.390625,172706.03125,172926.78125,172774.875,172860.796875,-0.514892578125,-0.0009765625,-0.808349609375,-0.6713866591453552,0.4577636420726776,0.5187987685203552,80.0,4391.0,1.0,O,M,O,0
173008.671875,173119.28125,173340.828125,173229.875,173353.515625,173574.359375,173422.359375,173508.109375,-0.515625,-0.0009765625,-0.81005859375,-0.7019042372703552,0.3356933295726776,0.4577636420726776,80.0,4392.0,1.0,O,M,O,0
173646.953125,173757.734375,173978.828125,173868.0625,173991.4375,174212.71875,174060.90625,174146.390625,-0.514404296875,0.0,-0.814453125,-0.7934569716453552,0.4577636420726776,0.4882812201976776,80.0,4393.0,1.0,O,M,O,0
173115.96875,173226.109375,173447.40625,173336.796875,173460.453125,173681.375,173529.5625,173614.6875,-0.515380859375,-0.001220703125,-0.81396484375,-0.6713866591453552,0.4272460639476776,0.4577636420726776,80.0,4394.0,1.0,O,M,O,0
172442.734375,172552.609375,172774.34375,172663.65625,172787.125,173007.96875,172856.0625,172941.359375,-0.5126953125,0.001220703125,-0.810302734375,-0.7324218153953552,0.4882812201976776,0.4577636420726776,80.0,4395.0,1.0,O,M,O,0
172923.03125,173033.53125,173254.90625,173143.953125,173267.609375,173488.703125,173336.53125,173422.09375,-0.51416015625,0.00048828125,-0.8125,-0.7019042372703552,0.4882812201976776,0.4882812201976776,80.0,4396.0,1.0,O,M,O,0
173690.765625,173801.453125,174022.640625,173911.6875,174035.515625,174256.71875,174104.546875,174190.109375,-0.515869140625,-0.0009765625,-0.811767578125,-0.6103515028953552,0.5798339247703552,0.4577636420726776,80.0,4397.0,1.0,O,M,O,0
173343.6875,173453.84375,173675.65625,173564.796875,173688.53125,173909.453125,173757.375,173843.203125,-0.51513671875,0.000244140625,-0.813232421875,-0.6713866591453552,0.6103515028953552,0.3356933295726776,80.0,4398.0,1.0,O,M,O,0
172565.046875,172675.28125,172897.09375,172786.234375,172910.0625,173130.625,172979.0,173064.5625,-0.51318359375,-0.0009765625,-0.812744140625,-0.6713866591453552,0.4882812201976776,0.4272460639476776,80.0,4399.0,1.0,O,M,O,0
172848.28125,172958.34375,173180.25,173069.03125,173192.40625,173413.515625,173261.875,173347.4375,-0.513916015625,0.000732421875,-0.8115234375,-0.8544921278953552,0.5187987685203552,0.3967284858226776,80.0,4400.0,1.0,O,M,O,0
173695.953125,173806.09375,174027.46875,173916.34375,174039.984375,174261.546875,174109.546875,174195.109375,-0.5126953125,0.001220703125,-0.810302734375,-0.7629393935203552,0.5798339247703552,0.5493163466453552,80.0,4401.0,1.0,O,M,O,0
173557.453125,173668.234375,173889.25,173778.109375,173902.296875,174123.046875,173971.40625,174056.53125,-0.514404296875,0.000244140625,-0.813232421875,-0.7934569716453552,0.5493163466453552,0.5187987685203552,80.0,4402.0,1.0,O,M,O,0
172724.28125,172834.96875,173056.25,172945.296875,173068.9375,173289.859375,173138.046875,173223.25,-0.514404296875,0.00146484375,-0.813720703125,-0.7324218153953552,0.5798339247703552,0.3967284858226776,80.0,4403.0,1.0,O,M,O,0
172790.53125,172900.671875,173122.140625,173011.359375,173134.921875,173356.203125,173204.390625,173289.328125,-0.51513671875,0.0029296875,-0.81201171875,-0.7019042372703552,0.4882812201976776,0.3662109076976776,80.0,4404.0,1.0,O,M,O,0
173666.171875,173776.421875,173997.515625,173886.75,174010.484375,174231.765625,174079.421875,174164.984375,-0.512939453125,0.00341796875,-0.814697265625,-0.7324218153953552,0.4577636420726776,0.4882812201976776,80.0,4405.0,1.0,O,M,O,0
173744.3125,173854.734375,174076.203125,173964.703125,174088.8125,174310.09375,174157.734375,174243.296875,-0.512939453125,0.0009765625,-0.8134765625,-0.7324218153953552,0.5798339247703552,0.3967284858226776,80.0,4406.0,1.0,O,M,O,0
172912.65625,173023.15625,173244.453125,173133.3125,173257.3125,173478.421875,173326.15625,173411.71875,-0.5146484375,0.000244140625,-0.8115234375,-0.7019042372703552,0.5493163466453552,0.3967284858226776,80.0,4407.0,1.0,O,M,O,0
172761.46875,172871.96875,173093.4375,172982.65625,173106.21875,173327.234375,173175.328125,173260.71875,-0.513916015625,0.000732421875,-0.810546875,-0.7629393935203552,0.4577636420726776,0.4577636420726776,80.0,4408.0,1.0,O,M,O,0
173607.609375,173718.484375,173939.40625,173828.71875,173952.453125,174173.390625,174021.296875,174106.78125,-0.51416015625,0.0,-0.81201171875,-0.7019042372703552,0.5187987685203552,0.4577636420726776,80.0,4409.0,1.0,O,M,O,0
173900.0625,174011.296875,174232.21875,174121.34375,174245.09375,174466.1875,174313.84375,174399.671875,-0.513427734375,0.0009765625,-0.8134765625,-0.7629393935203552,0.5493163466453552,0.4272460639476776,80.0,4410.0,1.0,O,M,O,0
173124.375,173235.234375,173456.15625,173345.65625,173469.03125,173689.953125,173538.140625,173623.703125,-0.51318359375,-0.000732421875,-0.812744140625,-0.7629393935203552,0.5798339247703552,0.4272460639476776,80.0,4411.0,1.0,O,M,O,0
172769.0625,172879.484375,173100.765625,172989.90625,173113.546875,173334.296875,173182.9375,173268.234375,-0.514892578125,-0.000244140625,-0.81591796875,-0.6713866591453552,0.5493163466453552,0.3967284858226776,80.0,4412.0,1.0,O,M,O,0
173532.515625,173642.671875,173863.953125,173753.171875,173876.734375,174097.921875,173946.109375,174031.578125,-0.514404296875,-0.00146484375,-0.8125,-0.7324218153953552,0.5493163466453552,0.4577636420726776,80.0,4413.0,1.0,O,M,O,0
174019.328125,174130.109375,174350.953125,174240.0,174363.640625,174585.1875,174432.9375,174518.671875,-0.513671875,0.00048828125,-0.8134765625,-0.7324218153953552,0.5493163466453552,0.4272460639476776,80.0,4414.0,1.0,O,M,O,0
173351.109375,173461.703125,173682.8125,173571.859375,173695.765625,173916.96875,173764.703125,173850.359375,-0.51513671875,0.000244140625,-0.8125,-0.7629393935203552,0.5493163466453552,0.4882812201976776,80.0,4415.0,1.0,O,M,O,0
172812.609375,172922.84375,173144.40625,173033.4375,173157.453125,173378.28125,173226.296875,173311.953125,-0.5146484375,0.00048828125,-0.813232421875,-0.7324218153953552,0.5493163466453552,0.4882812201976776,80.0,4416.0,1.0,O,M,O,0
173447.21875,173557.734375,173779.09375,173667.96875,173791.890625,174012.984375,173860.8125,173946.375,-0.51513671875,-0.000244140625,-0.812255859375,-0.7019042372703552,0.3662109076976776,0.5187987685203552,80.0,4417.0,1.0,O,M,O,0
174099.890625,174210.671875,174431.59375,174321.0,174444.46875,174666.28125,174513.484375,174599.40625,-0.514404296875,-0.00048828125,-0.809326171875,-0.7934569716453552,0.3967284858226776,0.4577636420726776,80.0,4418.0,1.0,O,M,O,0
173586.515625,173697.203125,173918.125,173807.53125,173931.1875,174152.546875,173999.9375,174086.03125,-0.514892578125,-0.001220703125,-0.809326171875,-0.7629393935203552,0.4272460639476776,0.4577636420726776,80.0,4419.0,1.0,O,M,O,0
172901.921875,173012.796875,173233.53125,173122.859375,173246.6875,173467.515625,173315.703125,173401.171875,-0.514892578125,0.000244140625,-0.80859375,-0.7629393935203552,0.4882812201976776,0.4272460639476776,80.0,4420.0,1.0,O,M,O,0
173365.5,173476.28125,173697.296875,173586.515625,173709.984375,173931.0,173779.1875,173864.65625,-0.51416015625,0.00048828125,-0.812255859375,-0.7019042372703552,0.4577636420726776,0.3967284858226776,80.0,4421.0,1.0,O,M,O,0
174142.53125,174252.859375,174474.328125,174363.109375,174486.84375,174708.125,174556.046875,174641.875,-0.5146484375,0.000244140625,-0.8125,-0.8239745497703552,0.5187987685203552,0.4882812201976776,80.0,4422.0,1.0,O,M,O,0
173812.53125,173923.21875,174144.328125,174033.46875,174157.015625,174378.3125,174226.140625,174311.875,-0.513427734375,0.001220703125,-0.815185546875,-0.7629393935203552,0.5187987685203552,0.4882812201976776,80.0,4423.0,1.0,O,M,O,0
173027.359375,173137.78125,173359.0625,173248.109375,173371.765625,173592.859375,173440.6875,173526.53125,-0.515625,0.00146484375,-0.81689453125,-0.7324218153953552,0.5187987685203552,0.3662109076976776,80.0,4424.0,1.0,O,M,O,0
173291.109375,173401.984375,173623.265625,173512.390625,173636.046875,173857.15625,173704.890625,173790.640625,-0.514404296875,0.000732421875,-0.813720703125,-0.7629393935203552,0.4882812201976776,0.4272460639476776,80.0,4425.0,1.0,O,M,O,0
174142.1875,174252.78125,174474.15625,174363.46875,174486.9375,174708.21875,174555.953125,174641.96875,-0.511962890625,0.002685546875,-0.813720703125,-0.7019042372703552,0.4577636420726776,0.5187987685203552,80.0,4426.0,1.0,O,M,O,0
174020.671875,174131.0,174352.375,174241.609375,174365.4375,174586.890625,174434.1875,174520.015625,-0.51318359375,0.003662109375,-0.8125,-0.7019042372703552,0.4272460639476776,0.5493163466453552,80.0,4427.0,1.0,O,M,O,0
173186.421875,173296.921875,173518.203125,173407.171875,173531.265625,173752.28125,173599.84375,173685.3125,-0.5126953125,0.001220703125,-0.812744140625,-0.6103515028953552,0.4882812201976776,0.4882812201976776,80.0,4428.0,1.0,O,M,O,0
173236.671875,173347.53125,173569.078125,173457.59375,173581.78125,173802.796875,173650.625,173736.09375,-0.5126953125,0.00146484375,-0.8125,-0.6713866591453552,0.4272460639476776,0.5187987685203552,80.0,4429.0,1.0,O,M,O,0
174112.046875,174223.0,174444.375,174332.96875,174456.890625,174678.09375,174525.828125,174611.75,-0.512451171875,0.00146484375,-0.810546875,-0.8544921278953552,0.4272460639476776,0.4882812201976776,80.0,4430.0,1.0,O,M,O,0
174209.234375,174320.1875,174541.5625,174430.34375,174554.34375,174775.359375,174622.921875,174708.65625,-0.5126953125,-0.000732421875,-0.812744140625,-0.8544921278953552,0.5187987685203552,0.4882812201976776,80.0,4431.0,1.0,O,M,O,0
173380.875,173491.921875,173713.109375,173602.078125,173726.171875,173947.0,173794.921875,173880.578125,-0.512939453125,-0.000244140625,-0.810791015625,-0.7324218153953552,0.4882812201976776,0.4882812201976776,80.0,4432.0,1.0,O,M,O,0
173212.078125,173322.9375,173543.953125,173432.828125,173557.109375,173777.765625,173626.03125,173711.421875,-0.513916015625,0.0,-0.8115234375,-0.7934569716453552,0.3356933295726776,0.5493163466453552,80.0,4433.0,1.0,O,M,O,0
174052.328125,174163.1875,174383.9375,174273.078125,174397.171875,174617.921875,174466.015625,174551.75,-0.512451171875,-0.001220703125,-0.8115234375,-0.8239745497703552,0.3967284858226776,0.4272460639476776,80.0,4434.0,1.0,O,M,O,0
174362.75,174474.0625,174694.71875,174584.125,174707.765625,174929.046875,174776.703125,174862.984375,-0.51513671875,0.001708984375,-0.81494140625,-0.7324218153953552,0.5187987685203552,0.4577636420726776,80.0,4435.0,1.0,O,M,O,0
173594.921875,173705.78125,173926.796875,173816.296875,173939.578125,174160.859375,174008.421875,174094.703125,-0.5146484375,-0.002197265625,-0.814208984375,-0.7019042372703552,0.4882812201976776,0.3967284858226776,80.0,4436.0,1.0,O,M,O,0
173221.375,173332.0625,173553.078125,173442.65625,173565.953125,173786.96875,173634.96875,173720.625,-0.515625,-0.000244140625,-0.811279296875,-0.7019042372703552,0.5187987685203552,0.3662109076976776,80.0,4437.0,1.0,O,M,O,0
173974.0,174084.953125,174305.703125,174195.109375,174318.40625,174539.78125,174387.6875,174473.609375,-0.5146484375,-0.000732421875,-0.811279296875,-0.6408690810203552,0.4882812201976776,0.3356933295726776,80.0,4438.0,1.0,O,M,O,0
174473.96875,174585.375,174806.125,174695.25,174818.71875,175040.1875,174888.015625,174973.84375,-0.511962890625,0.00048828125,-0.810302734375,-0.5493163466453552,0.5187987685203552,0.3662109076976776,80.0,4439.0,1.0,O,M,O,0
173817.8125,173929.21875,174149.875,174039.09375,174162.390625,174384.203125,174231.765625,174317.328125,-0.51171875,0.001220703125,-0.811767578125,-0.6713866591453552,0.5493163466453552,0.3967284858226776,80.0,4440.0,1.0,O,M,O,0
173264.203125,173374.984375,173596.078125,173485.578125,173608.953125,173830.421875,173678.25,173763.625,-0.512451171875,0.00146484375,-0.812255859375,-0.6713866591453552,0.5493163466453552,0.4272460639476776,80.0,4441.0,1.0,O,M,O,0
173884.15625,173995.109375,174216.03125,174105.53125,174228.640625,174450.09375,174298.28125,174383.9375,-0.5126953125,0.000732421875,-0.810302734375,-0.7629393935203552,0.4882812201976776,0.4577636420726776,80.0,4442.0,1.0,O,M,O,0
174548.09375,174658.859375,174879.96875,174769.015625,174892.3125,175113.765625,174961.953125,175047.34375,-0.512939453125,0.00146484375,-0.807861328125,-0.7934569716453552,0.3967284858226776,0.4577636420726776,80.0,4443.0,1.0,O,M,O,0
174047.59375,174158.359375,174379.28125,174268.328125,174391.8125,174613.09375,174461.0,174546.84375,-0.511962890625,0.0009765625,-0.81103515625,-0.7019042372703552,0.3967284858226776,0.4882812201976776,80.0,4444.0,1.0,O,M,O,0
173354.234375,173465.1875,173686.203125,173575.25,173698.71875,173919.921875,173768.375,173854.015625,-0.513916015625,0.00048828125,-0.811279296875,-0.7019042372703552,0.3662109076976776,0.4272460639476776,80.0,4445.0,1.0,O,M,O,0
173802.796875,173913.921875,174134.765625,174023.890625,174147.453125,174369.0,174217.1875,174302.84375,-0.514404296875,0.00048828125,-0.810791015625,-0.8239745497703552,0.3356933295726776,0.4882812201976776,80.0,4446.0,1.0,O,M,O,0
174586.984375,174698.203125,174918.765625,174808.359375,174931.640625,175153.28125,175000.84375,175086.859375,-0.513916015625,0.0,-0.812744140625,-0.8239745497703552,0.3967284858226776,0.4882812201976776,80.0,4447.0,1.0,O,M,O,0
174271.640625,174382.859375,174603.703125,174493.28125,174616.390625,174837.671875,174685.6875,174771.703125,-0.513427734375,0.0009765625,-0.8115234375,-0.7324218153953552,0.3967284858226776,0.4272460639476776,80.0,4448.0,1.0,O,M,O,0
173481.828125,173592.328125,173813.4375,173702.921875,173826.21875,174047.5,173895.5,173981.703125,-0.5126953125,-0.00244140625,-0.810546875,-0.7019042372703552,0.2746581733226776,0.5493163466453552,80.0,4449.0,1.0,O,M,O,0
173730.546875,173841.328125,174062.34375,173951.828125,174075.03125,174296.3125,174144.5,174230.609375,-0.514892578125,0.0009765625,-0.810791015625,-0.7934569716453552,0.4272460639476776,0.5493163466453552,80.0,4450.0,1.0,O,M,O,0
174586.625,174697.578125,174918.40625,174807.90625,174931.109375,175152.5625,175000.671875,175086.671875,-0.514404296875,0.001220703125,-0.811767578125,-0.8544921278953552,0.5798339247703552,0.5187987685203552,80.0,4451.0,1.0,O,M,O,0
174481.390625,174592.609375,174813.359375,174702.9375,174826.234375,175047.609375,174895.34375,174981.359375,-0.51220703125,0.001708984375,-0.813232421875,-0.8850097060203552,0.5187987685203552,0.4577636420726776,80.0,4452.0,1.0,O,M,O,0
173645.609375,173756.75,173977.671875,173866.890625,173990.8125,174211.734375,174059.5625,174145.40625,-0.513671875,0.00244140625,-0.81103515625,-0.7629393935203552,0.4882812201976776,0.4577636420726776,80.0,4453.0,1.0,O,M,O,0
173678.515625,173789.46875,174010.9375,173899.625,174023.71875,174244.734375,174092.5625,174178.21875,-0.5126953125,0.0,-0.811279296875,-0.7934569716453552,0.4882812201976776,0.4882812201976776,80.0,4454.0,1.0,O,M,O,0
174551.390625,174662.4375,174883.1875,174772.59375,174896.234375,175117.25,174965.265625,175051.1875,-0.51220703125,0.000244140625,-0.8125,-0.7324218153953552,0.4882812201976776,0.4882812201976776,80.0,4455.0,1.0,O,M,O,0
174662.4375,174773.484375,174994.140625,174883.640625,175006.921875,175228.203125,175076.390625,175162.21875,-0.513671875,0.000732421875,-0.811767578125,-0.7019042372703552,0.3967284858226776,0.4882812201976776,80.0,4456.0,1.0,O,M,O,0
173838.5625,173949.515625,174170.25,174059.5625,174183.21875,174404.046875,174252.515625,174338.34375,-0.513427734375,-0.000244140625,-0.813232421875,-0.7019042372703552,0.4577636420726776,0.4882812201976776,80.0,4457.0,1.0,O,M,O,0
173656.34375,173767.203125,173988.046875,173877.453125,174001.09375,174222.109375,174070.390625,174156.484375,-0.513671875,0.00146484375,-0.81298828125,-0.7019042372703552,0.4882812201976776,0.4577636420726776,80.0,4458.0,1.0,O,M,O,0
174492.296875,174602.984375,174824.09375,174713.3125,174836.78125,175057.984375,174906.34375,174992.171875,-0.51220703125,0.00146484375,-0.8115234375,-0.7934569716453552,0.5798339247703552,0.4272460639476776,80.0,4459.0,1.0,O,M,O,0
174814.25,174925.03125,175145.953125,175035.265625,175158.65625,175379.9375,175228.03125,175314.21875,-0.51171875,0.001220703125,-0.812744140625,-0.8239745497703552,0.4882812201976776,0.4272460639476776,80.0,4460.0,1.0,O,M,O,0
174052.859375,174163.640625,174384.5625,174273.96875,174397.609375,174618.546875,174466.8125,174552.65625,-0.512939453125,0.001953125,-0.810791015625,-0.8239745497703552,0.5187987685203552,0.4577636420726776,80.0,4461.0,1.0,O,M,O,0
173666.453125,173776.6875,173997.875,173887.1875,174011.109375,174232.21875,174080.3125,174166.046875,-0.51416015625,0.00048828125,-0.814453125,-0.8239745497703552,0.5798339247703552,0.4577636420726776,80.0,4462.0,1.0,O,M,O,0
174411.828125,174522.421875,174743.359375,174632.484375,174756.5,174977.59375,174825.421875,174911.625,-0.513671875,0.001220703125,-0.81005859375,-0.7629393935203552,0.5187987685203552,0.4577636420726776,80.0,4463.0,1.0,O,M,O,0
174926.015625,175036.703125,175257.625,175146.765625,175270.234375,175492.140625,175339.515625,175425.703125,-0.51220703125,0.001953125,-0.8134765625,-0.7324218153953552,0.5187987685203552,0.4577636420726776,80.0,4464.0,1.0,O,M,O,0
174277.71875,174388.3125,174609.6875,174498.5625,174622.390625,174843.484375,174691.40625,174777.5,-0.51416015625,0.000244140625,-0.809814453125,-0.7019042372703552,0.5798339247703552,0.4577636420726776,80.0,4465.0,1.0,O,M,O,0
173714.015625,173824.421875,174045.890625,173935.203125,174058.671875,174279.515625,174127.703125,174213.625,-0.514892578125,0.0029296875,-0.81201171875,-0.7019042372703552,0.6103515028953552,0.3356933295726776,80.0,4466.0,1.0,O,M,O,0
174323.3125,174434.0,174654.84375,174544.6875,174667.8125,174888.640625,174736.734375,174823.546875,-0.513916015625,0.001953125,-0.814208984375,-0.7019042372703552,0.4577636420726776,0.4272460639476776,80.0,4467.0,1.0,O,M,O,0
174997.890625,175108.765625,175329.421875,175219.0,175342.46875,175563.75,175411.3125,175497.953125,-0.51318359375,0.001953125,-0.81396484375,-0.7324218153953552,0.4272460639476776,0.4882812201976776,80.0,4468.0,1.0,O,M,O,0
174509.28125,174619.703125,174840.71875,174730.125,174853.6875,175074.875,174922.890625,175009.078125,-0.513427734375,0.002685546875,-0.8134765625,-0.7934569716453552,0.4882812201976776,0.3967284858226776,80.0,4469.0,1.0,O,M,O,0
173806.1875,173916.609375,174137.625,174026.75,174150.578125,174371.59375,174219.421875,174305.4375,-0.514404296875,0.0029296875,-0.81201171875,-0.7324218153953552,0.4577636420726776,0.4272460639476776,80.0,4470.0,1.0,O,M,O,0
174240.265625,174350.859375,174572.3125,174461.359375,174584.75,174806.296875,174653.953125,174740.21875,-0.514892578125,0.002197265625,-0.81103515625,-0.6103515028953552,0.4882812201976776,0.3967284858226776,80.0,4471.0,1.0,O,M,O,0
175032.9375,175143.8125,175365.171875,175253.875,175377.421875,175598.890625,175446.453125,175533.078125,-0.514892578125,0.000732421875,-0.810302734375,-0.5493163466453552,0.5187987685203552,0.4882812201976776,80.0,4472.0,1.0,O,M,O,0
174733.34375,174843.84375,175065.21875,174954.0,175077.921875,175298.84375,175147.03125,175233.484375,-0.513916015625,-0.000244140625,-0.810791015625,-0.6408690810203552,0.4882812201976776,0.4882812201976776,80.0,4473.0,1.0,O,M,O,0
173936.015625,174046.515625,174268.0625,174156.75,174280.671875,174501.421875,174349.96875,174435.796875,-0.514892578125,-0.0009765625,-0.811767578125,-0.7629393935203552,0.5493163466453552,0.3662109076976776,80.0,4474.0,1.0,O,M,O,0
174168.46875,174279.515625,174500.796875,174389.296875,174513.40625,174734.40625,174582.515625,174668.515625,-0.514892578125,0.000244140625,-0.810791015625,-0.7019042372703552,0.5493163466453552,0.4272460639476776,80.0,4475.0,1.0,O,M,O,0
175029.546875,175140.328125,175361.78125,175250.296875,175374.390625,175595.140625,175443.046875,175529.15625,-0.513916015625,0.001953125,-0.812255859375,-0.7324218153953552,0.4577636420726776,0.4882812201976776,80.0,4476.0,1.0,O,M,O,0
174939.15625,175049.84375,175271.296875,175160.265625,175283.90625,175504.75,175353.109375,175439.203125,-0.516357421875,0.0009765625,-0.814453125,-0.7934569716453552,0.4272460639476776,0.4577636420726776,80.0,4477.0,1.0,O,M,O,0
174101.234375,174211.921875,174433.296875,174322.34375,174446.078125,174666.90625,174515.09375,174601.203125,-0.51708984375,0.00048828125,-0.814208984375,-0.7324218153953552,0.4577636420726776,0.4577636420726776,80.0,4478.0,1.0,O,M,O,0
174117.59375,174228.546875,174449.734375,174338.78125,174462.34375,174683.625,174531.640625,174617.640625,-0.511962890625,0.000732421875,-0.813720703125,-0.7019042372703552,0.4882812201976776,0.4577636420726776,80.0,4479.0,1.0,O,M,O,0
174991.546875,175103.125,175324.234375,175212.734375,175336.390625,175557.84375,175405.859375,175491.875,-0.51416015625,-0.001953125,-0.809326171875,-0.7019042372703552,0.6103515028953552,0.4577636420726776,80.0,4480.0,1.0,O,M,O,0
175121.546875,175232.953125,175454.046875,175342.65625,175466.203125,175687.671875,175535.765625,175621.953125,-0.514892578125,-0.0029296875,-0.810791015625,-0.6103515028953552,0.5187987685203552,0.4272460639476776,80.0,4481.0,1.0,O,M,O,0
174297.484375,174408.609375,174629.8125,174518.578125,174641.875,174863.0625,174711.703125,174797.4375,-0.513671875,-0.00146484375,-0.8125,-0.6713866591453552,0.4882812201976776,0.3967284858226776,80.0,4482.0,1.0,O,M,O,0
174096.3125,174206.828125,174428.1875,174316.875,174440.4375,174661.546875,174509.828125,174595.828125,-0.514404296875,0.001220703125,-0.81201171875,-0.7629393935203552,0.5493163466453552,0.3662109076976776,80.0,4483.0,1.0,O,M,O,0
174928.421875,175039.46875,175260.75,175149.078125,175273.09375,175494.28125,175342.203125,175428.484375,-0.51513671875,-0.000244140625,-0.81591796875,-0.7324218153953552,0.5493163466453552,0.3356933295726776,80.0,4484.0,1.0,O,M,O,0
175267.90625,175379.3125,175600.40625,175489.015625,175613.015625,175834.125,175682.03125,175768.3125,-0.514404296875,0.00146484375,-0.813232421875,-0.7629393935203552,0.4272460639476776,0.4577636420726776,80.0,4485.0,1.0,O,M,O,0
174513.671875,174624.625,174846.0,174735.125,174858.59375,175079.96875,174927.796875,175014.171875,-0.51416015625,0.001220703125,-0.81005859375,-0.7324218153953552,0.4577636420726776,0.5187987685203552,80.0,4486.0,1.0,O,M,O,0
174113.03125,174223.71875,174445.0,174334.140625,174457.78125,174679.25,174526.8125,174613.0,-0.513671875,-0.00048828125,-0.808837890625,-0.7019042372703552,0.5493163466453552,0.4882812201976776,80.0,4487.0,1.0,O,M,O,0
174851.171875,174961.78125,175183.0625,175072.109375,175195.9375,175417.296875,175264.6875,175351.140625,-0.513427734375,0.001220703125,-0.810302734375,-0.7324218153953552,0.5493163466453552,0.4272460639476776,80.0,4488.0,1.0,O,M,O,0
175380.5625,175491.421875,175712.796875,175601.484375,175725.3125,175946.765625,175794.515625,175880.796875,-0.512451171875,0.001220703125,-0.8115234375,-0.7019042372703552,0.5187987685203552,0.4577636420726776,80.0,4489.0,1.0,O,M,O,0
174743.359375,174854.390625,175075.765625,174964.640625,175088.640625,175309.65625,175157.578125,175243.671875,-0.5126953125,0.00244140625,-0.811279296875,-0.7934569716453552,0.4577636420726776,0.4882812201976776,80.0,4490.0,1.0,O,M,O,0
174167.484375,174278.4375,174499.71875,174388.765625,174512.6875,174733.609375,174581.53125,174667.359375,-0.513916015625,0.001708984375,-0.8125,-0.7629393935203552,0.4882812201976776,0.4577636420726776,80.0,4491.0,1.0,O,M,O,0
174762.125,174873.34375,175094.453125,174983.234375,175106.875,175328.171875,175176.265625,175262.09375,-0.512939453125,0.002197265625,-0.81494140625,-0.7629393935203552,0.5187987685203552,0.5187987685203552,80.0,4492.0,1.0,O,M,O,0
175448.78125,175560.265625,175781.453125,175670.140625,175793.703125,176014.984375,175863.171875,175949.28125,-0.51220703125,0.0009765625,-0.814208984375,-0.6408690810203552,0.5187987685203552,0.4882812201976776,80.0,4493.0,1.0,O,M,O,0
174973.21875,175084.703125,175305.984375,175194.59375,175318.234375,175539.515625,175387.359375,175473.625,-0.51318359375,0.001708984375,-0.811279296875,-0.7629393935203552,0.5187987685203552,0.3967284858226776,80.0,4494.0,1.0,O,M,O,0
174260.203125,174371.59375,174593.15625,174481.75,174605.40625,174826.40625,174674.515625,174760.515625,-0.5126953125,0.002685546875,-0.808837890625,-0.7934569716453552,0.4577636420726776,0.4272460639476776,80.0,4495.0,1.0,O,M,O,0
174679.875,174791.453125,175012.46875,174901.25,175024.890625,175246.453125,175094.015625,175180.375,-0.51318359375,0.001220703125,-0.811767578125,-0.7324218153953552,0.4882812201976776,0.4272460639476776,80.0,4496.0,1.0,O,M,O,0
175478.71875,175590.3125,175811.046875,175699.828125,175823.5625,176045.5625,175892.6875,175979.3125,-0.515625,-0.000244140625,-0.812744140625,-0.7019042372703552,0.4577636420726776,0.4272460639476776,80.0,4497.0,1.0,O,M,O,0
175197.1875,175308.140625,175529.0625,175418.203125,175541.765625,175763.390625,175610.875,175697.328125,-0.513671875,-0.000244140625,-0.81005859375,-0.7934569716453552,0.4577636420726776,0.4272460639476776,80.0,4498.0,1.0,O,M,O,0
174395.5625,174506.15625,174727.078125,174616.578125,174740.046875,174961.421875,174809.34375,174895.34375,-0.5146484375,-0.000732421875,-0.81103515625,-0.7019042372703552,0.5187987685203552,0.3967284858226776,80.0,4499.0,1.0,O,M,O,0
174610.671875,174721.71875,174942.546875,174831.6875,174955.0625,175176.53125,175024.890625,175110.546875,-0.514892578125,0.000244140625,-0.8134765625,-0.7324218153953552,0.5798339247703552,0.3662109076976776,80.0,4500.0,1.0,O,M,O,0
175472.46875,175584.046875,175804.609375,175693.578125,175817.3125,176038.59375,175886.78125,175972.96875,-0.51611328125,0.001220703125,-0.8134765625,-0.6408690810203552,0.6103515028953552,0.3967284858226776,80.0,4501.0,1.0,O,F,O,0
175399.875,175511.359375,175732.1875,175621.234375,175745.25,175966.265625,175814.265625,175900.734375,-0.513427734375,0.0009765625,-0.812744140625,-0.5798339247703552,0.5493163466453552,0.4577636420726776,80.0,4502.0,1.0,O,F,O,0
174561.671875,174672.625,174893.5625,174782.875,174906.875,175127.796875,174975.640625,175061.828125,-0.5126953125,0.00341796875,-0.811279296875,-0.6713866591453552,0.4272460639476776,0.4577636420726776,80.0,4503.0,1.0,O,F,O,0
174560.78125,174671.734375,174892.65625,174781.796875,174905.8125,175127.171875,174974.828125,175060.921875,-0.51318359375,0.004150390625,-0.81298828125,-0.7324218153953552,0.4882812201976776,0.4272460639476776,80.0,4504.0,1.0,O,F,O,0
175432.765625,175543.90625,175764.828125,175653.78125,175777.796875,175999.34375,175846.8125,175933.09375,-0.514892578125,0.0029296875,-0.812255859375,-0.7019042372703552,0.3967284858226776,0.4577636420726776,80.0,4505.0,1.0,O,F,O,0
175577.515625,175688.75,175909.671875,175798.453125,175922.1875,176143.828125,175991.65625,176078.015625,-0.5126953125,0.0009765625,-0.8125,-0.7019042372703552,0.4272460639476776,0.4577636420726776,80.0,4506.0,1.0,O,F,O,0
174757.390625,174868.34375,175089.53125,174978.21875,175101.875,175323.0625,175171.25,175257.265625,-0.512939453125,0.0,-0.81201171875,-0.7629393935203552,0.3356933295726776,0.4272460639476776,80.0,4507.0,1.0,O,F,O,0
174542.359375,174653.328125,174874.0625,174763.203125,174886.859375,175108.046875,174956.40625,175042.0625,-0.513671875,0.001953125,-0.812255859375,-0.7019042372703552,0.4272460639476776,0.5187987685203552,80.0,4508.0,1.0,O,F,O,0
175368.671875,175479.796875,175700.71875,175589.765625,175713.59375,175935.15625,175782.890625,175869.078125,-0.513916015625,0.002197265625,-0.813232421875,-0.7324218153953552,0.5493163466453552,0.4272460639476776,80.0,4509.0,1.0,O,F,O,0
175721.734375,175832.78125,176053.875,175942.390625,176066.390625,176288.03125,176135.421875,176221.96875,-0.513671875,0.0009765625,-0.809326171875,-0.7324218153953552,0.4882812201976776,0.4577636420726776,80.0,4510.0,1.0,O,F,O,0
174974.65625,175085.609375,175306.890625,175194.953125,175319.3125,175540.421875,175388.25,175474.53125,-0.5146484375,0.001953125,-0.814453125,-0.8239745497703552,0.4882812201976776,0.4577636420726776,80.0,4511.0,1.0,O,F,O,0
174559.0,174670.046875,174891.046875,174779.46875,174903.921875,175124.671875,174972.6875,175058.609375,-0.51318359375,0.001953125,-0.813720703125,-0.8239745497703552,0.5798339247703552,0.4882812201976776,80.0,4512.0,1.0,O,F,O,0
175285.78125,175396.828125,175618.203125,175506.625,175630.71875,175852.09375,175700.015625,175786.015625,-0.51318359375,0.00146484375,-0.812255859375,-0.6713866591453552,0.5798339247703552,0.4272460639476776,80.0,4513.0,1.0,O,F,O,0
175826.875,175938.09375,176159.5625,176048.421875,176172.171875,176393.265625,176241.1875,176327.90625,-0.51318359375,0.00146484375,-0.81298828125,-0.7019042372703552,0.5187987685203552,0.4882812201976776,80.0,4514.0,1.0,O,F,O,0
175200.84375,175312.15625,175533.265625,175422.21875,175545.953125,175767.15625,175614.890625,175701.171875,-0.513427734375,0.0,-0.81591796875,-0.6408690810203552,0.5493163466453552,0.4882812201976776,80.0,4515.0,1.0,O,F,O,0
174613.4375,174724.484375,174945.59375,174834.734375,174958.203125,175179.65625,175027.671875,175113.3125,-0.5126953125,0.0,-0.8134765625,-0.7629393935203552,0.5187987685203552,0.4882812201976776,80.0,4516.0,1.0,O,F,O,0
175197.0,175307.953125,175529.421875,175417.921875,175541.84375,175763.125,175611.234375,175697.140625,-0.51318359375,0.00048828125,-0.81396484375,-0.7934569716453552,0.4882812201976776,0.3967284858226776,80.0,4517.0,1.0,O,F,O,0
175891.78125,176002.734375,176224.109375,176112.796875,176236.71875,176458.359375,176305.828125,176391.84375,-0.515625,0.001953125,-0.812744140625,-0.8544921278953552,0.5187987685203552,0.3967284858226776,80.0,4518.0,1.0,O,F,O,0
175430.625,175541.578125,175762.6875,175651.640625,175775.46875,175997.109375,175844.578125,175930.953125,-0.516357421875,0.000244140625,-0.81201171875,-0.8239745497703552,0.4882812201976776,0.5187987685203552,80.0,4519.0,1.0,O,F,O,0
174710.359375,174821.140625,175042.6875,174931.28125,175055.203125,175276.484375,175124.234375,175210.5,-0.515380859375,0.001220703125,-0.8115234375,-0.6713866591453552,0.4577636420726776,0.4577636420726776,80.0,4520.0,1.0,O,F,O,0
175112.875,175223.640625,175445.28125,175334.0625,175457.625,175679.359375,175527.0,175613.1875,-0.515625,-0.0009765625,-0.81103515625,-0.7934569716453552,0.3662109076976776,0.3967284858226776,80.0,4521.0,1.0,O,F,O,0
175918.875,176029.65625,176251.296875,176140.15625,176263.546875,176485.359375,176332.921875,176419.015625,-0.513427734375,0.00048828125,-0.809326171875,-0.8239745497703552,0.4882812201976776,0.4882812201976776,80.0,4522.0,1.0,O,F,O,0
175652.796875,175763.484375,175984.765625,175873.8125,175997.28125,176218.84375,176066.578125,176152.859375,-0.513916015625,-0.00048828125,-0.812255859375,-0.8239745497703552,0.4272460639476776,0.4272460639476776,80.0,4523.0,1.0,O,F,O,0
174846.34375,174956.765625,175177.96875,175067.0,175190.75,175412.203125,175259.953125,175345.875,-0.5146484375,-0.0009765625,-0.813232421875,-0.7019042372703552,0.4272460639476776,0.5493163466453552,80.0,4524.0,1.0,O,F,O,0
175042.234375,175153.109375,175374.390625,175263.34375,175387.0,175608.546875,175456.28125,175542.390625,-0.513671875,0.00146484375,-0.812744140625,-0.7629393935203552,0.4882812201976776,0.3967284858226776,80.0,4525.0,1.0,O,F,O,0
175907.4375,176018.03125,176239.40625,176128.171875,176251.46875,176473.375,176321.296875,176407.21875,-0.513671875,0.000732421875,-0.813232421875,-0.7019042372703552,0.5187987685203552,0.4272460639476776,80.0,4526.0,1.0,O,F,O,0
175853.96875,175964.65625,176186.203125,176074.4375,176197.921875,176420.0,176267.921875,176353.9375,-0.51025390625,-0.00048828125,-0.8115234375,-0.6408690810203552,0.4882812201976776,0.4272460639476776,80.0,4527.0,1.0,O,F,O,0
175015.6875,175126.734375,175348.109375,175236.609375,175360.078125,175582.078125,175430.0,175515.921875,-0.5107421875,0.0009765625,-0.810546875,-0.6103515028953552,0.4272460639476776,0.5187987685203552,80.0,4528.0,1.0,O,F,O,0
174995.921875,175106.96875,175328.25,175217.03125,175340.328125,175562.046875,175409.875,175496.34375,-0.513916015625,0.0009765625,-0.813720703125,-0.7019042372703552,0.4882812201976776,0.4882812201976776,80.0,4529.0,1.0,O,F,O,0
175864.703125,175975.5625,176196.9375,176085.984375,176209.09375,176430.734375,176278.734375,176365.203125,-0.51513671875,0.000244140625,-0.816650390625,-0.8239745497703552,0.4882812201976776,0.3967284858226776,80.0,4530.0,1.0,O,F,O,0
176028.578125,176139.4375,176361.0,176250.046875,176373.15625,176595.15625,176442.796875,176529.265625,-0.5146484375,0.0,-0.814697265625,-0.7629393935203552,0.3967284858226776,0.4272460639476776,80.0,4531.0,1.0,O,F,O,0
175214.171875,175324.953125,175546.3125,175435.546875,175559.109375,175780.5625,175628.296875,175714.40625,-0.51220703125,-0.001220703125,-0.81103515625,-0.8544921278953552,0.4272460639476776,0.4577636420726776,80.0,4532.0,1.0,O,F,O,0
174982.0625,175092.84375,175313.953125,175202.8125,175326.734375,175547.921875,175396.03125,175481.765625,-0.514892578125,0.00146484375,-0.813232421875,-0.7324218153953552,0.3662109076976776,0.4272460639476776,80.0,4533.0,1.0,O,F,O,0
175801.21875,175911.71875,176133.359375,176021.875,176145.4375,176367.15625,176215.171875,176301.09375,-0.5146484375,0.002197265625,-0.8134765625,-0.7934569716453552,0.3967284858226776,0.4577636420726776,80.0,4534.0,1.0,O,F,O,0
176172.078125,176282.671875,176503.953125,176392.640625,176516.5625,176738.015625,176585.671875,176671.859375,-0.5146484375,0.000244140625,-0.8125,-0.7019042372703552,0.4882812201976776,0.3967284858226776,80.0,4535.0,1.0,O,F,O,0
175430.0,175540.859375,175762.328125,175650.921875,175774.9375,175996.390625,175844.125,175929.96875,-0.513916015625,0.001953125,-0.811279296875,-0.7629393935203552,0.4272460639476776,0.4577636420726776,80.0,4536.0,1.0,O,F,O,0
174997.09375,175107.859375,175329.5,175217.921875,175341.9375,175563.65625,175411.484375,175496.96875,-0.51416015625,0.002197265625,-0.810302734375,-0.8239745497703552,0.4577636420726776,0.4577636420726776,80.0,4537.0,1.0,O,F,O,0
175716.453125,175827.5,176048.703125,175937.203125,176061.21875,176283.203125,176130.328125,176216.15625,-0.51318359375,0.000732421875,-0.81298828125,-0.7324218153953552,0.4882812201976776,0.4577636420726776,80.0,4538.0,1.0,O,F,O,0
176271.671875,176383.171875,176603.828125,176492.59375,176616.609375,176838.421875,176685.8125,176772.171875,-0.514404296875,0.00341796875,-0.81298828125,-0.8239745497703552,0.5187987685203552,0.4272460639476776,80.0,4539.0,1.0,O,F,O,0
175658.171875,175768.671875,175990.140625,175878.90625,176002.65625,176224.296875,176072.03125,176158.046875,-0.515625,0.003662109375,-0.809814453125,-0.8239745497703552,0.5798339247703552,0.4577636420726776,80.0,4540.0,1.0,O,F,O,0
175057.171875,175167.40625,175389.59375,175278.0,175401.75,175623.203125,175471.125,175557.140625,-0.513427734375,0.00146484375,-0.811767578125,-0.7324218153953552,0.4882812201976776,0.3662109076976776,80.0,4541.0,1.0,O,F,O,0
175629.375,175740.234375,175961.796875,175850.484375,175974.125,176195.765625,176043.78125,176129.609375,-0.513671875,0.001220703125,-0.810546875,-0.6713866591453552,0.5798339247703552,0.3662109076976776,80.0,4542.0,1.0,O,F,O,0
176335.609375,176446.734375,176667.75,176556.4375,176680.265625,176901.640625,176749.640625,176835.65625,-0.513671875,0.001220703125,-0.8115234375,-0.7934569716453552,0.4882812201976776,0.4577636420726776,80.0,4543.0,1.0,O,F,O,0
175887.9375,175998.71875,176220.171875,176108.6875,176232.515625,176453.890625,176301.890625,176387.8125,-0.5146484375,0.00146484375,-0.81298828125,-0.7934569716453552,0.4577636420726776,0.4882812201976776,80.0,4544.0,1.0,O,F,O,0
175157.9375,175268.796875,175490.4375,175378.5,175502.421875,175724.0625,175572.0625,175657.8125,-0.5146484375,-0.00048828125,-0.81298828125,-0.7934569716453552,0.4882812201976776,0.4272460639476776,80.0,4545.0,1.0,O,F,O,0
175547.75,175658.609375,175880.15625,175768.140625,175892.140625,176113.78125,175961.53125,176047.53125,-0.513427734375,0.0,-0.80908203125,-0.7324218153953552,0.4882812201976776,0.4577636420726776,80.0,4546.0,1.0,O,F,O,0
176358.21875,176469.265625,176690.453125,176578.875,176702.890625,176924.609375,176771.734375,176858.0,-0.51220703125,0.003173828125,-0.810791015625,-0.7324218153953552,0.4272460639476776,0.4272460639476776,80.0,4547.0,1.0,O,F,O,0
176106.8125,176217.671875,176439.140625,176327.90625,176451.65625,176673.5625,176520.5,176606.6875,-0.514404296875,0.002197265625,-0.812255859375,-0.7934569716453552,0.4882812201976776,0.4577636420726776,80.0,4548.0,1.0,O,F,O,0
175296.609375,175407.46875,175628.9375,175517.796875,175641.171875,175863.0,175710.5625,175796.390625,-0.514404296875,0.00244140625,-0.811767578125,-0.7934569716453552,0.4882812201976776,0.3662109076976776,80.0,4549.0,1.0,O,F,O,0
175477.75,175588.96875,175809.890625,175698.84375,175822.578125,176044.3125,175891.703125,175978.15625,-0.51416015625,0.002685546875,-0.811767578125,-0.7019042372703552,0.5187987685203552,0.3967284858226776,80.0,4550.0,1.0,O,F,O,0
176344.453125,176455.5,176676.59375,176565.46875,176689.125,176910.9375,176758.140625,176845.140625,-0.51513671875,0.00146484375,-0.809326171875,-0.7324218153953552,0.4577636420726776,0.3967284858226776,80.0,4551.0,1.0,O,F,O,0
176305.65625,176416.421875,176638.15625,176526.390625,176650.3125,176871.78125,176719.34375,176806.234375,-0.515625,0.00146484375,-0.81298828125,-0.7324218153953552,0.4882812201976776,0.3967284858226776,80.0,4552.0,1.0,O,F,O,0
175466.125,175577.15625,175798.09375,175687.140625,175811.3125,176032.421875,175879.890625,175966.171875,-0.51611328125,0.001953125,-0.810791015625,-0.6103515028953552,0.4577636420726776,0.4882812201976776,80.0,4553.0,1.0,O,F,O,0
175431.609375,175542.390625,175763.578125,175652.359375,175776.265625,175997.90625,175845.390625,175931.390625,-0.513671875,0.002197265625,-0.808837890625,-0.7019042372703552,0.5187987685203552,0.4272460639476776,80.0,4554.0,1.0,O,F,O,0
176300.828125,176411.859375,176633.0625,176521.484375,176645.671875,176867.484375,176714.6875,176801.0625,-0.51416015625,0.0009765625,-0.81298828125,-0.7019042372703552,0.4882812201976776,0.4272460639476776,80.0,4555.0,1.0,O,F,O,0
176480.265625,176591.484375,176812.59375,176701.015625,176825.375,177046.921875,176894.21875,176980.765625,-0.515380859375,0.0009765625,-0.8134765625,-0.6713866591453552,0.5187987685203552,0.3967284858226776,80.0,4556.0,1.0,O,F,O,0
175667.640625,175778.328125,175999.515625,175888.296875,176012.390625,176233.671875,176081.0625,176167.421875,-0.513916015625,0.0,-0.8125,-0.7019042372703552,0.4577636420726776,0.4272460639476776,80.0,4557.0,1.0,O,F,O,0
175418.109375,175529.0625,175750.34375,175639.125,175762.859375,175984.40625,175831.96875,175918.25,-0.513916015625,-0.000244140625,-0.814208984375,-0.7324218153953552,0.4272460639476776,0.4577636420726776,80.0,4558.0,1.0,O,F,O,0
176232.96875,176344.09375,176565.109375,176453.890625,176577.71875,176799.625,176646.921875,176733.28125,-0.512939453125,-0.00048828125,-0.812255859375,-0.9155272841453552,0.3967284858226776,0.5493163466453552,80.0,4559.0,1.0,O,F,O,0
176617.5,176728.375,176949.65625,176838.515625,176962.171875,177184.078125,177031.546875,177117.828125,-0.513671875,0.00146484375,-0.813720703125,-0.8239745497703552,0.3967284858226776,0.4272460639476776,80.0,4560.0,1.0,O,F,O,0
175885.96875,175996.484375,176217.9375,176106.546875,176230.640625,176452.375,176299.84375,176385.84375,-0.5146484375,0.00244140625,-0.8134765625,-0.7934569716453552,0.4577636420726776,0.4577636420726776,80.0,4561.0,1.0,O,F,O,0
175439.75,175550.34375,175772.15625,175660.40625,175784.40625,176005.78125,175853.515625,175939.265625,-0.513916015625,0.001708984375,-0.811767578125,-0.7934569716453552,0.3967284858226776,0.4577636420726776,80.0,4562.0,1.0,O,F,O,0
176147.3125,176258.359375,176479.734375,176368.234375,176492.15625,176713.703125,176560.90625,176647.09375,-0.51416015625,0.0,-0.813720703125,-0.7934569716453552,0.4577636420726776,0.4577636420726776,80.0,4563.0,1.0,O,F,O,0
176715.671875,176826.265625,177047.734375,176936.5,177060.15625,177282.0625,177129.265625,177216.0,-0.5146484375,0.0009765625,-0.81396484375,-0.7629393935203552,0.3967284858226776,0.4882812201976776,80.0,4564.0,1.0,O,F,O,0
176115.125,176225.90625,176447.265625,176336.3125,176459.4375,176681.703125,176528.90625,176615.359375,-0.51513671875,0.00048828125,-0.814208984375,-0.7629393935203552,0.4272460639476776,0.5187987685203552,80.0,4565.0,1.0,O,F,O,0
175502.59375,175613.734375,175835.109375,175723.875,175847.703125,176069.265625,175916.375,176002.734375,-0.51416015625,0.001220703125,-0.814453125,-0.7019042372703552,0.5187987685203552,0.4272460639476776,80.0,4566.0,1.0,O,F,O,0
176060.59375,176171.71875,176392.828125,176281.78125,176405.609375,176627.421875,176474.453125,176560.90625,-0.513427734375,0.002197265625,-0.813720703125,-0.6713866591453552,0.5493163466453552,0.4272460639476776,80.0,4567.0,1.0,O,F,O,0
176778.53125,176889.84375,177110.9375,176999.53125,177123.1875,177345.546875,177192.5625,177279.46875,-0.512939453125,0.002685546875,-0.812255859375,-0.6713866591453552,0.4577636420726776,0.4272460639476776,80.0,4568.0,1.0,O,F,O,0
176346.78125,176457.828125,176679.109375,176567.609375,176691.265625,176913.34375,176760.640625,176847.546875,-0.51220703125,0.00048828125,-0.816162109375,-0.7324218153953552,0.4882812201976776,0.3662109076976776,80.0,4569.0,1.0,O,F,O,0
175608.453125,175719.046875,175940.6875,175829.46875,175953.203125,176174.671875,176022.234375,176108.953125,-0.511962890625,0.001220703125,-0.8115234375,-0.6713866591453552,0.3967284858226776,0.4577636420726776,80.0,4570.0,1.0,O,F,O,0
175980.03125,176090.8125,176311.90625,176201.046875,176324.96875,176546.328125,176393.890625,176480.53125,-0.513916015625,0.0009765625,-0.811279296875,-0.7324218153953552,0.3356933295726776,0.4272460639476776,80.0,4571.0,1.0,O,F,O,0
176799.171875,176909.859375,177130.96875,177020.109375,177143.65625,177365.484375,177212.59375,177299.5,-0.515625,0.002197265625,-0.812255859375,-0.6713866591453552,0.3051757514476776,0.4577636420726776,80.0,4572.0,1.0,O,F,O,0
176563.953125,176674.71875,176896.1875,176784.6875,176908.25,177130.25,176977.453125,177064.265625,-0.5146484375,0.001220703125,-0.81640625,-0.7324218153953552,0.4272460639476776,0.4272460639476776,80.0,4573.0,1.0,O,F,O,0
175747.21875,175857.8125,176079.265625,175968.234375,176092.0625,176313.421875,176160.640625,176247.53125,-0.51416015625,0.001953125,-0.8134765625,-0.7629393935203552,0.3967284858226776,0.4272460639476776,80.0,4574.0,1.0,O,F,O,0
175911.90625,176022.59375,176244.046875,176133.0,176256.65625,176478.296875,176325.5,176411.953125,-0.514892578125,0.000244140625,-0.81201171875,-0.7934569716453552,0.4272460639476776,0.4882812201976776,80.0,4575.0,1.0,O,F,O,0
176781.390625,176892.515625,177113.71875,177001.953125,177125.953125,177347.59375,177194.890625,177281.796875,-0.51318359375,0.001220703125,-0.809814453125,-0.7019042372703552,0.4577636420726776,0.4577636420726776,80.0,4576.0,1.0,O,F,O,0
176761.8125,176872.671875,177093.859375,176982.375,177106.5625,177327.9375,177175.3125,177261.953125,-0.51220703125,0.00048828125,-0.81005859375,-0.7019042372703552,0.4272460639476776,0.5187987685203552,80.0,4577.0,1.0,O,F,O,0
175920.671875,176031.4375,176252.8125,176141.5,176265.6875,176486.796875,176334.625,176420.890625,-0.51318359375,0.000732421875,-0.81298828125,-0.7019042372703552,0.4272460639476776,0.4577636420726776,80.0,4578.0,1.0,O,F,O,0
175865.234375,175976.09375,176197.109375,176086.0625,176209.8125,176431.453125,176279.015625,176365.203125,-0.51416015625,0.001220703125,-0.812744140625,-0.7324218153953552,0.4577636420726776,0.4577636420726776,80.0,4579.0,1.0,O,F,O,0
176729.984375,176841.28125,177062.390625,176950.984375,177074.90625,177296.640625,177144.109375,177230.390625,-0.514404296875,0.001220703125,-0.8125,-0.7934569716453552,0.4577636420726776,0.4272460639476776,80.0,4580.0,1.0,O,F,O,0
176926.578125,177037.984375,177259.265625,177147.328125,177271.515625,177493.15625,177340.71875,177427.34375,-0.51513671875,0.00146484375,-0.8134765625,-0.7324218153953552,0.4882812201976776,0.5187987685203552,80.0,4581.0,1.0,O,F,O,0
176118.25,176229.390625,176450.765625,176339.453125,176463.1875,176684.828125,176532.125,176618.84375,-0.51318359375,0.001708984375,-0.8134765625,-0.7019042372703552,0.5187987685203552,0.4882812201976776,80.0,4582.0,1.0,O,F,O,0
175851.640625,175962.59375,176183.4375,176072.65625,176196.03125,176417.859375,176265.5,176351.78125,-0.513671875,0.000244140625,-0.8134765625,-0.7324218153953552,0.5493163466453552,0.4882812201976776,80.0,4583.0,1.0,O,F,O,0
176658.453125,176769.5,176990.859375,176879.46875,177003.203125,177225.109375,177072.40625,177158.859375,-0.51318359375,0.00048828125,-0.809814453125,-0.7324218153953552,0.4272460639476776,0.4577636420726776,80.0,4584.0,1.0,O,F,O,0
177058.8125,177169.953125,177391.234375,177279.828125,177403.5625,177625.65625,177472.765625,177559.671875,-0.51318359375,-0.000732421875,-0.81005859375,-0.7934569716453552,0.5187987685203552,0.4272460639476776,80.0,4585.0,1.0,O,F,O,0
176337.125,176448.171875,176669.1875,176558.140625,176681.96875,176903.6875,176751.25,176837.625,-0.51513671875,0.0,-0.810546875,-0.6408690810203552,0.5187987685203552,0.4882812201976776,80.0,4586.0,1.0,O,F,O,0
175878.640625,175989.6875,176210.96875,176099.65625,176223.671875,176445.3125,176292.78125,176379.046875,-0.513671875,0.002197265625,-0.810546875,-0.7019042372703552,0.6103515028953552,0.4272460639476776,80.0,4587.0,1.0,O,F,O,0
176578.25,176689.75,176910.671875,176799.265625,176923.0,177145.0,176992.203125,177078.84375,-0.513671875,0.001708984375,-0.814208984375,-0.6713866591453552,0.6103515028953552,0.3967284858226776,80.0,4588.0,1.0,O,F,O,0
177159.40625,177270.703125,177491.546875,177379.875,177503.96875,177725.96875,177573.265625,177659.453125,-0.512939453125,-0.000244140625,-0.8125,-0.6713866591453552,0.5493163466453552,0.3662109076976776,80.0,4589.0,1.0,O,F,O,0
176567.4375,176678.390625,176899.3125,176787.90625,176912.09375,177133.734375,176980.859375,177067.125,-0.51513671875,0.001953125,-0.81005859375,-0.7019042372703552,0.5187987685203552,0.3356933295726776,80.0,4590.0,1.0,O,F,O,0
175944.984375,176055.84375,176277.125,176165.640625,176289.828125,176511.46875,176359.03125,176445.125,-0.512451171875,0.0029296875,-0.811767578125,-0.7324218153953552,0.3967284858226776,0.3967284858226776,80.0,4591.0,1.0,O,F,O,0
176489.5625,176600.78125,176821.796875,176710.75,176834.140625,177056.484375,176903.78125,176989.96875,-0.511962890625,0.002197265625,-0.809326171875,-0.7324218153953552,0.3662109076976776,0.4577636420726776,80.0,4592.0,1.0,O,F,O,0
177214.46875,177325.703125,177546.703125,177435.125,177558.6875,177781.140625,177628.0625,177714.796875,-0.51171875,0.001953125,-0.81005859375,-0.6713866591453552,0.4882812201976776,0.5187987685203552,80.0,4593.0,1.0,O,F,O,0
176795.328125,176906.015625,177127.21875,177015.625,177139.546875,177361.546875,177208.75,177295.125,-0.51220703125,0.0009765625,-0.810791015625,-0.6713866591453552,0.4577636420726776,0.5493163466453552,80.0,4594.0,1.0,O,F,O,0
176048.78125,176159.375,176380.65625,176269.4375,176393.453125,176614.828125,176462.46875,176548.484375,-0.51416015625,0.001220703125,-0.81201171875,-0.6408690810203552,0.5493163466453552,0.4577636420726776,80.0,4595.0,1.0,O,F,O,0
176407.578125,176518.4375,176739.28125,176628.40625,176752.234375,176974.140625,176821.0,176907.71875,-0.5146484375,0.002197265625,-0.813232421875,-0.7019042372703552,0.4882812201976776,0.5187987685203552,80.0,4596.0,1.0,O,F,O,0
177230.921875,177342.328125,177562.890625,177451.765625,177575.40625,177797.765625,177644.609375,177731.328125,-0.514404296875,0.002197265625,-0.8115234375,-0.7019042372703552,0.5187987685203552,0.5493163466453552,80.0,4597.0,1.0,O,F,O,0
177010.53125,177122.03125,177342.59375,177231.453125,177355.203125,177577.375,177424.671875,177510.859375,-0.513671875,0.003662109375,-0.81298828125,-0.7324218153953552,0.4577636420726776,0.4882812201976776,80.0,4598.0,1.0,O,F,O,0
176191.125,176302.4375,176523.171875,176411.953125,176535.78125,176757.421875,176604.984375,176691.078125,-0.51318359375,0.0009765625,-0.81201171875,-0.7324218153953552,0.4577636420726776,0.4577636420726776,80.0,4599.0,1.0,O,F,O,0
176339.0,176450.3125,176671.328125,176559.921875,176683.484375,176905.578125,176753.140625,176839.140625,-0.514404296875,0.001953125,-0.810791015625,-0.7629393935203552,0.3662109076976776,0.4577636420726776,80.0,4600.0,1.0,O,F,O,0
177210.359375,177321.84375,177542.59375,177431.203125,177555.03125,177776.9375,177624.21875,177710.953125,-0.51318359375,0.00146484375,-0.811279296875,-0.7934569716453552,0.4882812201976776,0.3967284858226776,80.0,4601.0,1.0,O,F,O,0
177206.421875,177318.0,177538.65625,177427.53125,177551.265625,177773.359375,177620.109375,177706.921875,-0.514892578125,0.0,-0.80615234375,-0.7934569716453552,0.4577636420726776,0.3356933295726776,80.0,4602.0,1.0,O,F,O,0
176366.984375,176478.46875,176699.578125,176588.359375,176711.921875,176933.640625,176780.84375,176867.65625,-0.514404296875,0.000732421875,-0.8095703125,-0.7324218153953552,0.6408690810203552,0.3051757514476776,80.0,4603.0,1.0,O,F,O,0
176298.046875,176409.359375,176630.46875,176518.890625,176642.53125,176864.359375,176711.640625,176798.375,-0.513671875,0.001953125,-0.810546875,-0.7019042372703552,0.5187987685203552,0.4272460639476776,80.0,4604.0,1.0,O,F,O,0
177162.078125,177273.484375,177494.40625,177383.0,177506.75,177728.921875,177575.859375,177662.671875,-0.51318359375,0.00146484375,-0.812744140625,-0.7629393935203552,0.4882812201976776,0.3662109076976776,80.0,4605.0,1.0,O,F,O,0
177372.640625,177484.390625,177705.40625,177593.921875,177717.75,177939.65625,177786.953125,177873.765625,-0.51318359375,0.002197265625,-0.81005859375,-0.7629393935203552,0.3967284858226776,0.4272460639476776,80.0,4606.0,1.0,O,F,O,0
176569.3125,176680.984375,176901.8125,176790.59375,176914.328125,177135.96875,176983.453125,177069.984375,-0.512939453125,0.001708984375,-0.81103515625,-0.7019042372703552,0.5187987685203552,0.4882812201976776,80.0,4607.0,1.0,O,F,O,0
176289.46875,176401.234375,176621.609375,176511.203125,176634.484375,176856.578125,176703.6875,176790.140625,-0.513427734375,0.00244140625,-0.81103515625,-0.7324218153953552,0.4577636420726776,0.4882812201976776,80.0,4608.0,1.0,O,F,O,0
177089.296875,177200.890625,177421.359375,177310.3125,177433.78125,177656.140625,177503.34375,177589.890625,-0.514404296875,0.002685546875,-0.813232421875,-0.6408690810203552,0.4272460639476776,0.5187987685203552,80.0,4609.0,1.0,O,F,O,0
177504.421875,177616.0,177836.75,177725.078125,177848.71875,178071.078125,177918.015625,178005.015625,-0.513671875,0.001953125,-0.812255859375,-0.7019042372703552,0.4577636420726776,0.4577636420726776,80.0,4610.0,1.0,O,F,O,0
176788.8125,176900.46875,177121.046875,177009.828125,177133.5625,177355.203125,177202.765625,177289.03125,-0.513916015625,0.00146484375,-0.8134765625,-0.7019042372703552,0.5187987685203552,0.4272460639476776,80.0,4611.0,1.0,O,F,O,0
176315.578125,176426.890625,176647.640625,176536.40625,176660.5,176881.875,176729.34375,176815.8125,-0.514892578125,0.001220703125,-0.81103515625,-0.7019042372703552,0.5798339247703552,0.4272460639476776,80.0,4612.0,1.0,O,F,O,0
177003.921875,177114.96875,177335.984375,177224.671875,177348.5,177570.21875,177417.515625,177504.234375,-0.515625,0.000732421875,-0.810546875,-0.6408690810203552,0.3967284858226776,0.3662109076976776,80.0,4613.0,1.0,O,F,O,0
177597.9375,177709.15625,177930.09375,177819.046875,177942.515625,178164.875,178011.890625,178098.703125,-0.513671875,0.0029296875,-0.8095703125,-0.6713866591453552,0.4882812201976776,0.3967284858226776,80.0,4614.0,1.0,O,F,O,0
177018.84375,177130.25,177350.8125,177239.859375,177363.515625,177585.609375,177432.8125,177519.4375,-0.513916015625,0.002197265625,-0.810791015625,-0.6408690810203552,0.5493163466453552,0.4272460639476776,80.0,4615.0,1.0,O,F,O,0
176383.96875,176495.375,176716.03125,176605.078125,176728.8125,176950.640625,176797.75,176884.734375,-0.51513671875,-0.000244140625,-0.809326171875,-0.6408690810203552,0.5493163466453552,0.5187987685203552,80.0,4616.0,1.0,O,F,O,0
176914.25,177025.5625,177246.390625,177134.90625,177258.90625,177480.8125,177328.109375,177414.828125,-0.513916015625,0.001953125,-0.810546875,-0.6408690810203552,0.4577636420726776,0.4882812201976776,80.0,4617.0,1.0,O,F,O,0
177651.046875,177762.625,177983.46875,177871.796875,177995.53125,178217.53125,178064.640625,178151.640625,-0.513671875,0.001220703125,-0.811767578125,-0.6713866591453552,0.3662109076976776,0.5798339247703552,80.0,4618.0,1.0,O,F,O,0
177246.75,177358.0625,177578.984375,177467.40625,177591.40625,177813.328125,177660.4375,177747.421875,-0.516357421875,0.001953125,-0.811767578125,-0.6713866591453552,0.4272460639476776,0.5187987685203552,80.0,4619.0,1.0,O,F,O,0
176491.703125,176602.84375,176823.859375,176712.28125,176836.734375,177058.453125,176905.390625,176992.03125,-0.51416015625,0.001953125,-0.811767578125,-0.7019042372703552,0.3356933295726776,0.4882812201976776,80.0,4620.0,1.0,O,F,O,0
176834.40625,176945.8125,177166.90625,177055.421875,177179.515625,177401.421875,177248.453125,177335.171875,-0.513916015625,0.00244140625,-0.81298828125,-0.7934569716453552,0.2746581733226776,0.3967284858226776,80.0,4621.0,1.0,O,F,O,0
177665.265625,177776.9375,177997.59375,177886.453125,178009.84375,178232.28125,178079.21875,178166.03125,-0.513916015625,0.00244140625,-0.811279296875,-0.7019042372703552,0.4272460639476776,0.4577636420726776,80.0,4622.0,1.0,O,F,O,0
177464.09375,177576.125,177796.875,177685.375,177809.125,178031.46875,177878.40625,177965.21875,-0.514404296875,0.0009765625,-0.8115234375,-0.7629393935203552,0.4882812201976776,0.3967284858226776,80.0,4623.0,1.0,O,F,O,0
176641.375,176753.140625,176974.0625,176862.484375,176986.390625,177208.03125,177055.78125,177142.140625,-0.5146484375,0.001220703125,-0.8134765625,-0.6713866591453552,0.5187987685203552,0.4272460639476776,80.0,4624.0,1.0,O,F,O,0
176772.265625,176883.9375,177104.859375,176993.28125,177117.28125,177338.65625,177186.75,177272.859375,-0.513427734375,0.001708984375,-0.8134765625,-0.6713866591453552,0.4577636420726776,0.4577636420726776,80.0,4625.0,1.0,O,F,O,0
177643.984375,177755.828125,177976.9375,177865.453125,177989.0,178211.1875,178058.203125,178145.109375,-0.513671875,-0.00048828125,-0.81396484375,-0.7629393935203552,0.3967284858226776,0.4272460639476776,80.0,4626.0,1.0,O,F,O,0
177654.09375,177765.40625,177986.59375,177875.015625,177998.9375,178221.109375,178067.859375,178154.859375,-0.51513671875,0.001220703125,-0.8134765625,-0.7934569716453552,0.4272460639476776,0.4577636420726776,80.0,4627.0,1.0,O,F,O,0
176815.0,176926.3125,177147.234375,177035.921875,177159.671875,177381.578125,177228.875,177315.59375,-0.51513671875,0.0009765625,-0.814697265625,-0.7019042372703552,0.4272460639476776,0.3662109076976776,80.0,4628.0,1.0,O,F,O,0
176730.25,176842.0,177062.578125,176951.265625,177075.0,177296.90625,177144.375,177230.921875,-0.514892578125,0.00048828125,-0.8134765625,-0.6713866591453552,0.3967284858226776,0.4272460639476776,80.0,4629.0,1.0,O,F,O,0
177591.765625,177703.34375,177924.0,177812.703125,177936.25,178158.515625,178005.640625,178092.359375,-0.51416015625,0.00048828125,-0.813232421875,-0.8239745497703552,0.4272460639476776,0.3967284858226776,80.0,4630.0,1.0,O,F,O,0
177818.234375,177929.8125,178150.828125,178039.15625,178163.34375,178385.171875,178232.1875,178319.453125,-0.512451171875,0.000244140625,-0.81103515625,-0.7324218153953552,0.3662109076976776,0.3967284858226776,80.0,4631.0,1.0,O,F,O,0
177017.234375,177128.546875,177349.390625,177238.078125,177362.171875,177583.90625,177431.109375,177517.828125,-0.51318359375,0.00146484375,-0.809814453125,-0.7019042372703552,0.4882812201976776,0.4272460639476776,80.0,4632.0,1.0,O,F,O,0
176720.765625,176831.984375,177052.828125,176941.6875,177065.515625,177287.15625,177134.546875,177221.09375,-0.512939453125,0.000732421875,-0.81005859375,-0.6103515028953552,0.4577636420726776,0.4577636420726776,80.0,4633.0,1.0,O,F,O,0
177515.234375,177627.09375,177848.015625,177736.34375,177859.984375,178082.25,177929.109375,178016.1875,-0.51513671875,0.001708984375,-0.813232421875,-0.6408690810203552,0.3967284858226776,0.4577636420726776,80.0,4634.0,1.0,O,F,O,0
177948.140625,178060.0,178281.1875,178169.078125,178292.71875,178515.4375,178362.1875,178449.09375,-0.514404296875,0.00244140625,-0.81494140625,-0.6408690810203552,0.4577636420726776,0.4577636420726776,80.0,4635.0,1.0,O,F,O,0
177244.15625,177355.640625,177576.65625,177465.171875,177588.640625,177811.265625,177658.015625,177744.921875,-0.513427734375,0.000244140625,-0.810302734375,-0.7019042372703552,0.4577636420726776,0.4272460639476776,80.0,4636.0,1.0,O,F,O,0
176756.171875,176867.484375,177088.5,176977.453125,177100.75,177323.015625,177169.765625,177256.40625,-0.51513671875,0.0009765625,-0.8095703125,-0.6713866591453552,0.4577636420726776,0.4577636420726776,80.0,4637.0,1.0,O,F,O,0
177431.203125,177542.6875,177763.796875,177652.203125,177775.859375,177997.765625,177844.703125,177931.703125,-0.512451171875,0.0009765625,-0.81005859375,-0.7324218153953552,0.5187987685203552,0.4577636420726776,80.0,4638.0,1.0,O,F,O,0
178038.890625,178150.390625,178371.484375,178259.546875,178383.5625,178605.734375,178452.21875,178539.484375,-0.513916015625,0.001220703125,-0.81494140625,-0.7324218153953552,0.4882812201976776,0.4272460639476776,80.0,4639.0,1.0,O,F,O,0
177472.953125,177584.4375,177805.453125,177694.328125,177817.796875,178040.0625,177886.640625,177973.8125,-0.5126953125,0.00048828125,-0.816650390625,-0.6713866591453552,0.5187987685203552,0.3662109076976776,80.0,4640.0,1.0,O,F,O,0
176826.890625,176938.03125,177158.859375,177048.09375,177171.203125,177393.5625,177240.578125,177327.390625,-0.513671875,0.00048828125,-0.814208984375,-0.7324218153953552,0.4882812201976776,0.4272460639476776,80.0,4641.0,1.0,O,F,O,0
177343.578125,177454.890625,177675.90625,177564.40625,177687.96875,177910.421875,177757.4375,177844.25,-0.515625,0.0009765625,-0.815185546875,-0.7324218153953552,0.4272460639476776,0.4272460639476776,80.0,4642.0,1.0,O,F,O,0
178088.25,178200.09375,178420.9375,178309.265625,178433.0,178655.53125,178502.296875,178589.28125,-0.512939453125,0.001708984375,-0.814697265625,-0.7629393935203552,0.4882812201976776,0.4577636420726776,80.0,4643.0,1.0,O,F,O,0
177697.890625,177809.484375,178030.21875,177918.828125,178042.375,178264.828125,178112.03125,178198.84375,-0.513671875,0.00146484375,-0.814208984375,-0.7629393935203552,0.4882812201976776,0.4272460639476776,80.0,4644.0,1.0,O,F,O,0
176934.71875,177046.03125,177267.140625,177155.734375,177279.203125,177501.734375,177348.9375,177435.21875,-0.514404296875,0.000244140625,-0.8134765625,-0.8239745497703552,0.4272460639476776,0.3967284858226776,80.0,4645.0,1.0,O,F,O,0
177259.265625,177370.84375,177591.6875,177480.375,177604.015625,177826.109375,177673.21875,177759.9375,-0.5146484375,0.000244140625,-0.810546875,-0.7629393935203552,0.4272460639476776,0.4272460639476776,80.0,4646.0,1.0,O,F,O,0
178095.671875,178207.609375,178428.0,178316.59375,178440.328125,178662.515625,178509.53125,178596.4375,-0.515380859375,0.000732421875,-0.8125,-0.7629393935203552,0.4272460639476776,0.4882812201976776,80.0,4647.0,1.0,O,F,O,0
177909.25,178020.828125,178241.40625,178129.90625,178253.734375,178476.359375,178322.671875,178409.9375,-0.515380859375,0.0009765625,-0.812255859375,-0.7324218153953552,0.3662109076976776,0.4577636420726776,80.0,4648.0,1.0,O,F,O,0
177082.859375,177194.625,177415.28125,177304.0625,177427.625,177649.96875,177496.734375,177583.71875,-0.513916015625,0.000732421875,-0.810791015625,-0.8544921278953552,0.3967284858226776,0.3662109076976776,80.0,4649.0,1.0,O,F,O,0
177196.765625,177308.796875,177529.640625,177418.046875,177541.34375,177763.96875,177611.078125,177697.890625,-0.5126953125,0.0,-0.812255859375,-0.8239745497703552,0.4272460639476776,0.4577636420726776,80.0,4650.0,1.0,O,F,O,0
178070.359375,178182.21875,178403.234375,178291.109375,178414.671875,178637.296875,178484.234375,178571.5,-0.513671875,-0.000244140625,-0.814453125,-0.7934569716453552,0.4882812201976776,0.4272460639476776,80.0,4651.0,1.0,O,F,O,0
178100.40625,178212.34375,178433.1875,178321.328125,178444.984375,178667.609375,178514.265625,178601.265625,-0.5126953125,0.002685546875,-0.81396484375,-0.7019042372703552,0.5798339247703552,0.4577636420726776,80.0,4652.0,1.0,O,F,O,0
177262.390625,177373.890625,177594.984375,177483.3125,177607.234375,177829.328125,177676.4375,177763.25,-0.51171875,0.002197265625,-0.813232421875,-0.8544921278953552,0.6103515028953552,0.5493163466453552,80.0,4653.0,1.0,O,F,O,0
177159.3125,177270.703125,177491.546875,177380.140625,177504.15625,177726.0625,177573.265625,177659.8125,-0.513427734375,0.001220703125,-0.811279296875,-0.8544921278953552,0.5798339247703552,0.4882812201976776,80.0,4654.0,1.0,O,F,O,0
178016.0,178128.125,178348.515625,178237.203125,178360.84375,178583.03125,178430.140625,178517.21875,-0.513427734375,0.001953125,-0.8134765625,-0.7629393935203552,0.5798339247703552,0.4272460639476776,80.0,4655.0,1.0,O,F,O,0
178261.78125,178373.71875,178594.46875,178483.0625,178606.8125,178828.984375,178676.09375,178763.09375,-0.514892578125,0.001953125,-0.813232421875,-0.7019042372703552,0.5493163466453552,0.3967284858226776,80.0,4656.0,1.0,O,F,O,0
177469.375,177580.859375,177802.234375,177690.46875,177814.484375,178036.484375,177883.59375,177970.40625,-0.51513671875,-0.001220703125,-0.8134765625,-0.7629393935203552,0.5187987685203552,0.4272460639476776,80.0,4657.0,1.0,O,F,O,0
177154.84375,177266.421875,177487.4375,177375.859375,177499.765625,177721.671875,177568.875,177655.78125,-0.513916015625,-0.001220703125,-0.814453125,-0.7629393935203552,0.4577636420726776,0.5187987685203552,80.0,4658.0,1.0,O,F,O,0
177940.71875,178052.3125,178273.140625,178161.375,178285.484375,178507.484375,178354.859375,178441.765625,-0.512939453125,0.0009765625,-0.814208984375,-0.6713866591453552,0.5798339247703552,0.4577636420726776,80.0,4659.0,1.0,O,F,O,0
178387.40625,178499.15625,178719.90625,178608.15625,178732.0625,178954.59375,178801.359375,178888.703125,-0.512939453125,-0.000244140625,-0.812744140625,-0.7019042372703552,0.5493163466453552,0.4272460639476776,80.0,4660.0,1.0,O,F,O,0
177691.109375,177802.59375,178023.34375,177911.765625,178035.9375,178257.859375,178104.703125,178191.609375,-0.512939453125,0.001220703125,-0.813232421875,-0.7934569716453552,0.4272460639476776,0.5187987685203552,80.0,4661.0,1.0,O,F,O,0
177188.359375,177299.671875,177520.609375,177409.375,177533.296875,177755.203125,177602.234375,177688.6875,-0.511962890625,-0.000244140625,-0.811767578125,-0.7629393935203552,0.3967284858226776,0.5187987685203552,80.0,4662.0,1.0,O,F,O,0
177854.0,177965.484375,178186.6875,178075.28125,178198.9375,178421.28125,178268.3125,178354.765625,-0.513916015625,0.00048828125,-0.811279296875,-0.7019042372703552,0.4577636420726776,0.5187987685203552,80.0,4663.0,1.0,O,F,O,0
178473.859375,178585.4375,178806.1875,178695.140625,178818.796875,179040.96875,178888.0,178974.890625,-0.51416015625,0.001708984375,-0.814453125,-0.8544921278953552,0.4577636420726776,0.5187987685203552,80.0,4664.0,1.0,O,F,O,0
177920.78125,178032.1875,178252.84375,178142.15625,178265.8125,178487.453125,178334.828125,178421.46875,-0.513671875,0.00244140625,-0.810546875,-0.7019042372703552,0.4272460639476776,0.4882812201976776,80.0,4665.0,1.0,O,F,O,0
177263.734375,177375.40625,177595.890625,177485.203125,177608.9375,177830.3125,177677.953125,177764.59375,-0.513427734375,0.000732421875,-0.81005859375,-0.6408690810203552,0.3051757514476776,0.4272460639476776,80.0,4666.0,1.0,O,F,O,0
177765.3125,177876.625,178097.359375,177986.765625,178110.15625,178331.875,178179.359375,178266.4375,-0.513916015625,0.001708984375,-0.8125,-0.7324218153953552,0.4577636420726776,0.4882812201976776,80.0,4667.0,1.0,O,F,O,0
178516.953125,178628.71875,178849.640625,178738.765625,178862.0625,179084.328125,178931.359375,179018.703125,-0.51416015625,-0.00048828125,-0.809326171875,-0.6713866591453552,0.4272460639476776,0.5493163466453552,80.0,4668.0,1.0,O,F,O,0
178141.890625,178253.921875,178474.578125,178363.625,178487.0,178709.171875,178556.296875,178643.546875,-0.512451171875,0.001953125,-0.807861328125,-0.7019042372703552,0.5798339247703552,0.5187987685203552,80.0,4669.0,1.0,O,F,O,0
177372.71875,177484.84375,177705.40625,177594.546875,177717.921875,177939.828125,177787.21875,177873.9375,-0.51416015625,0.0009765625,-0.808349609375,-0.7629393935203552,0.6408690810203552,0.4882812201976776,80.0,4670.0,1.0,O,F,O,0
177681.53125,177793.65625,178014.046875,177903.0,178026.640625,178248.546875,178095.84375,178182.84375,-0.514404296875,-0.000732421875,-0.8095703125,-0.7324218153953552,0.5798339247703552,0.3967284858226776,80.0,4671.0,1.0,O,F,O,0
178521.6875,178633.359375,178853.921875,178742.96875,178866.71875,179088.71875,178936.09375,179022.734375,-0.514892578125,0.001708984375,-0.8095703125,-0.6408690810203552,0.5798339247703552,0.3662109076976776,80.0,4672.0,1.0,O,F,O,0
178353.78125,178465.453125,178686.015625,178575.15625,178698.546875,178920.984375,178768.015625,178854.90625,-0.512451171875,0.001220703125,-0.80908203125,-0.5798339247703552,0.4577636420726776,0.3662109076976776,80.0,4673.0,1.0,O,F,O,0
177525.515625,177637.1875,177858.296875,177746.796875,177870.453125,178092.8125,177939.75,178026.5625,-0.513427734375,-0.000244140625,-0.810302734375,-0.7934569716453552,0.4272460639476776,0.3967284858226776,80.0,4674.0,1.0,O,F,O,0
177624.21875,177735.8125,177956.8125,177845.5,177968.890625,178191.515625,178038.53125,178125.34375,-0.512939453125,0.0009765625,-0.808837890625,-0.8850097060203552,0.4577636420726776,0.5187987685203552,80.0,4675.0,1.0,O,F,O,0
178499.34375,178611.28125,178831.9375,178720.796875,178844.265625,179066.625,178913.75,179000.734375,-0.51513671875,0.001953125,-0.81298828125,-0.8544921278953552,0.4577636420726776,0.3967284858226776,80.0,4676.0,1.0,O,F,O,0
178544.140625,178656.25,178877.265625,178765.59375,178889.421875,179111.515625,178958.453125,179045.703125,-0.515625,-0.00048828125,-0.814697265625,-0.7324218153953552,0.3967284858226776,0.3967284858226776,80.0,4677.0,1.0,O,F,O,0
177708.359375,177820.109375,178040.953125,177929.546875,178053.296875,178275.46875,178122.484375,178209.125,-0.51416015625,0.000732421875,-0.81005859375,-0.7324218153953552,0.3967284858226776,0.4272460639476776,80.0,4678.0,1.0,O,F,O,0
177586.578125,177698.078125,177918.828125,177807.515625,177931.34375,178153.34375,178000.625,178087.171875,-0.512939453125,0.000732421875,-0.81005859375,-0.7934569716453552,0.3967284858226776,0.5187987685203552,80.0,4679.0,1.0,O,F,O,0
178438.71875,178550.390625,178771.140625,178660.0,178783.46875,179005.828125,178852.765625,178940.03125,-0.512939453125,0.002685546875,-0.80908203125,-0.8239745497703552,0.3356933295726776,0.5493163466453552,80.0,4680.0,1.0,O,F,O,0
178701.125,178812.625,179033.71875,178921.96875,179045.703125,179268.15625,179115.09375,179202.265625,-0.51611328125,0.00048828125,-0.812255859375,-0.7324218153953552,0.4272460639476776,0.4882812201976776,80.0,4681.0,1.0,O,F,O,0
177913.546875,178025.65625,178246.140625,178134.5625,178258.203125,178480.390625,178327.859375,178414.765625,-0.5146484375,0.0,-0.81298828125,-0.6408690810203552,0.4577636420726776,0.4577636420726776,80.0,4682.0,1.0,O,F,O,0
177584.078125,177695.9375,177916.671875,177805.28125,177928.921875,178150.921875,177998.484375,178084.9375,-0.513671875,0.00048828125,-0.814697265625,-0.6713866591453552,0.4577636420726776,0.3967284858226776,80.0,4683.0,1.0,O,F,O,0
178362.734375,178474.390625,178695.59375,178584.015625,178707.65625,178929.65625,178777.125,178863.859375,-0.5146484375,0.0,-0.814453125,-0.6713866591453552,0.4577636420726776,0.3356933295726776,80.0,4684.0,1.0,O,F,O,0
178823.703125,178935.640625,179156.484375,179044.71875,179168.546875,179390.90625,179237.75,179324.921875,-0.514404296875,0.002197265625,-0.813232421875,-0.6103515028953552,0.5187987685203552,0.3967284858226776,80.0,4685.0,1.0,O,F,O,0
178136.34375,178248.375,178469.03125,178357.625,178481.546875,178703.90625,178550.390625,178637.65625,-0.51318359375,0.001708984375,-0.811279296875,-0.6103515028953552,0.4577636420726776,0.3967284858226776,80.0,4686.0,1.0,O,F,O,0
177621.984375,177734.203125,177954.9375,177843.453125,177967.1875,178189.71875,178036.484375,178123.109375,-0.51416015625,0.000244140625,-0.810302734375,-0.6713866591453552,0.4577636420726776,0.3967284858226776,80.0,4687.0,1.0,O,F,O,0
178275.5625,178387.5,178608.421875,178496.75,178620.484375,178842.9375,178689.59375,178776.5,-0.5126953125,-0.000732421875,-0.8134765625,-0.7324218153953552,0.4577636420726776,0.3967284858226776,80.0,4688.0,1.0,O,F,O,0
178905.34375,179017.453125,179238.015625,179126.53125,179250.453125,179472.890625,179319.296875,179407.0,-0.51318359375,-0.00146484375,-0.811767578125,-0.7629393935203552,0.5187987685203552,0.4577636420726776,80.0,4689.0,1.0,O,F,O,0
178365.046875,178477.171875,178697.828125,178586.609375,178710.25,178932.515625,178779.1875,178866.71875,-0.5126953125,-0.00048828125,-0.81396484375,-0.7629393935203552,0.4272460639476776,0.4882812201976776,80.0,4690.0,1.0,O,F,O,0
177697.0,177808.671875,178029.6875,177918.203125,178041.9375,178263.9375,178111.046875,178197.953125,-0.512451171875,0.0,-0.81396484375,-0.7629393935203552,0.4577636420726776,0.4882812201976776,80.0,4691.0,1.0,O,F,O,0
178184.0,178295.578125,178516.6875,178404.65625,178528.578125,178750.75,178597.875,178684.953125,-0.5126953125,0.001220703125,-0.81298828125,-0.7934569716453552,0.3967284858226776,0.5187987685203552,80.0,4692.0,1.0,O,F,O,0
178948.15625,179060.1875,179281.46875,179169.453125,179293.28125,179515.453125,179362.390625,179449.640625,-0.5126953125,-0.0009765625,-0.8125,-0.7629393935203552,0.4577636420726776,0.5187987685203552,80.0,4693.0,1.0,O,F,O,0
178592.59375,178704.796875,178925.640625,178814.046875,178937.796875,179160.234375,179006.546875,179094.078125,-0.51416015625,0.00048828125,-0.814697265625,-0.7629393935203552,0.3967284858226776,0.4882812201976776,80.0,4694.0,1.0,O,F,O,0
177818.421875,177930.625,178151.453125,178039.703125,178163.625,178385.796875,178232.90625,178319.359375,-0.513916015625,0.00146484375,-0.812255859375,-0.7629393935203552,0.4882812201976776,0.5493163466453552,80.0,4695.0,1.0,O,F,O,0
178108.28125,178220.21875,178440.953125,178329.46875,178453.46875,178675.65625,178522.5,178609.3125,-0.513671875,-0.0009765625,-0.811279296875,-0.7934569716453552,0.4882812201976776,0.4577636420726776,80.0,4696.0,1.0,O,F,O,0
178949.953125,179062.15625,179282.71875,179171.328125,179295.0625,179517.6875,179364.171875,179451.796875,-0.513916015625,-0.001220703125,-0.81005859375,-0.7019042372703552,0.5187987685203552,0.5798339247703552,80.0,4697.0,1.0,O,F,O,0
178798.671875,178910.96875,179131.453125,179020.21875,179143.515625,179366.40625,179212.890625,179300.25,-0.51171875,-0.000244140625,-0.810546875,-0.6408690810203552,0.4272460639476776,0.6103515028953552,80.0,4698.0,1.0,O,F,O,0
177966.5625,178078.40625,178299.25,178188.203125,178311.3125,178533.578125,178380.703125,178467.328125,-0.510986328125,-0.00048828125,-0.81103515625,-0.5798339247703552,0.4882812201976776,0.4882812201976776,80.0,4699.0,1.0,O,F,O,0
178048.015625,178159.953125,178380.875,178269.65625,178392.671875,178615.390625,178462.421875,178548.96875,-0.51220703125,0.00048828125,-0.807861328125,-0.6408690810203552,0.5187987685203552,0.4882812201976776,80.0,4700.0,1.0,O,F,O,0
178923.125,179035.15625,179256.078125,179144.59375,179267.96875,179490.59375,179337.359375,179424.4375,-0.51318359375,0.0,-0.812255859375,-0.7324218153953552,0.5493163466453552,0.4882812201976776,80.0,4701.0,1.0,O,F,O,0
178983.84375,179095.6875,179316.703125,179205.390625,179328.765625,179551.296875,179398.0625,179485.40625,-0.5126953125,-0.0009765625,-0.8125,-0.7019042372703552,0.5493163466453552,0.3967284858226776,80.0,4702.0,1.0,O,F,O,0
178148.15625,178260.359375,178481.015625,178369.515625,178493.625,178715.4375,178562.46875,178649.640625,-0.512451171875,0.0,-0.812744140625,-0.6713866591453552,0.5493163466453552,0.4577636420726776,80.0,4703.0,1.0,O,F,O,0
178011.171875,178123.109375,178343.859375,178232.375,178356.375,178578.28125,178425.3125,178512.03125,-0.512451171875,0.0009765625,-0.8134765625,-0.8239745497703552,0.3967284858226776,0.4882812201976776,80.0,4704.0,1.0,O,F,O,0
178859.296875,178971.234375,179192.25,179080.484375,179204.140625,179426.765625,179273.609375,179360.234375,-0.51513671875,0.0009765625,-0.8134765625,-0.7629393935203552,0.3967284858226776,0.3967284858226776,80.0,4705.0,1.0,O,F,O,0
179138.875,179250.984375,179472.265625,179360.515625,179483.984375,179706.515625,179553.453125,179640.625,-0.512451171875,-0.00048828125,-0.813232421875,-0.7934569716453552,0.4272460639476776,0.4272460639476776,80.0,4706.0,1.0,O,F,O,0
178359.15625,178470.734375,178692.1875,178580.4375,178704.078125,178926.4375,178773.375,178860.546875,-0.51513671875,0.000244140625,-0.81396484375,-0.7019042372703552,0.4882812201976776,0.4272460639476776,80.0,4707.0,1.0,O,F,O,0
178014.578125,178126.328125,178347.171875,178235.859375,178359.6875,178581.859375,178428.703125,178516.0625,-0.515625,0.001220703125,-0.810302734375,-0.7019042372703552,0.3662109076976776,0.4272460639476776,80.0,4708.0,1.0,O,F,O,0
178783.390625,178895.234375,179116.078125,179004.671875,179128.859375,179351.125,179197.703125,179285.046875,-0.513671875,0.00244140625,-0.808837890625,-0.7629393935203552,0.4882812201976776,0.3967284858226776,80.0,4709.0,1.0,O,F,O,0
179258.3125,179370.4375,179591.625,179479.515625,179603.96875,179825.96875,179672.8125,179759.984375,-0.513427734375,0.001220703125,-0.810302734375,-0.7019042372703552,0.4577636420726776,0.3051757514476776,80.0,4710.0,1.0,O,F,O,0
178582.75,178694.875,178915.796875,178803.953125,178927.875,179150.140625,178996.890625,179083.890625,-0.51318359375,-0.0009765625,-0.807861328125,-0.7019042372703552,0.3967284858226776,0.3967284858226776,80.0,4711.0,1.0,O,F,O,0
178054.0,178165.40625,178386.234375,178274.75,178398.765625,178621.203125,178467.875,178554.765625,-0.511474609375,0.000732421875,-0.812255859375,-0.7629393935203552,0.3967284858226776,0.3356933295726776,80.0,4712.0,1.0,O,F,O,0
178694.25,178805.375,179026.578125,178915.078125,179038.90625,179261.53125,179107.75,179195.640625,-0.512451171875,0.000732421875,-0.8125,-0.7324218153953552,0.4882812201976776,0.3967284858226776,80.0,4713.0,1.0,O,F,O,0
179336.8125,179448.578125,179669.59375,179558.28125,179681.484375,179904.640625,179750.59375,179838.484375,-0.513916015625,0.0,-0.81494140625,-0.6408690810203552,0.4577636420726776,0.4272460639476776,80.0,4714.0,1.0,O,F,O,0
178809.84375,178921.875,179142.625,179031.21875,179154.96875,179377.578125,179223.984375,179311.25,-0.513671875,0.001220703125,-0.812744140625,-0.7324218153953552,0.4882812201976776,0.3967284858226776,80.0,4715.0,1.0,O,F,O,0
178131.96875,178243.90625,178464.65625,178353.34375,178476.984375,178699.4375,178546.09375,178633.359375,-0.514404296875,0.0009765625,-0.812744140625,-0.8239745497703552,0.5187987685203552,0.4272460639476776,80.0,4716.0,1.0,O,F,O,0
178604.125,178716.328125,178937.078125,178825.5,178949.234375,179171.859375,179018.609375,179105.96875,-0.51416015625,0.00146484375,-0.8095703125,-0.7934569716453552,0.5187987685203552,0.5187987685203552,80.0,4717.0,1.0,O,F,O,0
179375.078125,179487.46875,179708.21875,179596.640625,179720.28125,179943.078125,179789.578125,179877.375,-0.513671875,0.000244140625,-0.80908203125,-0.7934569716453552,0.4272460639476776,0.4272460639476776,80.0,4718.0,1.0,O,F,O,0
179029.96875,179141.90625,179362.921875,179251.25,179375.078125,179597.796875,179444.1875,179531.71875,-0.514892578125,-0.000244140625,-0.810791015625,-0.8544921278953552,0.5798339247703552,0.4272460639476776,80.0,4719.0,1.0,O,F,O,0
178245.6875,178357.8125,178578.640625,178467.15625,178590.890625,178813.25,178660.0,178747.0,-0.513427734375,0.001220703125,-0.810302734375,-0.7934569716453552,0.3967284858226776,0.4272460639476776,80.0,4720.0,1.0,O,F,O,0
178523.21875,178634.96875,178855.625,178744.140625,178867.78125,179090.59375,178936.984375,179024.34375,-0.51220703125,0.0,-0.811279296875,-0.8239745497703552,0.4272460639476776,0.4882812201976776,80.0,4721.0,1.0,O,F,O,0
179373.03125,179485.234375,179705.890625,179593.859375,179717.421875,179940.84375,179786.796875,179874.59375,-0.51220703125,0.001708984375,-0.81396484375,-0.8239745497703552,0.3967284858226776,0.4577636420726776,80.0,4722.0,1.0,O,F,O,0
179235.609375,179348.34375,179568.921875,179457.15625,179580.890625,179804.234375,179649.921875,179737.71875,-0.513671875,0.001953125,-0.81103515625,-0.7629393935203552,0.3662109076976776,0.5187987685203552,80.0,4723.0,1.0,O,F,O,0
178400.015625,178512.03125,178732.875,178621.5625,178744.9375,178967.65625,178813.78125,178901.40625,-0.512939453125,0.002197265625,-0.812744140625,-0.7629393935203552,0.4272460639476776,0.3356933295726776,80.0,4724.0,1.0,O,F,O,0
178464.5625,178576.40625,178797.328125,178685.9375,178809.765625,179031.9375,178878.34375,178965.515625,-0.514404296875,0.00244140625,-0.811279296875,-0.7324218153953552,0.4882812201976776,0.4272460639476776,80.0,4725.0,1.0,O,F,O,0
179339.765625,179451.703125,179672.546875,179560.875,179684.609375,179907.5,179753.71875,179841.15625,-0.512451171875,0.00146484375,-0.809326171875,-0.8239745497703552,0.4272460639476776,0.4577636420726776,80.0,4726.0,1.0,O,F,O,0
179420.6875,179532.34375,179753.28125,179641.96875,179765.515625,179988.59375,179834.71875,179922.34375,-0.514404296875,0.00048828125,-0.814208984375,-0.6713866591453552,0.4272460639476776,0.4272460639476776,80.0,4727.0,1.0,O,F,O,0
178589.28125,178701.046875,178921.875,178810.484375,178934.03125,179157.109375,179003.59375,179090.671875,-0.513916015625,0.00048828125,-0.8115234375,-0.7019042372703552,0.5187987685203552,0.3967284858226776,80.0,4728.0,1.0,O,F,O,0
178435.140625,178547.078125,178768.015625,178656.421875,178779.90625,179002.703125,178849.546875,178936.265625,-0.514892578125,0.001220703125,-0.810791015625,-0.7324218153953552,0.5187987685203552,0.3662109076976776,80.0,4729.0,1.0,O,F,O,0
179279.59375,179391.71875,179612.546875,179500.703125,179624.34375,179847.328125,179694.09375,179781.265625,-0.514404296875,0.003173828125,-0.812255859375,-0.7019042372703552,0.4882812201976776,0.4272460639476776,80.0,4730.0,1.0,O,F,O,0
179573.65625,179685.953125,179906.78125,179794.9375,179918.765625,180141.484375,179988.140625,180075.234375,-0.5146484375,-0.0009765625,-0.811279296875,-0.7324218153953552,0.4882812201976776,0.4882812201976776,80.0,4731.0,1.0,O,F,O,0
178798.671875,178910.875,179131.625,179019.59375,179143.78125,179366.234375,179212.890625,179299.984375,-0.51416015625,-0.000244140625,-0.8115234375,-0.7324218153953552,0.4882812201976776,0.5493163466453552,80.0,4732.0,1.0,O,F,O,0
178437.828125,178549.5,178770.421875,178658.390625,178782.578125,179005.109375,178851.96875,178939.046875,-0.51171875,-0.000244140625,-0.81103515625,-0.7629393935203552,0.4577636420726776,0.5187987685203552,80.0,4733.0,1.0,O,F,O,0
179198.765625,179310.703125,179531.546875,179419.609375,179543.609375,179766.234375,179612.8125,179700.53125,-0.5126953125,0.001708984375,-0.81201171875,-0.7324218153953552,0.3967284858226776,0.4882812201976776,80.0,4734.0,1.0,O,F,O,0
179689.890625,179802.265625,180022.65625,179911.25,180034.640625,180257.796875,180104.015625,180191.640625,-0.513671875,0.0009765625,-0.81201171875,-0.8850097060203552,0.4272460639476776,0.4577636420726776,80.0,4735.0,1.0,O,F,O,0
179023.0,179134.84375,179355.40625,179244.015625,179367.03125,179590.375,179437.3125,179524.21875,-0.514404296875,-0.000244140625,-0.81298828125,-0.7629393935203552,0.3967284858226776,0.3967284858226776,80.0,4736.0,1.0,O,F,O,0
178479.671875,178591.703125,178812.4375,178700.6875,178824.328125,179046.953125,178893.796875,178980.890625,-0.513916015625,-0.00146484375,-0.81201171875,-0.7324218153953552,0.4272460639476776,0.3662109076976776,80.0,4737.0,1.0,O,F,O,0
179109.546875,179221.484375,179442.3125,179330.828125,179454.390625,179677.1875,179523.671875,179610.9375,-0.512939453125,0.0,-0.8115234375,-0.7019042372703552,0.4882812201976776,0.4577636420726776,80.0,4738.0,1.0,O,F,O,0
179761.953125,179873.796875,180094.890625,179983.40625,180106.703125,180329.5,180176.609375,180264.0625,-0.5126953125,0.00244140625,-0.811767578125,-0.8239745497703552,0.4272460639476776,0.4272460639476776,80.0,4739.0,1.0,O,F,O,0
179246.609375,179358.625,179579.375,179467.796875,179591.359375,179814.078125,179661.1875,179748.265625,-0.5146484375,0.001953125,-0.81201171875,-0.6713866591453552,0.3967284858226776,0.4272460639476776,80.0,4740.0,1.0,O,F,O,0
178560.3125,178672.171875,178892.90625,178781.234375,178904.984375,179127.6875,178974.546875,179061.53125,-0.515380859375,0.001708984375,-0.81103515625,-0.6713866591453552,0.4882812201976776,0.4272460639476776,80.0,4741.0,1.0,O,F,O,0
179019.6875,179131.71875,179352.546875,179240.703125,179364.359375,179587.25,179433.828125,179521.359375,-0.514404296875,0.001953125,-0.8095703125,-0.6713866591453552,0.4577636420726776,0.4577636420726776,80.0,4742.0,1.0,O,F,O,0
179798.15625,179910.359375,180131.203125,180019.171875,180143.0,180365.53125,180212.375,180300.265625,-0.5146484375,0.00048828125,-0.810546875,-0.7324218153953552,0.5493163466453552,0.5187987685203552,80.0,4743.0,1.0,O,F,O,0
179468.6875,179580.453125,179801.109375,179689.53125,179813.359375,180035.796875,179882.28125,179970.265625,-0.515625,-0.000244140625,-0.810791015625,-0.6408690810203552,0.5493163466453552,0.4272460639476776,80.0,4744.0,1.0,O,F,O,0
178680.484375,178792.15625,179012.8125,178901.046875,179024.875,179247.5,179094.171875,179181.515625,-0.515869140625,-0.00048828125,-0.81201171875,-0.5493163466453552,0.5187987685203552,0.3967284858226776,80.0,4745.0,1.0,O,F,O,0
178942.796875,179054.640625,179275.578125,179163.640625,179287.28125,179510.265625,179356.9375,179444.28125,-0.5146484375,-0.0009765625,-0.813232421875,-0.6713866591453552,0.5493163466453552,0.4577636420726776,80.0,4746.0,1.0,O,F,O,0
179796.375,179908.578125,180129.671875,180017.828125,180141.125,180364.1875,180210.859375,180298.296875,-0.513916015625,0.000732421875,-0.8115234375,-0.7019042372703552,0.4882812201976776,0.5493163466453552,80.0,4747.0,1.0,O,F,O,0
179677.90625,179790.109375,180011.296875,179899.28125,180022.5625,180245.734375,180092.578125,180179.65625,-0.514892578125,-0.00048828125,-0.811279296875,-0.7629393935203552,0.5187987685203552,0.3356933295726776,80.0,4748.0,1.0,O,F,O,0
178843.109375,178955.140625,179176.328125,179064.578125,179187.78125,179411.109375,179257.6875,179344.859375,-0.513427734375,0.000732421875,-0.8095703125,-0.7019042372703552,0.4882812201976776,0.3662109076976776,80.0,4749.0,1.0,O,F,O,0
178887.1875,178999.125,179220.140625,179108.46875,179231.859375,179454.828125,179301.40625,179388.671875,-0.513916015625,-0.000732421875,-0.812255859375,-0.7324218153953552,0.4882812201976776,0.3967284858226776,80.0,4750.0,1.0,O,F,O,0
179759.796875,179872.1875,180092.84375,179981.078125,180104.375,180327.453125,180173.9375,180261.375,-0.514892578125,-0.00048828125,-0.810791015625,-0.6713866591453552,0.3967284858226776,0.3662109076976776,80.0,4751.0,1.0,O,F,I,0
179860.109375,179972.328125,180193.15625,180081.671875,180204.875,180427.578125,180273.890625,180361.953125,-0.512451171875,-0.00048828125,-0.8125,-0.8239745497703552,0.3967284858226776,0.3967284858226776,80.0,4752.0,1.0,O,F,I,0
179031.484375,179143.96875,179364.71875,179253.046875,179376.875,179599.3125,179445.625,179533.328125,-0.513916015625,0.001708984375,-0.812744140625,-0.7934569716453552,0.4577636420726776,0.3662109076976776,80.0,4753.0,1.0,O,F,I,0
178857.953125,178970.15625,179191.171875,179079.40625,179203.234375,179425.59375,179272.171875,179359.703125,-0.513671875,-0.00048828125,-0.812744140625,-0.7934569716453552,0.4882812201976776,0.3967284858226776,80.0,4754.0,1.0,O,F,I,0
179697.65625,179809.875,180030.609375,179918.671875,180042.5,180265.21875,180111.34375,180199.6875,-0.51416015625,-0.00048828125,-0.812744140625,-0.7934569716453552,0.4882812201976776,0.3967284858226776,80.0,4755.0,1.0,O,F,I,0
180009.6875,180121.90625,180342.90625,180230.703125,180354.359375,180577.34375,180423.640625,180511.796875,-0.511474609375,0.00146484375,-0.811279296875,-0.7019042372703552,0.5187987685203552,0.3967284858226776,80.0,4756.0,1.0,O,F,I,0
179240.796875,179352.90625,179573.828125,179461.984375,179585.453125,179808.078125,179654.75,179742.359375,-0.51318359375,-0.000244140625,-0.8095703125,-0.6713866591453552,0.4882812201976776,0.4577636420726776,80.0,4757.0,1.0,O,F,I,0
178865.1875,178977.75,179198.5,179086.484375,179210.578125,179432.75,179279.59375,179366.859375,-0.513916015625,-0.0009765625,-0.814208984375,-0.6408690810203552,0.5187987685203552,0.3356933295726776,80.0,4758.0,1.0,O,F,I,0
179618.890625,179731.375,179952.03125,179840.53125,179963.828125,180186.71875,180033.65625,180120.921875,-0.513916015625,0.0,-0.813720703125,-0.6103515028953552,0.5187987685203552,0.3662109076976776,80.0,4759.0,1.0,O,F,I,0
180122.34375,180235.0,180455.75,180344.25,180467.640625,180690.34375,180537.109375,180624.71875,-0.513427734375,0.00048828125,-0.81494140625,-0.7629393935203552,0.4272460639476776,0.3967284858226776,80.0,4760.0,1.0,O,F,I,0
179468.328125,179580.890625,179801.375,179689.96875,179813.71875,180036.34375,179882.734375,179970.078125,-0.513916015625,0.002685546875,-0.81298828125,-0.7629393935203552,0.4577636420726776,0.4272460639476776,80.0,4761.0,1.0,O,F,I,0
178912.140625,179024.34375,179245.0,179133.328125,179257.25,179479.59375,179326.71875,179413.703125,-0.513916015625,0.001220703125,-0.812255859375,-0.7324218153953552,0.4272460639476776,0.4577636420726776,80.0,4762.0,1.0,O,F,I,0
179526.1875,179638.5625,179859.40625,179747.28125,179871.296875,180093.921875,179940.578125,180028.203125,-0.5146484375,0.00146484375,-0.811767578125,-0.6713866591453552,0.4577636420726776,0.5187987685203552,80.0,4763.0,1.0,O,F,I,0
180190.46875,180302.859375,180523.6875,180411.484375,180535.40625,180758.390625,180604.515625,180692.5,-0.513671875,0.001220703125,-0.81005859375,-0.7629393935203552,0.5187987685203552,0.4577636420726776,80.0,4764.0,1.0,O,F,I,0
179690.0625,179802.625,180023.1875,179911.171875,180035.078125,180257.796875,180104.375,180192.265625,-0.512939453125,0.000732421875,-0.812744140625,-0.7629393935203552,0.4577636420726776,0.4882812201976776,80.0,4765.0,1.0,O,F,I,0
178994.390625,179106.5,179327.15625,179215.40625,179339.140625,179561.578125,179408.609375,179496.234375,-0.515625,0.00146484375,-0.81298828125,-0.7019042372703552,0.4882812201976776,0.4272460639476776,80.0,4766.0,1.0,O,F,I,0
179439.28125,179551.296875,179772.234375,179660.296875,179784.296875,180006.75,179853.40625,179941.03125,-0.513671875,0.0009765625,-0.811279296875,-0.6408690810203552,0.4882812201976776,0.4272460639476776,80.0,4767.0,1.0,O,F,I,0
180224.265625,180336.390625,180557.21875,180445.109375,180568.9375,180791.921875,180638.140625,180726.203125,-0.51220703125,0.003173828125,-0.811279296875,-0.7019042372703552,0.4577636420726776,0.3967284858226776,80.0,4768.0,1.0,O,F,I,0
179911.53125,180023.546875,180244.390625,180132.265625,180256.28125,180479.4375,180325.75,180413.453125,-0.5126953125,0.002685546875,-0.810791015625,-0.6713866591453552,0.5187987685203552,0.4577636420726776,80.0,4769.0,1.0,O,F,I,0
179119.109375,179231.40625,179451.96875,179340.125,179464.21875,179686.84375,179533.15625,179620.953125,-0.512939453125,0.0009765625,-0.8134765625,-0.7019042372703552,0.4272460639476776,0.4272460639476776,80.0,4770.0,1.0,O,F,I,0
179361.765625,179474.140625,179694.71875,179582.78125,179707.046875,179929.578125,179775.796875,179863.6875,-0.51318359375,0.000244140625,-0.814453125,-0.7324218153953552,0.4272460639476776,0.3967284858226776,80.0,4771.0,1.0,O,F,I,0
180219.359375,180331.375,180552.125,180440.1875,180564.109375,180786.8125,180633.125,180721.46875,-0.51416015625,0.00146484375,-0.8115234375,-0.6713866591453552,0.4272460639476776,0.4272460639476776,80.0,4772.0,1.0,O,F,I,0
180115.546875,180227.578125,180448.234375,180336.390625,180460.21875,180682.921875,180529.6875,180618.015625,-0.51513671875,0.0,-0.811279296875,-0.7019042372703552,0.3967284858226776,0.5187987685203552,80.0,4773.0,1.0,O,F,I,0
179276.015625,179388.5,179609.0625,179497.296875,179620.859375,179843.84375,179690.234375,179778.390625,-0.513427734375,0.0009765625,-0.811767578125,-0.7019042372703552,0.3356933295726776,0.4577636420726776,80.0,4774.0,1.0,O,F,I,0
179307.765625,179420.234375,179641.0625,179529.046875,179652.78125,179875.671875,179721.984375,179809.78125,-0.51416015625,0.001220703125,-0.810546875,-0.7324218153953552,0.3662109076976776,0.4882812201976776,80.0,4775.0,1.0,O,F,I,0
180181.890625,180294.546875,180514.9375,180403.078125,180526.828125,180749.53125,180595.9375,180684.265625,-0.513427734375,0.001953125,-0.810302734375,-0.7629393935203552,0.5187987685203552,0.5187987685203552,80.0,4776.0,1.0,O,F,I,0
180293.921875,180406.921875,180627.40625,180515.296875,180639.125,180861.828125,180708.234375,180796.46875,-0.515380859375,0.000732421875,-0.81201171875,-0.7934569716453552,0.4272460639476776,0.4577636420726776,80.0,4777.0,1.0,O,F,I,0
179467.53125,179580.09375,179801.109375,179688.90625,179812.90625,180035.171875,179882.015625,179969.734375,-0.513427734375,0.001953125,-0.81298828125,-0.6713866591453552,0.4882812201976776,0.4882812201976776,80.0,4778.0,1.0,O,F,I,0
179279.859375,179392.0625,179613.171875,179501.0625,179625.15625,179847.6875,179694.265625,179781.890625,-0.51416015625,0.00390625,-0.81591796875,-0.7019042372703552,0.4577636420726776,0.3662109076976776,80.0,4779.0,1.0,O,F,I,0
180115.640625,180228.03125,180448.40625,180336.65625,180460.484375,180683.546875,180529.78125,180617.75,-0.513916015625,0.001953125,-0.813720703125,-0.6408690810203552,0.4882812201976776,0.4272460639476776,80.0,4780.0,1.0,O,F,I,0
180441.703125,180554.09375,180774.21875,180662.90625,180786.46875,181009.625,180855.65625,180943.90625,-0.51513671875,0.000244140625,-0.813232421875,-0.7324218153953552,0.5493163466453552,0.4882812201976776,80.0,4781.0,1.0,O,F,I,0
179680.234375,179792.875,180013.09375,179901.78125,180025.515625,180248.234375,180094.8125,180182.421875,-0.515380859375,-0.00048828125,-0.8134765625,-0.6408690810203552,0.4272460639476776,0.4882812201976776,80.0,4782.0,1.0,O,F,I,0
179290.234375,179402.4375,179623.015625,179511.515625,179635.25,179857.609375,179704.453125,179791.890625,-0.515380859375,0.000244140625,-0.813720703125,-0.6713866591453552,0.5493163466453552,0.4272460639476776,80.0,4783.0,1.0,O,F,I,0
180032.9375,180145.234375,180365.890625,180253.859375,180377.953125,180600.859375,180447.078125,180535.3125,-0.5126953125,0.002197265625,-0.81396484375,-0.7019042372703552,0.6103515028953552,0.3967284858226776,80.0,4784.0,1.0,O,F,I,0
180550.609375,180662.90625,180883.640625,180771.703125,180895.53125,181118.421875,180964.734375,181053.078125,-0.5126953125,-0.00048828125,-0.809814453125,-0.7019042372703552,0.5798339247703552,0.4882812201976776,80.0,4785.0,1.0,O,F,I,0
179905.53125,180017.734375,180238.578125,180127.0,180250.5625,180473.265625,180319.84375,180407.640625,-0.513671875,0.000244140625,-0.808349609375,-0.5493163466453552,0.5493163466453552,0.4882812201976776,80.0,4786.0,1.0,O,F,I,0
179337.796875,179449.640625,179670.578125,179558.90625,179682.203125,179905.09375,179751.671875,179839.28125,-0.513671875,0.002197265625,-0.8134765625,-0.6408690810203552,0.5187987685203552,0.4882812201976776,80.0,4787.0,1.0,O,F,I,0
179943.171875,180055.109375,180275.671875,180164.09375,180287.390625,180510.546875,180356.765625,180444.75,-0.5126953125,0.001953125,-0.811279296875,-0.7629393935203552,0.5493163466453552,0.3967284858226776,80.0,4788.0,1.0,O,F,I,0
180621.140625,180733.359375,180953.828125,180842.078125,180965.546875,181188.609375,181034.828125,181123.078125,-0.513916015625,0.002197265625,-0.8115234375,-0.7629393935203552,0.5187987685203552,0.4272460639476776,80.0,4789.0,1.0,O,F,I,0
180132.1875,180244.296875,180465.046875,180353.375,180476.75,180699.921875,180546.046875,180634.375,-0.513671875,0.00146484375,-0.811279296875,-0.7324218153953552,0.5798339247703552,0.3967284858226776,80.0,4790.0,1.0,O,F,I,0
179423.984375,179536.1875,179756.765625,179645.1875,179768.65625,179991.90625,179838.203125,179926.015625,-0.513427734375,0.000732421875,-0.808349609375,-0.7019042372703552,0.5187987685203552,0.4272460639476776,80.0,4791.0,1.0,O,F,I,0
179851.359375,179963.5625,180183.859375,180072.1875,180196.015625,180418.734375,180265.125,180353.109375,-0.513427734375,0.000244140625,-0.813232421875,-0.7324218153953552,0.4272460639476776,0.4272460639476776,80.0,4792.0,1.0,O,F,I,0
180644.9375,180757.046875,180977.796875,180865.9375,180989.765625,181212.65625,181058.53125,181147.125,-0.513671875,-0.001220703125,-0.814453125,-0.6713866591453552,0.4577636420726776,0.4272460639476776,80.0,4793.0,1.0,O,F,I,0
180352.296875,180464.78125,180685.4375,180573.5,180697.40625,180920.21875,180766.4375,180854.671875,-0.5126953125,-0.00048828125,-0.81201171875,-0.7324218153953552,0.4577636420726776,0.4272460639476776,80.0,4794.0,1.0,O,F,I,0
179553.09375,179665.5625,179886.21875,179774.109375,179897.9375,180120.921875,179967.21875,180055.296875,-0.5126953125,0.0009765625,-0.8125,-0.7019042372703552,0.4577636420726776,0.4882812201976776,80.0,4795.0,1.0,O,F,I,0
179778.21875,179890.15625,180110.8125,179999.140625,180122.796875,180345.59375,180191.8125,180279.96875,-0.5126953125,0.00048828125,-0.810302734375,-0.7934569716453552,0.5187987685203552,0.3662109076976776,80.0,4796.0,1.0,O,F,I,0
180638.140625,180749.984375,180970.453125,180858.609375,180982.796875,181205.15625,181051.46875,181139.625,-0.513916015625,0.000244140625,-0.810546875,-0.8239745497703552,0.4577636420726776,0.3967284858226776,80.0,4797.0,1.0,O,F,I,0
180553.640625,180665.765625,180886.0625,180774.390625,180898.125,181120.9375,180967.328125,181055.21875,-0.51416015625,0.0,-0.81201171875,-0.7629393935203552,0.4577636420726776,0.4577636420726776,80.0,4798.0,1.0,O,F,I,0
179714.03125,179826.046875,180046.625,179934.765625,180058.328125,180281.21875,180127.53125,180215.234375,-0.51416015625,0.000244140625,-0.81103515625,-0.7934569716453552,0.4577636420726776,0.4577636420726776,80.0,4799.0,1.0,O,F,I,0
179725.296875,179837.140625,180058.328125,179946.03125,180069.59375,180292.21875,180138.796875,180226.6875,-0.510986328125,0.0009765625,-0.811767578125,-0.6713866591453552,0.5798339247703552,0.3662109076976776,80.0,4800.0,1.0,O,F,I,0
180596.921875,180708.765625,180929.6875,180817.75,180941.40625,181164.109375,181010.609375,181098.671875,-0.51220703125,0.001708984375,-0.812744140625,-0.7324218153953552,0.4882812201976776,0.3967284858226776,80.0,4801.0,1.0,O,F,I,0
180729.0625,180841.09375,181061.75,180949.8125,181073.640625,181296.625,181142.84375,181230.90625,-0.51416015625,0.001708984375,-0.814208984375,-0.7324218153953552,0.5493163466453552,0.4272460639476776,80.0,4802.0,1.0,O,F,I,0
179903.828125,180015.953125,180236.96875,180125.03125,180248.859375,180471.484375,180317.875,180405.765625,-0.514892578125,-0.0009765625,-0.8115234375,-0.7324218153953552,0.5493163466453552,0.4882812201976776,80.0,4803.0,1.0,O,F,I,0
179697.484375,179809.59375,180030.53125,179918.5,180042.328125,180264.953125,180111.171875,180199.140625,-0.5146484375,-0.00048828125,-0.814208984375,-0.7019042372703552,0.4577636420726776,0.4577636420726776,80.0,4804.0,1.0,O,F,I,0
180526.46875,180638.9375,180859.421875,180747.390625,180871.390625,181093.9375,180940.234375,181028.21875,-0.513427734375,0.000244140625,-0.8095703125,-0.7019042372703552,0.4577636420726776,0.4577636420726776,80.0,4805.0,1.0,O,F,I,0
180868.984375,180981.546875,181201.9375,181090.09375,181213.921875,181436.8125,181283.109375,181370.921875,-0.512939453125,-0.001220703125,-0.809814453125,-0.6713866591453552,0.5187987685203552,0.4882812201976776,80.0,4806.0,1.0,O,F,I,0
180115.375,180227.75,180448.6875,180336.828125,180460.21875,180682.84375,180529.328125,180617.03125,-0.514404296875,-0.00048828125,-0.809814453125,-0.7324218153953552,0.5187987685203552,0.5187987685203552,80.0,4807.0,1.0,O,F,I,0
179710.53125,179822.921875,180043.75,179931.640625,180055.375,180278.09375,180124.484375,180211.9375,-0.51318359375,0.000732421875,-0.8076171875,-0.7019042372703552,0.4272460639476776,0.4272460639476776,80.0,4808.0,1.0,O,F,I,0
180445.015625,180557.578125,180778.140625,180665.9375,180790.03125,181012.75,180859.234375,180946.953125,-0.51318359375,0.002685546875,-0.810302734375,-0.7019042372703552,0.5187987685203552,0.4272460639476776,80.0,4809.0,1.0,O,F,I,0
180976.453125,181088.828125,181309.40625,181197.375,181321.203125,181544.359375,181390.3125,181478.375,-0.514892578125,-0.000244140625,-0.812255859375,-0.6713866591453552,0.5493163466453552,0.4577636420726776,80.0,4810.0,1.0,O,F,I,0
180341.125,180453.59375,180674.171875,180562.140625,180686.0625,180908.765625,180755.078125,180842.96875,-0.514404296875,0.0009765625,-0.81396484375,-0.7629393935203552,0.4882812201976776,0.3967284858226776,80.0,4811.0,1.0,O,F,I,0
179761.59375,179873.890625,180094.71875,179983.046875,180106.703125,180329.328125,180175.71875,180263.515625,-0.513671875,-0.000732421875,-0.81298828125,-0.8544921278953552,0.5187987685203552,0.3662109076976776,80.0,4812.0,1.0,O,F,I,0
180354.359375,180466.296875,180687.125,180575.546875,180698.9375,180921.640625,180768.21875,180856.28125,-0.51171875,-0.000244140625,-0.811279296875,-0.8544921278953552,0.5187987685203552,0.3967284858226776,80.0,4813.0,1.0,O,F,I,0
181041.265625,181153.828125,181374.3125,181262.28125,181386.109375,181609.1875,181455.671875,181543.46875,-0.511962890625,0.0009765625,-0.81103515625,-0.8239745497703552,0.5187987685203552,0.5187987685203552,80.0,4814.0,1.0,O,F,I,0
180566.25,180678.8125,180899.65625,180787.71875,180911.09375,181134.34375,180980.5625,181068.546875,-0.51123046875,0.00048828125,-0.80859375,-0.7629393935203552,0.4882812201976776,0.3662109076976776,80.0,4815.0,1.0,O,F,I,0
179850.640625,179962.75,180183.59375,180071.921875,180195.5625,180418.28125,180264.6875,180352.5625,-0.513427734375,0.0009765625,-0.812744140625,-0.7629393935203552,0.4882812201976776,0.3662109076976776,80.0,4816.0,1.0,O,F,I,0
180265.390625,180377.78125,180598.703125,180487.125,180610.515625,180833.40625,180679.625,180767.59375,-0.514892578125,0.001708984375,-0.812744140625,-0.6408690810203552,0.5187987685203552,0.3662109076976776,80.0,4817.0,1.0,O,F,I,0
181065.234375,181178.25,181398.8125,181287.046875,181410.796875,181634.046875,181479.71875,181568.421875,-0.51416015625,0.0009765625,-0.811767578125,-0.7324218153953552,0.5493163466453552,0.3967284858226776,80.0,4818.0,1.0,O,F,I,0
180787.0,180900.015625,181120.390625,181008.640625,181132.203125,181355.359375,181201.75,181289.734375,-0.51318359375,0.000244140625,-0.8154296875,-0.7019042372703552,0.4272460639476776,0.4272460639476776,80.0,4819.0,1.0,O,F,I,0
179982.875,180095.53125,180315.90625,180204.15625,180327.984375,180550.96875,180397.71875,180485.0625,-0.512451171875,0.000244140625,-0.81494140625,-0.8544921278953552,0.4272460639476776,0.4577636420726776,80.0,4820.0,1.0,O,F,I,0
180192.4375,180304.375,180525.296875,180413.359375,180537.640625,180760.265625,180606.578125,180694.46875,-0.513427734375,0.0009765625,-0.814453125,-0.8239745497703552,0.4272460639476776,0.4577636420726776,80.0,4821.0,1.0,O,F,I,0
181054.6875,181166.4375,181387.453125,181275.25,181399.171875,181622.328125,181468.546875,181556.875,-0.514404296875,0.000244140625,-0.814697265625,-0.7629393935203552,0.4272460639476776,0.3967284858226776,80.0,4822.0,1.0,O,F,I,0
180988.078125,181100.09375,181320.75,181208.734375,181332.296875,181555.359375,181402.03125,181490.265625,-0.51220703125,-0.000244140625,-0.812255859375,-0.7934569716453552,0.4577636420726776,0.4577636420726776,80.0,4823.0,1.0,O,F,I,0
180150.515625,180262.53125,180483.1875,180371.34375,180494.71875,180717.4375,180564.734375,180652.4375,-0.511474609375,0.000244140625,-0.81298828125,-0.7629393935203552,0.4882812201976776,0.3967284858226776,80.0,4824.0,1.0,O,F,I,0
180144.609375,180256.90625,180477.46875,180365.796875,180489.265625,180711.890625,180558.828125,180646.53125,-0.5126953125,0.001220703125,-0.8115234375,-0.7629393935203552,0.4577636420726776,0.4272460639476776,80.0,4825.0,1.0,O,F,I,0
181013.5625,181126.03125,181346.5,181234.84375,181358.390625,181581.203125,181427.78125,181515.75,-0.51220703125,0.001953125,-0.813232421875,-0.7629393935203552,0.4272460639476776,0.4577636420726776,80.0,4826.0,1.0,O,F,I,0
181162.234375,181274.359375,181495.1875,181383.515625,181506.984375,181730.328125,181576.375,181664.53125,-0.513427734375,0.000732421875,-0.810546875,-0.7019042372703552,0.3967284858226776,0.4882812201976776,80.0,4827.0,1.0,O,F,I,0
180341.75,180453.78125,180674.609375,180563.03125,180686.5,180909.3125,180755.703125,180843.6875,-0.512939453125,0.00048828125,-0.811767578125,-0.7934569716453552,0.5187987685203552,0.3662109076976776,80.0,4828.0,1.0,O,F,I,0
180120.109375,180232.40625,180453.0625,180341.21875,180464.953125,180687.390625,180534.15625,180621.859375,-0.51220703125,-0.0009765625,-0.810546875,-0.7019042372703552,0.4882812201976776,0.3662109076976776,80.0,4829.0,1.0,O,F,I,0
180942.390625,181055.046875,181275.609375,181163.671875,181287.671875,181510.203125,181356.78125,181444.9375,-0.513916015625,0.0009765625,-0.812255859375,-0.7324218153953552,0.5187987685203552,0.4882812201976776,80.0,4830.0,1.0,O,F,I,0
181297.953125,181410.25,181631.0,181518.96875,181642.796875,181865.6875,181712.1875,181800.25,-0.513671875,0.0029296875,-0.81396484375,-0.8239745497703552,0.5187987685203552,0.3662109076976776,80.0,4831.0,1.0,O,F,I,0
180552.578125,180665.046875,180885.609375,180773.671875,180897.6875,181120.125,180966.703125,181054.765625,-0.51318359375,0.000244140625,-0.8115234375,-0.7019042372703552,0.4882812201976776,0.4577636420726776,80.0,4832.0,1.0,O,F,I,0
180133.25,180245.90625,180466.5625,180354.359375,180478.546875,180701.25,180547.46875,180635.71875,-0.513916015625,-0.00048828125,-0.810302734375,-0.7019042372703552,0.5493163466453552,0.4577636420726776,80.0,4833.0,1.0,O,F,I,0
180858.703125,180971.171875,181192.09375,181080.078125,181203.90625,181426.890625,181272.921875,181361.265625,-0.51318359375,0.0,-0.8125,-0.7324218153953552,0.5493163466453552,0.4882812201976776,80.0,4834.0,1.0,O,F,I,0
181404.4375,181516.734375,181737.484375,181625.71875,181749.015625,181972.359375,181818.3125,181906.546875,-0.51416015625,0.000244140625,-0.81005859375,-0.7019042372703552,0.4577636420726776,0.4577636420726776,80.0,4835.0,1.0,O,F,I,0
180780.296875,180892.59375,181112.96875,181001.390625,181124.953125,181348.109375,181194.328125,181282.21875,-0.513427734375,0.00244140625,-0.809814453125,-0.7019042372703552,0.4882812201976776,0.4882812201976776,80.0,4836.0,1.0,O,F,I,0
180188.421875,180300.53125,180521.28125,180409.34375,180533.171875,180755.703125,180602.28125,180690.078125,-0.51220703125,0.000244140625,-0.812255859375,-0.7629393935203552,0.5187987685203552,0.4882812201976776,80.0,4837.0,1.0,O,F,I,0
180767.421875,180879.890625,181100.8125,180988.875,181112.53125,181335.0625,181181.8125,181269.609375,-0.51318359375,0.0,-0.8125,-0.7629393935203552,0.5187987685203552,0.4882812201976776,80.0,4838.0,1.0,O,F,I,0
181463.984375,181576.640625,181797.125,181685.359375,181808.734375,182031.90625,181878.390625,181966.71875,-0.51513671875,0.00146484375,-0.809814453125,-0.7629393935203552,0.5187987685203552,0.5187987685203552,80.0,4839.0,1.0,O,F,I,0
181004.796875,181117.453125,181338.28125,181226.34375,181349.71875,181572.796875,181419.015625,181507.4375,-0.51416015625,0.000244140625,-0.810791015625,-0.8239745497703552,0.4882812201976776,0.4882812201976776,80.0,4840.0,1.0,O,F,I,0
180280.5,180392.796875,180613.8125,180502.0625,180625.34375,180848.0625,180694.734375,180782.53125,-0.513427734375,0.00244140625,-0.8115234375,-0.8239745497703552,0.4882812201976776,0.4882812201976776,80.0,4841.0,1.0,O,F,I,0
180679.34375,180791.828125,181013.015625,180900.984375,181024.640625,181247.4375,181094.015625,181181.375,-0.514892578125,0.00244140625,-0.808837890625,-0.7019042372703552,0.4882812201976776,0.4577636420726776,80.0,4842.0,1.0,O,F,I,0
181485.625,181597.921875,181818.75,181706.90625,181830.46875,182053.71875,181899.9375,181987.828125,-0.512451171875,0.003173828125,-0.809326171875,-0.6103515028953552,0.5493163466453552,0.4577636420726776,80.0,4843.0,1.0,O,F,I,0
181223.390625,181335.15625,181555.984375,181444.578125,181568.234375,181790.953125,181637.34375,181725.328125,-0.513427734375,0.003173828125,-0.810546875,-0.7324218153953552,0.5493163466453552,0.4577636420726776,80.0,4844.0,1.0,O,F,I,0
180412.734375,180525.03125,180745.875,180634.375,180757.9375,180980.65625,180826.96875,180914.765625,-0.513671875,0.002685546875,-0.815673828125,-0.8239745497703552,0.4882812201976776,0.4577636420726776,80.0,4845.0,1.0,O,F,I,0
180602.015625,180713.765625,180935.0625,180823.203125,180947.03125,181169.5625,181016.0625,181103.765625,-0.513916015625,0.001708984375,-0.8154296875,-0.6713866591453552,0.4882812201976776,0.5798339247703552,80.0,4846.0,1.0,O,F,I,0
181469.0,181581.109375,181802.21875,181690.28125,181814.109375,182036.734375,181882.953125,181971.1875,-0.515380859375,0.001220703125,-0.81494140625,-0.7629393935203552,0.5493163466453552,0.4882812201976776,80.0,4847.0,1.0,O,F,I,0
181419.546875,181532.109375,181752.40625,181640.828125,181764.65625,181987.46875,181833.328125,181922.015625,-0.512939453125,0.0009765625,-0.814208984375,-0.7324218153953552,0.5493163466453552,0.4577636420726776,80.0,4848.0,1.0,O,F,I,0
180578.671875,180691.0625,180911.265625,180799.6875,180923.703125,181146.5,180992.71875,181080.703125,-0.513916015625,0.001708984375,-0.811767578125,-0.7629393935203552,0.5187987685203552,0.4577636420726776,80.0,4849.0,1.0,O,F,I,0
180554.546875,180667.1875,180887.671875,180775.734375,180899.375,181122.28125,180968.84375,181056.65625,-0.516845703125,0.001953125,-0.812255859375,-0.7019042372703552,0.3967284858226776,0.4577636420726776,80.0,4850.0,1.0,O,F,I,0
181423.75,181536.234375,181757.0625,181644.953125,181768.328125,181991.75,181837.96875,181926.125,-0.513671875,0.0,-0.81005859375,-0.8239745497703552,0.4882812201976776,0.3967284858226776,80.0,4851.0,1.0,O,F,I,0
181589.6875,181702.078125,181922.90625,181810.796875,181934.796875,182157.875,182003.921875,182092.15625,-0.512939453125,0.001953125,-0.810546875,-0.7324218153953552,0.5187987685203552,0.4272460639476776,80.0,4852.0,1.0,O,F,I,0
180774.484375,180886.953125,181107.609375,180995.859375,181119.59375,181342.65625,181188.4375,181276.953125,-0.514404296875,0.00048828125,-0.80908203125,-0.7019042372703552,0.4577636420726776,0.4272460639476776,80.0,4853.0,1.0,O,F,I,0
180534.59375,180646.984375,180867.90625,180756.421875,180879.71875,181102.6875,180948.90625,181036.890625,-0.51416015625,0.00048828125,-0.809326171875,-0.7629393935203552,0.4882812201976776,0.3662109076976776,80.0,4854.0,1.0,O,F,I,0
181351.25,181463.8125,181684.46875,181572.796875,181696.265625,181918.984375,181765.203125,181853.53125,-0.514404296875,0.00146484375,-0.8125,-0.7934569716453552,0.4577636420726776,0.4272460639476776,80.0,4855.0,1.0,O,F,I,0
181723.984375,181836.640625,182057.5625,181945.53125,182069.453125,182292.15625,182138.203125,182226.71875,-0.511474609375,-0.001220703125,-0.8134765625,-0.7324218153953552,0.4577636420726776,0.4272460639476776,80.0,4856.0,1.0,O,F,I,0
180986.640625,181099.109375,181320.125,181208.1875,181332.015625,181554.828125,181401.140625,181489.375,-0.513916015625,0.00048828125,-0.812744140625,-0.6713866591453552,0.4577636420726776,0.5187987685203552,80.0,4857.0,1.0,O,F,I,0
180551.046875,180663.609375,180884.359375,180772.328125,180896.34375,181118.78125,180965.359375,181053.515625,-0.512451171875,0.000244140625,-0.8115234375,-0.6103515028953552,0.3967284858226776,0.5187987685203552,80.0,4858.0,1.0,O,F,I,0
181266.046875,181378.6875,181599.34375,181487.328125,181611.234375,181833.78125,181680.171875,181768.78125,-0.513427734375,0.0009765625,-0.810546875,-0.5798339247703552,0.4577636420726776,0.4272460639476776,80.0,4859.0,1.0,O,F,I,0
181823.9375,181936.40625,182157.0625,182045.40625,182168.875,182391.765625,182238.078125,182326.578125,-0.513427734375,-0.000244140625,-0.812255859375,-0.6103515028953552,0.5493163466453552,0.4577636420726776,80.0,4860.0,1.0,O,F,I,0
181211.5,181323.890625,181544.546875,181433.140625,181556.4375,181779.421875,181625.8125,181714.0625,-0.513916015625,0.00048828125,-0.8115234375,-0.6713866591453552,0.5187987685203552,0.4272460639476776,80.0,4861.0,1.0,O,F,I,0
180605.765625,180718.0625,180938.625,180827.140625,180950.609375,181173.5,181019.71875,181107.703125,-0.513427734375,0.000732421875,-0.81201171875,-0.7629393935203552,0.5187987685203552,0.4272460639476776,80.0,4862.0,1.0,O,F,I,0
181174.390625,181286.875,181507.4375,181395.5,181519.234375,181742.21875,181588.625,181676.6875,-0.51416015625,-0.00048828125,-0.812744140625,-0.7324218153953552,0.5187987685203552,0.5187987685203552,80.0,4863.0,1.0,O,F,I,0
181882.328125,181994.796875,182215.359375,182103.515625,182227.34375,182450.234375,182296.28125,182384.96875,-0.5126953125,0.0,-0.810546875,-0.7019042372703552,0.4882812201976776,0.4577636420726776,80.0,4864.0,1.0,O,F,I,0
181436.546875,181548.828125,181769.40625,181657.734375,181781.65625,182004.546875,181850.5,181939.09375,-0.513671875,0.001220703125,-0.81201171875,-0.8239745497703552,0.3967284858226776,0.4882812201976776,80.0,4865.0,1.0,O,F,I,0
180702.328125,180814.265625,181034.75,180922.984375,181046.8125,181270.0625,181116.1875,181204.53125,-0.513671875,0.000244140625,-0.812744140625,-0.8239745497703552,0.3662109076976776,0.3967284858226776,80.0,4866.0,1.0,O,F,I,0
181085.078125,181197.203125,181417.765625,181305.734375,181429.46875,181652.453125,181498.9375,181587.453125,-0.51416015625,0.000244140625,-0.8095703125,-0.7019042372703552,0.4577636420726776,0.4272460639476776,80.0,4867.0,1.0,O,F,I,0
181899.484375,182011.515625,182231.90625,182120.0625,182243.609375,182467.140625,182313.0,182401.953125,-0.51416015625,0.001220703125,-0.80859375,-0.7324218153953552,0.4882812201976776,0.3662109076976776,80.0,4868.0,1.0,O,F,I,0
181654.6875,181766.890625,181987.28125,181875.34375,181998.90625,182222.421875,182068.734375,182157.0625,-0.513671875,0.001953125,-0.81005859375,-0.7019042372703552,0.4577636420726776,0.4272460639476776,80.0,4869.0,1.0,O,F,I,0
180840.28125,180952.484375,181172.96875,181061.125,181184.671875,181407.921875,181254.59375,181342.21875,-0.513427734375,0.00048828125,-0.8115234375,-0.6408690810203552,0.4577636420726776,0.4882812201976776,80.0,4870.0,1.0,O,F,I,0
181012.390625,181124.421875,181345.34375,181233.40625,181357.328125,181580.3125,181426.890625,181514.59375,-0.51318359375,0.00146484375,-0.811767578125,-0.6713866591453552,0.4882812201976776,0.3967284858226776,80.0,4871.0,1.0,O,F,I,0
181880.171875,181992.203125,182212.859375,182100.828125,182224.65625,182448.0,182293.953125,182382.546875,-0.51318359375,0.001220703125,-0.8125,-0.7324218153953552,0.4882812201976776,0.3662109076976776,80.0,4872.0,1.0,O,F,I,0
181847.625,181959.65625,182180.40625,182068.640625,182192.03125,182415.359375,182261.59375,182349.828125,-0.51318359375,0.003173828125,-0.81103515625,-0.7019042372703552,0.4882812201976776,0.4577636420726776,80.0,4873.0,1.0,O,F,I,0
181007.65625,181119.59375,181340.515625,181228.84375,181352.140625,181575.390625,181421.515625,181510.03125,-0.512939453125,0.000244140625,-0.81201171875,-0.7629393935203552,0.4882812201976776,0.4577636420726776,80.0,4874.0,1.0,O,F,I,0
180965.71875,181077.5625,181298.671875,181186.734375,181310.296875,181533.71875,181379.40625,181467.921875,-0.5146484375,0.001708984375,-0.812744140625,-0.8239745497703552,0.4577636420726776,0.4577636420726776,80.0,4875.0,1.0,O,F,I,0
181831.984375,181944.1875,182165.03125,182052.734375,182176.65625,182400.34375,182245.9375,182334.453125,-0.5146484375,0.001220703125,-0.81787109375,-0.8239745497703552,0.3967284858226776,0.5493163466453552,80.0,4876.0,1.0,O,F,I,0
182015.984375,182128.28125,182349.03125,182237.0,182360.734375,182584.4375,182429.9375,182518.359375,-0.5126953125,0.003173828125,-0.815673828125,-0.7629393935203552,0.4882812201976776,0.4272460639476776,80.0,4877.0,1.0,O,F,I,0
181203.640625,181315.84375,181536.5,181424.734375,181548.390625,181771.8125,181617.671875,181706.09375,-0.513427734375,0.00048828125,-0.811279296875,-0.6713866591453552,0.4882812201976776,0.4577636420726776,80.0,4878.0,1.0,O,F,I,0
180946.40625,181058.890625,181279.453125,181167.875,181291.25,181514.765625,181360.90625,181449.0625,-0.51416015625,0.001708984375,-0.81103515625,-0.6713866591453552,0.4577636420726776,0.5187987685203552,80.0,4879.0,1.0,O,F,I,0
181757.15625,181869.265625,182089.84375,181978.25,182101.546875,182325.0625,182171.46875,182259.53125,-0.513427734375,0.002197265625,-0.80859375,-0.5798339247703552,0.4577636420726776,0.4882812201976776,80.0,4880.0,1.0,O,F,I,0
182150.09375,182262.296875,182482.875,182370.75,182494.40625,182718.015625,182564.140625,182652.296875,-0.513916015625,0.00146484375,-0.813232421875,-0.6103515028953552,0.3967284858226776,0.5187987685203552,80.0,4881.0,1.0,O,F,I,0
181420.71875,181532.921875,181753.390625,181641.546875,181765.015625,181988.453125,181834.765625,181922.5625,-0.514892578125,0.0,-0.813720703125,-0.6103515028953552,0.3967284858226776,0.4882812201976776,80.0,4882.0,1.0,O,F,I,0
180968.5,181080.34375,181300.90625,181189.328125,181312.796875,181535.875,181382.453125,181470.609375,-0.513427734375,0.000244140625,-0.813720703125,-0.7019042372703552,0.4882812201976776,0.4882812201976776,80.0,4883.0,1.0,O,F,I,0
181670.34375,181782.453125,182003.203125,181891.078125,182014.640625,182237.625,182084.203125,182173.078125,-0.512939453125,0.000732421875,-0.81005859375,-0.7629393935203552,0.4882812201976776,0.4882812201976776,80.0,4884.0,1.0,O,F,I,0
182244.515625,182356.984375,182577.46875,182465.4375,182588.640625,182812.421875,182658.28125,182747.25,-0.512939453125,0.0009765625,-0.8125,-0.7934569716453552,0.5187987685203552,0.4882812201976776,80.0,4885.0,1.0,O,F,I,0
181646.734375,181758.765625,181979.328125,181867.484375,181990.953125,182214.640625,182060.421875,182149.015625,-0.513671875,0.001953125,-0.811767578125,-0.8239745497703552,0.5493163466453552,0.4577636420726776,80.0,4886.0,1.0,O,F,I,0
181026.515625,181138.359375,181359.203125,181247.4375,181370.734375,181594.078125,181440.109375,181528.53125,-0.5126953125,0.002685546875,-0.810302734375,-0.7934569716453552,0.5798339247703552,0.4272460639476776,80.0,4887.0,1.0,O,F,I,0
181577.796875,181690.09375,181910.9375,181799.359375,181922.5625,182145.890625,181991.671875,182080.265625,-0.513427734375,0.001708984375,-0.809814453125,-0.7324218153953552,0.5187987685203552,0.3967284858226776,80.0,4888.0,1.0,O,F,I,0
182300.296875,182412.421875,182632.890625,182521.3125,182644.96875,182868.390625,182714.171875,182802.765625,-0.513671875,0.0009765625,-0.8095703125,-0.7629393935203552,0.4882812201976776,0.4577636420726776,80.0,4889.0,1.0,O,F,I,0
181872.390625,181984.78125,182205.265625,182093.234375,182216.96875,182440.40625,182286.0,182374.953125,-0.515380859375,0.003662109375,-0.81298828125,-0.6103515028953552,0.5187987685203552,0.4882812201976776,80.0,4890.0,1.0,O,F,I,0
181128.625,181241.453125,181461.65625,181350.0,181473.203125,181696.625,181542.578125,181631.453125,-0.514404296875,0.003173828125,-0.8115234375,-0.6713866591453552,0.5187987685203552,0.5493163466453552,80.0,4891.0,1.0,O,F,I,0
181494.03125,181606.765625,181827.0625,181715.21875,181838.609375,182062.03125,181907.984375,181996.9375,-0.51318359375,0.00146484375,-0.811279296875,-0.5798339247703552,0.5187987685203552,0.4577636420726776,80.0,4892.0,1.0,O,F,I,0
182314.96875,182427.96875,182648.453125,182536.421875,182659.890625,182883.5,182729.359375,182818.40625,-0.5146484375,0.000732421875,-0.81103515625,-0.5798339247703552,0.4882812201976776,0.4272460639476776,80.0,4893.0,1.0,O,F,I,0
182085.71875,182198.5625,182419.125,182307.0,182430.65625,182654.0,182500.21875,182588.734375,-0.514404296875,0.000244140625,-0.81298828125,-0.5798339247703552,0.5187987685203552,0.3967284858226776,80.0,4894.0,1.0,O,F,I,0
181265.59375,181378.0625,181598.71875,181486.609375,181610.4375,181833.59375,181680.0,181768.15625,-0.514404296875,0.0009765625,-0.81005859375,-0.7019042372703552,0.4577636420726776,0.3967284858226776,80.0,4895.0,1.0,O,F,I,0
181422.5,181534.890625,181755.453125,181643.515625,181767.171875,181990.59375,181836.1875,181924.96875,-0.5126953125,0.000732421875,-0.808837890625,-0.6713866591453552,0.3967284858226776,0.4272460639476776,80.0,4896.0,1.0,O,F,I,0
182293.953125,182406.15625,182626.640625,182514.78125,182638.4375,182861.953125,182707.546875,182796.234375,-0.512939453125,0.001220703125,-0.810791015625,-0.6408690810203552,0.5187987685203552,0.4272460639476776,80.0,4897.0,1.0,O,F,I,0
182279.109375,182391.140625,182611.890625,182499.671875,182623.421875,182846.9375,182692.703125,182781.484375,-0.514404296875,0.00146484375,-0.8125,-0.7324218153953552,0.4577636420726776,0.4272460639476776,80.0,4898.0,1.0,O,F,I,0
181438.328125,181550.625,181771.375,181659.15625,181782.8125,182005.96875,181852.1875,181940.96875,-0.51513671875,0.001953125,-0.8125,-0.7324218153953552,0.5187987685203552,0.3967284858226776,80.0,4899.0,1.0,O,F,I,0
181377.078125,181489.296875,181709.953125,181597.921875,181721.5625,181944.640625,181790.859375,181879.46875,-0.51416015625,0.000732421875,-0.813232421875,-0.7324218153953552,0.4577636420726776,0.3967284858226776,80.0,4900.0,1.0,O,F,I,0
182240.75,182352.953125,182573.34375,182461.671875,182585.421875,182808.75,182654.625,182743.484375,-0.51611328125,-0.00048828125,-0.814697265625,-0.7324218153953552,0.4577636420726776,0.3662109076976776,80.0,4901.0,1.0,O,F,I,0
182440.484375,182552.96875,182773.890625,182661.6875,182785.328125,183009.03125,182854.796875,182943.671875,-0.513916015625,-0.001220703125,-0.814208984375,-0.7324218153953552,0.4882812201976776,0.4882812201976776,80.0,4902.0,1.0,O,F,I,0
181633.0625,181745.171875,181966.359375,181853.890625,181977.546875,182201.140625,182046.921875,182135.796875,-0.51416015625,0.0,-0.8125,-0.7934569716453552,0.4882812201976776,0.3967284858226776,80.0,4903.0,1.0,O,F,I,0
181359.015625,181470.953125,181691.890625,181579.765625,181703.234375,181926.84375,181772.703125,181861.84375,-0.513916015625,0.00048828125,-0.810302734375,-0.8239745497703552,0.3967284858226776,0.4272460639476776,80.0,4904.0,1.0,O,F,I,0
182161.890625,182273.921875,182494.84375,182382.734375,182506.109375,182729.90625,182575.859375,182664.8125,-0.512939453125,0.000732421875,-0.810791015625,-0.7019042372703552,0.4882812201976776,0.4882812201976776,80.0,4905.0,1.0,O,F,I,0
182569.59375,182681.53125,182902.359375,182790.34375,182913.8125,183137.59375,182983.546875,183072.234375,-0.513427734375,0.0009765625,-0.813232421875,-0.7324218153953552,0.4882812201976776,0.4272460639476776,80.0,4906.0,1.0,O,F,I,0
181849.15625,181961.359375,182181.828125,182070.25,182194.0,182417.0625,182263.109375,182351.703125,-0.513916015625,0.001708984375,-0.815673828125,-0.7019042372703552,0.3662109076976776,0.4577636420726776,80.0,4907.0,1.0,O,F,I,0
181381.109375,181493.40625,181714.0625,181602.296875,181726.125,181949.109375,181794.96875,181883.578125,-0.512939453125,0.001220703125,-0.8134765625,-0.7019042372703552,0.3967284858226776,0.4882812201976776,80.0,4908.0,1.0,O,F,I,0
182073.109375,182185.765625,182406.421875,182294.125,182418.046875,182641.484375,182487.34375,182576.03125,-0.51416015625,0.0,-0.810791015625,-0.7324218153953552,0.4577636420726776,0.4272460639476776,80.0,4909.0,1.0,O,F,I,0
182662.390625,182775.234375,182995.796875,182883.328125,183007.515625,183231.109375,183076.703125,183165.484375,-0.515380859375,0.0,-0.8115234375,-0.7324218153953552,0.4577636420726776,0.4272460639476776,80.0,4910.0,1.0,O,F,I,0
182078.84375,182191.046875,182411.796875,182299.5,182423.6875,182647.015625,182492.796875,182581.484375,-0.514404296875,0.00048828125,-0.812744140625,-0.6713866591453552,0.4272460639476776,0.3967284858226776,80.0,4911.0,1.0,O,F,I,0
181446.375,181558.40625,181779.234375,181667.203125,181791.03125,182014.203125,181860.234375,181948.75,-0.514892578125,0.00146484375,-0.8115234375,-0.7629393935203552,0.4577636420726776,0.4272460639476776,80.0,4912.0,1.0,O,F,I,0
181982.546875,182094.75,182315.328125,182203.46875,182326.9375,182550.546875,182396.40625,182485.015625,-0.5126953125,0.0029296875,-0.810302734375,-0.8544921278953552,0.4272460639476776,0.4272460639476776,80.0,4913.0,1.0,O,F,I,0
182714.515625,182826.90625,183047.46875,182935.453125,183059.1875,183282.796875,183128.65625,183217.609375,-0.513671875,0.000732421875,-0.80908203125,-0.7934569716453552,0.4577636420726776,0.4577636420726776,80.0,4914.0,1.0,O,F,I,0
182303.515625,182415.71875,182636.46875,182524.890625,182648.265625,182871.609375,182717.734375,182806.515625,-0.51123046875,0.0009765625,-0.810791015625,-0.6408690810203552,0.4577636420726776,0.3967284858226776,80.0,4915.0,1.0,O,F,I,0
181551.15625,181663.453125,181884.015625,181772.703125,181895.90625,182119.25,181965.203125,182053.71875,-0.513671875,0.000244140625,-0.81298828125,-0.7629393935203552,0.3356933295726776,0.4577636420726776,80.0,4916.0,1.0,O,F,I,0
181899.046875,182011.609375,182231.90625,182120.234375,182243.796875,182467.140625,182313.0,182401.78125,-0.513671875,0.00146484375,-0.812744140625,-0.7629393935203552,0.3051757514476776,0.4272460639476776,80.0,4917.0,1.0,O,F,I,0
182726.59375,182839.328125,183059.546875,182947.703125,183070.984375,183294.59375,183140.453125,183229.421875,-0.51416015625,0.001953125,-0.810302734375,-0.7324218153953552,0.3662109076976776,0.3662109076976776,80.0,4918.0,1.0,O,F,I,0
182517.015625,182629.765625,182849.96875,182738.3125,182861.421875,183084.84375,182930.625,183019.765625,-0.513916015625,0.001220703125,-0.8115234375,-0.6713866591453552,0.3662109076976776,0.3662109076976776,80.0,4919.0,1.0,O,F,I,0
181692.515625,181805.078125,182025.46875,181913.796875,182037.359375,182260.609375,182106.5625,182195.6875,-0.513671875,0.00146484375,-0.810302734375,-0.6408690810203552,0.4272460639476776,0.3967284858226776,80.0,4920.0,1.0,O,F,I,0
181827.96875,181940.4375,182161.0,182049.25,182172.890625,182395.96875,182241.921875,182331.140625,-0.512939453125,0.000732421875,-0.810302734375,-0.6713866591453552,0.4577636420726776,0.4272460639476776,80.0,4921.0,1.0,O,F,I,0
182700.125,182812.609375,183032.71875,182921.234375,183044.96875,183268.046875,183114.078125,183202.953125,-0.513671875,0.002197265625,-0.811767578125,-0.7019042372703552,0.4577636420726776,0.4272460639476776,80.0,4922.0,1.0,O,F,I,0
182706.390625,182819.046875,183038.984375,182927.40625,183051.3125,183274.75,183120.515625,183209.296875,-0.513671875,0.001220703125,-0.811767578125,-0.6713866591453552,0.4882812201976776,0.4272460639476776,80.0,4923.0,1.0,O,F,I,0
181866.859375,181979.5,182199.453125,182087.875,182211.78125,182434.765625,182280.546875,182369.59375,-0.514404296875,0.001953125,-0.812744140625,-0.6713866591453552,0.4882812201976776,0.4882812201976776,80.0,4924.0,1.0,O,F,I,0
181785.9375,181898.421875,182118.796875,182006.953125,182130.609375,182353.59375,182199.71875,182288.59375,-0.51416015625,0.001953125,-0.812744140625,-0.7934569716453552,0.3967284858226776,0.4577636420726776,80.0,4925.0,1.0,O,F,I,0
182646.9375,182759.140625,182979.796875,182867.765625,182991.328125,183214.84375,183060.609375,183149.84375,-0.51220703125,0.001708984375,-0.809814453125,-0.7324218153953552,0.3356933295726776,0.4882812201976776,80.0,4926.0,1.0,O,F,I,0
182867.9375,182980.328125,183200.984375,183089.046875,183212.703125,183436.390625,183281.90625,183371.21875,-0.513427734375,0.0029296875,-0.808837890625,-0.8239745497703552,0.4577636420726776,0.4577636420726776,80.0,4927.0,1.0,O,F,I,0
182066.234375,182178.34375,182398.921875,182287.0625,182411.078125,182634.234375,182480.359375,182568.515625,-0.513916015625,0.0029296875,-0.8095703125,-0.7324218153953552,0.4272460639476776,0.4577636420726776,80.0,4928.0,1.0,O,F,I,0
181774.59375,181887.0625,182107.53125,181995.328125,182119.34375,182342.765625,182188.625,182276.96875,-0.513427734375,0.00048828125,-0.8115234375,-0.7324218153953552,0.5187987685203552,0.4882812201976776,80.0,4929.0,1.0,O,F,I,0
182569.859375,182682.875,182902.90625,182790.875,182914.703125,183138.3125,182983.90625,183072.78125,-0.513671875,0.0009765625,-0.814453125,-0.8239745497703552,0.5187987685203552,0.6103515028953552,80.0,4930.0,1.0,O,F,I,0
182997.3125,183109.796875,183330.09375,183218.15625,183341.890625,183565.59375,183410.90625,183500.140625,-0.513916015625,0.00146484375,-0.811767578125,-0.7019042372703552,0.5798339247703552,0.5187987685203552,80.0,4931.0,1.0,O,F,I,0
182288.9375,182400.96875,182621.71875,182509.515625,182633.078125,182856.859375,182702.359375,182791.328125,-0.513916015625,0.000732421875,-0.81005859375,-0.7324218153953552,0.4577636420726776,0.4577636420726776,80.0,4932.0,1.0,O,F,I,0
181802.125,181914.421875,182134.890625,182023.046875,182146.4375,182369.765625,182215.984375,182304.5,-0.513427734375,0.0009765625,-0.81005859375,-0.6713866591453552,0.3662109076976776,0.4577636420726776,80.0,4933.0,1.0,O,F,I,0
182479.46875,182591.953125,182812.515625,182700.578125,182823.875,183047.65625,182893.421875,182982.296875,-0.511474609375,0.001708984375,-0.810791015625,-0.6713866591453552,0.3662109076976776,0.3967284858226776,80.0,4934.0,1.0,O,F,I,0
183081.71875,183194.546875,183414.671875,183302.734375,183425.9375,183649.8125,183495.578125,183584.984375,-0.513671875,0.000244140625,-0.8125,-0.7019042372703552,0.4577636420726776,0.3967284858226776,80.0,4935.0,1.0,O,F,I,0
182512.1875,182624.765625,182844.96875,182732.9375,182856.59375,183079.921875,182926.15625,183015.203125,-0.513427734375,0.001220703125,-0.813720703125,-0.7324218153953552,0.4882812201976776,0.4882812201976776,80.0,4936.0,1.0,O,F,I,0
181868.640625,181980.9375,182201.59375,182089.484375,182213.125,182436.5625,182282.515625,182371.375,-0.514892578125,0.00048828125,-0.81494140625,-0.6408690810203552,0.5187987685203552,0.5187987685203552,80.0,4937.0,1.0,O,F,I,0
182386.75,182499.3125,182719.625,182607.6875,182731.6875,182954.9375,182800.796875,182889.765625,-0.515625,0.000244140625,-0.8134765625,-0.7019042372703552,0.5493163466453552,0.5187987685203552,80.0,4938.0,1.0,O,F,I,0
183127.765625,183240.234375,183460.71875,183348.6875,183472.609375,183695.9375,183541.71875,183631.03125,-0.514892578125,-0.000244140625,-0.811767578125,-0.7934569716453552,0.4882812201976776,0.4577636420726776,80.0,4939.0,1.0,O,F,I,0
182732.5,182845.140625,183065.625,182953.5,183077.6875,183300.5,183146.984375,183235.5,-0.512939453125,0.000732421875,-0.812744140625,-0.8239745497703552,0.4577636420726776,0.4272460639476776,80.0,4940.0,1.0,O,F,I,0
181972.984375,182085.453125,182306.015625,182193.90625,182317.828125,182541.15625,182387.375,182475.890625,-0.513427734375,0.001220703125,-0.816650390625,-0.8239745497703552,0.3967284858226776,0.4272460639476776,80.0,4941.0,1.0,O,F,I,0
182302.53125,182414.921875,182635.3125,182523.546875,182646.9375,182870.453125,182716.578125,182805.265625,-0.5126953125,0.001220703125,-0.8134765625,-0.8239745497703552,0.3967284858226776,0.3967284858226776,80.0,4942.0,1.0,O,F,I,0
183134.921875,183247.125,183467.6875,183356.203125,183479.75,183703.0,183549.3125,183638.0,-0.513671875,0.001220703125,-0.810791015625,-0.6713866591453552,0.4577636420726776,0.3967284858226776,80.0,4943.0,1.0,O,F,I,0
182943.765625,183056.421875,183276.71875,183165.140625,183288.609375,183511.859375,183357.984375,183446.859375,-0.514404296875,0.000732421875,-0.811279296875,-0.7019042372703552,0.5187987685203552,0.3967284858226776,80.0,4944.0,1.0,O,F,I,0
182117.015625,182229.484375,182449.875,182338.484375,182461.671875,182685.203125,182530.96875,182619.9375,-0.513671875,0.00048828125,-0.80908203125,-0.6103515028953552,0.5493163466453552,0.3662109076976776,80.0,4945.0,1.0,O,F,I,0
182234.40625,182347.0625,182567.53125,182455.875,182579.421875,182802.859375,182648.8125,182737.40625,-0.51416015625,0.0009765625,-0.811279296875,-0.5798339247703552,0.5798339247703552,0.4272460639476776,80.0,4946.0,1.0,O,F,I,0
183108.546875,183221.1875,183441.578125,183329.546875,183453.375,183676.984375,183522.84375,183611.71875,-0.51416015625,0.001708984375,-0.81201171875,-0.7019042372703552,0.5493163466453552,0.4577636420726776,80.0,4947.0,1.0,O,F,I,0
183133.21875,183245.953125,183466.53125,183354.140625,183478.0625,183701.578125,183547.53125,183636.578125,-0.514892578125,0.001708984375,-0.80712890625,-0.6408690810203552,0.5798339247703552,0.5187987685203552,80.0,4948.0,1.0,O,F,I,0
182293.859375,182406.6875,182627.078125,182514.875,182638.609375,182862.140625,182708.171875,182796.859375,-0.51513671875,0.001708984375,-0.80859375,-0.6408690810203552,0.5798339247703552,0.4272460639476776,80.0,4949.0,1.0,O,F,I,0
182192.125,182305.125,182525.609375,182413.578125,182537.234375,182760.65625,182606.875,182695.390625,-0.513671875,0.0,-0.8115234375,-0.6713866591453552,0.4882812201976776,0.4577636420726776,80.0,4950.0,1.0,O,F,I,0
183049.625,183162.1875,183383.203125,183271.171875,183394.375,183617.984375,183464.109375,183552.796875,-0.5126953125,0.000732421875,-0.810546875,-0.7019042372703552,0.4272460639476776,0.4882812201976776,80.0,4951.0,1.0,O,F,I,0
183291.828125,183404.46875,183625.046875,183513.109375,183636.484375,183860.359375,183706.21875,183795.1875,-0.51513671875,-0.000244140625,-0.814697265625,-0.6408690810203552,0.3662109076976776,0.4577636420726776,80.0,4952.0,1.0,O,F,I,0
182497.890625,182610.453125,182830.9375,182719.171875,182842.375,183066.25,182912.109375,183000.984375,-0.51513671875,-0.0009765625,-0.81494140625,-0.6713866591453552,0.4272460639476776,0.5187987685203552,80.0,4953.0,1.0,O,F,I,0
182185.59375,182297.796875,182518.8125,182406.96875,182529.890625,182753.328125,182599.71875,182688.140625,-0.514892578125,0.000732421875,-0.812744140625,-0.6408690810203552,0.4577636420726776,0.4577636420726776,80.0,4954.0,1.0,O,F,I,0
182971.484375,183084.21875,183304.703125,183192.9375,183316.140625,183539.65625,183385.703125,183474.75,-0.51318359375,0.0,-0.8125,-0.6713866591453552,0.4272460639476776,0.4272460639476776,80.0,4955.0,1.0,O,F,I,0
183412.4375,183524.90625,183745.03125,183633.09375,183756.65625,183980.53125,183825.765625,183915.4375,-0.513916015625,0.001953125,-0.813720703125,-0.7019042372703552,0.4577636420726776,0.4272460639476776,80.0,4956.0,1.0,O,F,I,0
182713.359375,182825.203125,183045.6875,182933.75,183057.21875,183281.0,183126.78125,183215.734375,-0.512939453125,0.001220703125,-0.81494140625,-0.7019042372703552,0.4577636420726776,0.4272460639476776,80.0,4957.0,1.0,O,F,I,0
182212.328125,182324.53125,182545.09375,182433.0625,182556.8125,182780.140625,182626.1875,182714.609375,-0.514892578125,0.001708984375,-0.8134765625,-0.6713866591453552,0.4577636420726776,0.3662109076976776,80.0,4958.0,1.0,O,F,I,0
182878.9375,182991.78125,183211.71875,183099.859375,183223.421875,183447.390625,183293.171875,183381.765625,-0.515625,0.002197265625,-0.811279296875,-0.6713866591453552,0.5187987685203552,0.3356933295726776,80.0,4959.0,1.0,O,F,I,0
183495.84375,183608.140625,183828.4375,183716.78125,183840.328125,184064.03125,183909.984375,183999.296875,-0.5146484375,0.00341796875,-0.810791015625,-0.7019042372703552,0.4882812201976776,0.4272460639476776,80.0,4960.0,1.0,O,F,I,0
182941.265625,183053.28125,183273.671875,183161.734375,183285.46875,183509.078125,183355.03125,183444.171875,-0.515380859375,0.00244140625,-0.810302734375,-0.6713866591453552,0.4882812201976776,0.4577636420726776,80.0,4961.0,1.0,O,F,I,0
182282.859375,182394.984375,182615.1875,182503.703125,182626.8125,182850.78125,182696.546875,182784.96875,-0.51513671875,0.001708984375,-0.810791015625,-0.6408690810203552,0.4882812201976776,0.4577636420726776,80.0,4962.0,1.0,O,F,I,0
182786.140625,182898.515625,183118.828125,183006.796875,183130.4375,183353.96875,183199.90625,183288.6875,-0.5146484375,0.0009765625,-0.813720703125,-0.7934569716453552,0.3967284858226776,0.4882812201976776,80.0,4963.0,1.0,O,F,I,0
183538.140625,183650.796875,183871.09375,183758.703125,183882.625,184106.328125,183952.09375,184041.328125,-0.5146484375,0.000732421875,-0.81201171875,-0.7019042372703552,0.4882812201976776,0.4882812201976776,80.0,4964.0,1.0,O,F,I,0
183160.3125,183273.046875,183493.4375,183381.140625,183504.703125,183728.3125,183574.078125,183663.40625,-0.514404296875,0.000732421875,-0.810302734375,-0.6713866591453552,0.4577636420726776,0.5187987685203552,80.0,4965.0,1.0,O,F,I,0
182390.0625,182502.265625,182723.015625,182611.171875,182734.1875,182957.796875,182804.109375,182893.0625,-0.51611328125,0.001708984375,-0.81201171875,-0.7324218153953552,0.4882812201976776,0.5187987685203552,80.0,4966.0,1.0,O,F,I,0
182701.109375,182813.5,183033.796875,182922.390625,183045.78125,183268.9375,183115.6875,183204.203125,-0.516845703125,0.000244140625,-0.812744140625,-0.7019042372703552,0.5493163466453552,0.4882812201976776,80.0,4967.0,1.0,O,F,I,0
183542.15625,183654.28125,183874.84375,183762.90625,183886.640625,184110.078125,183955.9375,184045.171875,-0.514404296875,-0.000732421875,-0.809326171875,-0.7324218153953552,0.5187987685203552,0.3967284858226776,80.0,4968.0,1.0,O,F,I,0
183371.3125,183483.328125,183703.8125,183591.78125,183715.171875,183939.3125,183785.078125,183874.21875,-0.513671875,-0.001220703125,-0.81005859375,-0.7934569716453552,0.4577636420726776,0.3356933295726776,80.0,4969.0,1.0,O,F,I,0
182541.96875,182654.078125,182874.5625,182762.4375,182885.921875,183109.609375,182955.828125,183044.53125,-0.513671875,0.001220703125,-0.81005859375,-0.7324218153953552,0.5187987685203552,0.4272460639476776,80.0,4970.0,1.0,O,F,I,0
182637.28125,182749.5625,182970.140625,182858.015625,182981.578125,183205.359375,183051.3125,183140.28125,-0.513916015625,0.001953125,-0.808349609375,-0.7324218153953552,0.4577636420726776,0.3967284858226776,80.0,4971.0,1.0,O,F,I,0
183511.9375,183624.59375,183845.078125,183733.140625,183856.515625,184080.390625,183926.171875,184015.484375,-0.51318359375,0.00048828125,-0.811767578125,-0.8544921278953552,0.4882812201976776,0.3967284858226776,80.0,4972.0,1.0,O,F,I,0
183558.609375,183671.453125,183891.75,183779.71875,183903.359375,184127.25,183972.65625,184062.25,-0.51416015625,0.002197265625,-0.81103515625,-0.8239745497703552,0.4577636420726776,0.3967284858226776,80.0,4973.0,1.0,O,F,I,0
182720.0625,182832.359375,183053.015625,182940.90625,183064.90625,183288.25,183134.015625,183223.0625,-0.513916015625,0.00146484375,-0.810302734375,-0.7934569716453552,0.4882812201976776,0.3662109076976776,80.0,4974.0,1.0,O,F,I,0
182598.203125,182710.59375,182930.796875,182819.125,182942.875,183165.9375,183012.15625,183101.296875,-0.5146484375,0.001708984375,-0.80908203125,-0.8544921278953552,0.4577636420726776,0.3662109076976776,80.0,4975.0,1.0,O,F,I,0
183451.59375,183563.984375,183784.359375,183672.609375,183796.25,184019.5,183865.734375,183954.6875,-0.513671875,0.002685546875,-0.8095703125,-0.6713866591453552,0.4882812201976776,0.4272460639476776,80.0,4976.0,1.0,O,F,I,0
183712.9375,183825.40625,184046.15625,183933.9375,184057.421875,184281.015625,184126.796875,184215.84375,-0.515625,0.002197265625,-0.812744140625,-0.7019042372703552,0.4577636420726776,0.3356933295726776,80.0,4977.0,1.0,O,F,I,0
182923.828125,183036.203125,183256.78125,183144.75,183268.21875,183491.828125,183337.6875,183426.734375,-0.513671875,0.001953125,-0.8125,-0.6713866591453552,0.3662109076976776,0.4882812201976776,80.0,4978.0,1.0,O,F,I,0
182594.453125,182706.65625,182927.21875,182815.46875,182938.84375,183162.265625,183008.21875,183097.28125,-0.510986328125,0.001220703125,-0.813232421875,-0.6713866591453552,0.3967284858226776,0.5798339247703552,80.0,4979.0,1.0,O,F,I,0
183372.296875,183484.859375,183705.234375,183593.484375,183716.78125,183940.828125,183786.421875,183875.5625,-0.511962890625,0.001953125,-0.81201171875,-0.7019042372703552,0.4577636420726776,0.4577636420726776,80.0,4980.0,1.0,O,F,I,0
183834.4375,183946.8125,184167.203125,184055.453125,184178.828125,184402.609375,184248.203125,184337.796875,-0.513671875,0.002197265625,-0.8125,-0.7019042372703552,0.5187987685203552,0.4882812201976776,80.0,4981.0,1.0,O,F,I,0
183147.4375,183259.8125,183480.109375,183368.359375,183492.453125,183715.4375,183561.5625,183650.25,-0.5146484375,0.00146484375,-0.814208984375,-0.7934569716453552,0.4577636420726776,0.4882812201976776,80.0,4982.0,1.0,O,F,I,0
182628.875,182741.171875,182961.828125,182849.796875,182973.890625,183196.6875,183043.359375,183131.609375,-0.514892578125,0.002197265625,-0.8115234375,-0.7324218153953552,0.4577636420726776,0.3356933295726776,80.0,4983.0,1.0,O,F,I,0
183281.625,183393.65625,183614.21875,183502.109375,183625.9375,183849.0,183695.5,183784.09375,-0.513671875,0.001220703125,-0.809814453125,-0.7629393935203552,0.3967284858226776,0.4577636420726776,80.0,4984.0,1.0,O,F,I,0
183913.46875,184025.59375,184246.421875,184133.953125,184257.515625,184481.109375,184327.25,184416.390625,-0.512451171875,0.00048828125,-0.806396484375,-0.7629393935203552,0.4577636420726776,0.4577636420726776,80.0,4985.0,1.0,O,F,I,0
183374.875,183486.734375,183707.390625,183595.09375,183718.65625,183942.34375,183788.390625,183877.078125,-0.512939453125,0.00048828125,-0.81005859375,-0.6408690810203552,0.4272460639476776,0.4272460639476776,80.0,4986.0,1.0,O,F,I,0
182704.78125,182816.796875,183037.28125,182925.4375,183048.640625,183272.515625,183118.46875,183207.0625,-0.515625,0.0009765625,-0.81103515625,-0.6408690810203552,0.4272460639476776,0.4882812201976776,80.0,4987.0,1.0,O,F,I,0
183189.71875,183301.84375,183522.140625,183410.28125,183533.671875,183757.28125,183603.40625,183692.359375,-0.515869140625,0.0,-0.811767578125,-0.6713866591453552,0.4577636420726776,0.4272460639476776,80.0,4988.0,1.0,O,F,I,0
183951.46875,184064.03125,184284.234375,184172.390625,184295.859375,184519.46875,184365.59375,184454.921875,-0.512939453125,-0.0009765625,-0.81298828125,-0.6713866591453552,0.5187987685203552,0.4272460639476776,80.0,4989.0,1.0,O,F,I,0
183595.359375,183708.1875,183928.140625,183816.375,183939.75,184163.359375,184009.765625,184098.71875,-0.51416015625,0.00048828125,-0.811767578125,-0.7629393935203552,0.4577636420726776,0.4272460639476776,80.0,4990.0,1.0,O,F,I,0
182818.765625,182931.78125,183151.640625,183039.96875,183163.25,183386.59375,183233.171875,183321.78125,-0.5146484375,0.001220703125,-0.810302734375,-0.7934569716453552,0.4577636420726776,0.5187987685203552,80.0,4991.0,1.0,O,F,I,0
183108.890625,183221.1875,183441.484375,183329.546875,183453.109375,183676.625,183522.671875,183611.8125,-0.512451171875,0.003173828125,-0.812255859375,-0.7934569716453552,0.4577636420726776,0.4577636420726776,80.0,4992.0,1.0,O,F,I,0
183951.375,184063.765625,184284.234375,184172.21875,184295.59375,184519.296875,184365.328125,184454.734375,-0.512939453125,0.0,-0.811767578125,-0.7629393935203552,0.4882812201976776,0.4577636420726776,80.0,4993.0,1.0,O,F,I,0
183799.828125,183912.046875,184132.421875,184020.40625,184144.046875,184367.484375,184213.703125,184302.65625,-0.512451171875,0.002197265625,-0.81005859375,-0.6713866591453552,0.4882812201976776,0.5187987685203552,80.0,4994.0,1.0,O,F,I,0
182967.71875,183080.375,183300.5,183188.734375,183312.390625,183535.71875,183381.859375,183470.640625,-0.512451171875,-0.000244140625,-0.811279296875,-0.8239745497703552,0.5187987685203552,0.4577636420726776,80.0,4995.0,1.0,O,F,I,0
183043.625,183156.109375,183376.3125,183264.015625,183387.84375,183611.546875,183457.40625,183546.1875,-0.514892578125,0.000244140625,-0.815185546875,-0.7019042372703552,0.6103515028953552,0.4272460639476776,80.0,4996.0,1.0,O,F,I,0
183915.890625,184028.453125,184248.5625,184136.625,184260.015625,184483.96875,184329.921875,184418.890625,-0.513671875,0.00146484375,-0.8115234375,-0.6408690810203552,0.5493163466453552,0.4272460639476776,80.0,4997.0,1.0,O,F,I,0
183982.40625,184094.703125,184314.90625,184202.96875,184326.265625,184550.5,184396.265625,184485.5,-0.513427734375,0.001953125,-0.81201171875,-0.6408690810203552,0.4882812201976776,0.4272460639476776,80.0,4998.0,1.0,O,F,I,0
183148.421875,183260.703125,183480.921875,183369.34375,183492.546875,183716.59375,183562.546875,183651.421875,-0.514404296875,0.001953125,-0.811767578125,-0.6408690810203552,0.3967284858226776,0.4272460639476776,80.0,4999.0,1.0,O,F,I,0
183006.609375,183119.0,183339.390625,183227.890625,183351.1875,183574.703125,183420.75,183509.53125,-0.514404296875,0.0,-0.8125,-0.6103515028953552,0.3967284858226776,0.4577636420726776,80.0,5000.0,1.0,O,F,I,0
183853.390625,183965.859375,184186.25,184074.40625,184197.6875,184421.5625,184267.34375,184356.84375,-0.514892578125,0.000244140625,-0.81494140625,-0.6103515028953552,0.4882812201976776,0.4272460639476776,80.0,5001.0,1.0,O,M,O,0
184134.484375,184247.140625,184467.53125,184355.671875,184479.0625,184702.84375,184548.265625,184638.109375,-0.515380859375,0.00146484375,-0.81298828125,-0.6713866591453552,0.3967284858226776,0.3967284858226776,80.0,5002.0,1.0,O,M,O,0
183353.875,183466.609375,183686.90625,183575.421875,183698.53125,183921.96875,183768.09375,183857.328125,-0.51611328125,0.0,-0.81201171875,-0.7629393935203552,0.4882812201976776,0.4272460639476776,80.0,5003.0,1.0,O,M,O,0
183004.921875,183117.390625,183337.78125,183226.28125,183349.21875,183572.921875,183419.140625,183507.734375,-0.514404296875,0.001220703125,-0.81201171875,-0.7629393935203552,0.5493163466453552,0.4272460639476776,80.0,5004.0,1.0,O,M,O,0
183771.578125,183884.5,184104.265625,183993.046875,184116.15625,184340.125,184185.71875,184275.03125,-0.513427734375,0.001708984375,-0.810791015625,-0.7019042372703552,0.4882812201976776,0.3967284858226776,80.0,5005.0,1.0,O,M,O,0
184248.390625,184361.125,184581.34375,184469.578125,184593.046875,184816.484375,184662.34375,184751.75,-0.513916015625,0.00048828125,-0.81005859375,-0.7934569716453552,0.4577636420726776,0.4272460639476776,80.0,5006.0,1.0,O,M,O,0
183572.03125,183684.5,183904.625,183792.953125,183916.421875,184139.84375,183986.25,184074.9375,-0.51171875,0.001220703125,-0.812255859375,-0.7324218153953552,0.4577636420726776,0.4882812201976776,80.0,5007.0,1.0,O,M,O,0
183040.765625,183153.25,183373.359375,183262.046875,183385.171875,183608.328125,183454.71875,183543.859375,-0.512451171875,0.001708984375,-0.81201171875,-0.7019042372703552,0.3662109076976776,0.4272460639476776,80.0,5008.0,1.0,O,M,O,0
183679.21875,183792.0625,184012.359375,183900.6875,184023.890625,184247.5,184093.625,184182.671875,-0.510986328125,0.001220703125,-0.8134765625,-0.6713866591453552,0.4577636420726776,0.3967284858226776,80.0,5009.0,1.0,O,M,O,0
184324.390625,184437.3125,184657.25,184545.671875,184668.875,184892.5625,184738.609375,184828.015625,-0.511962890625,0.001220703125,-0.81103515625,-0.6713866591453552,0.4272460639476776,0.4272460639476776,80.0,5010.0,1.0,O,M,O,0
183800.375,183912.84375,184133.046875,184021.5625,184144.765625,184368.375,184214.421875,184303.828125,-0.51318359375,0.000244140625,-0.808837890625,-0.5798339247703552,0.4882812201976776,0.5187987685203552,80.0,5011.0,1.0,O,M,O,0
183118.546875,183230.9375,183451.421875,183340.015625,183463.125,183686.90625,183532.78125,183621.90625,-0.513671875,0.001220703125,-0.810546875,-0.6408690810203552,0.5187987685203552,0.4272460639476776,80.0,5012.0,1.0,O,M,O,0
183586.859375,183699.515625,183919.8125,183808.234375,183931.34375,184155.046875,184001.265625,184089.953125,-0.513427734375,0.00146484375,-0.81005859375,-0.7019042372703552,0.5187987685203552,0.4577636420726776,80.0,5013.0,1.0,O,M,O,0
184358.453125,184471.09375,184691.578125,184579.734375,184703.203125,184926.890625,184772.671875,184861.8125,-0.514404296875,0.002197265625,-0.811279296875,-0.6713866591453552,0.4882812201976776,0.4272460639476776,80.0,5014.0,1.0,O,M,O,0
184019.234375,184131.53125,184351.921875,184240.515625,184363.90625,184587.328125,184433.109375,184522.515625,-0.514892578125,0.000732421875,-0.809814453125,-0.7629393935203552,0.3662109076976776,0.4272460639476776,80.0,5015.0,1.0,O,M,O,0
183235.3125,183347.609375,183567.640625,183456.59375,183580.078125,183803.140625,183649.359375,183738.140625,-0.514404296875,0.002197265625,-0.8115234375,-0.7019042372703552,0.3967284858226776,0.3967284858226776,80.0,5016.0,1.0,O,M,O,0
183505.421875,183617.890625,183838.09375,183726.34375,183850.34375,184073.421875,183919.453125,184008.421875,-0.51416015625,0.001953125,-0.809814453125,-0.6713866591453552,0.4577636420726776,0.3967284858226776,80.0,5017.0,1.0,O,M,O,0
184355.140625,184467.4375,184687.828125,184575.703125,184699.53125,184923.40625,184768.734375,184858.5,-0.515380859375,0.001220703125,-0.81103515625,-0.7324218153953552,0.5187987685203552,0.3967284858226776,80.0,5018.0,1.0,O,M,O,0
184224.0625,184336.453125,184557.109375,184444.90625,184568.5625,184791.984375,184637.84375,184727.25,-0.516357421875,-0.00048828125,-0.8095703125,-0.6408690810203552,0.5187987685203552,0.5493163466453552,80.0,5019.0,1.0,O,M,O,0
183390.703125,183503.1875,183723.75,183611.8125,183735.453125,183958.625,183804.75,183893.71875,-0.513916015625,-0.001953125,-0.812744140625,-0.6103515028953552,0.4882812201976776,0.5493163466453552,80.0,5020.0,1.0,O,M,O,0
183446.234375,183558.703125,183779.265625,183667.328125,183790.984375,184014.671875,183860.546875,183949.59375,-0.513427734375,-0.00048828125,-0.810302734375,-0.6713866591453552,0.4882812201976776,0.3967284858226776,80.0,5021.0,1.0,O,M,O,0
184318.65625,184431.5,184652.15625,184540.390625,184663.953125,184887.65625,184733.421875,184822.65625,-0.513671875,0.0009765625,-0.811767578125,-0.7019042372703552,0.4577636420726776,0.4577636420726776,80.0,5022.0,1.0,O,M,O,0
184403.234375,184515.71875,184736.546875,184624.703125,184747.90625,184971.6875,184817.734375,184906.953125,-0.513671875,0.00146484375,-0.812255859375,-0.7324218153953552,0.4577636420726776,0.3662109076976776,80.0,5023.0,1.0,O,M,O,0
183569.796875,183682.0,183902.203125,183790.71875,183914.0,184137.796875,183983.75,184072.609375,-0.511962890625,0.001708984375,-0.8115234375,-0.7324218153953552,0.4577636420726776,0.5187987685203552,80.0,5024.0,1.0,O,M,O,0
183410.46875,183522.765625,183742.96875,183631.65625,183754.953125,183978.46875,183824.515625,183913.5625,-0.513427734375,0.0,-0.811767578125,-0.7324218153953552,0.5187987685203552,0.4577636420726776,80.0,5025.0,1.0,O,M,O,0
184253.125,184365.515625,184585.90625,184474.40625,184597.796875,184821.3125,184667.34375,184756.40625,-0.51513671875,-0.000732421875,-0.812255859375,-0.6103515028953552,0.5187987685203552,0.4882812201976776,80.0,5026.0,1.0,O,M,O,0
184551.296875,184664.40625,184884.515625,184772.9375,184896.59375,185120.015625,184965.96875,185055.109375,-0.514404296875,-0.00048828125,-0.8125,-0.6408690810203552,0.5493163466453552,0.4882812201976776,80.0,5027.0,1.0,O,M,O,0
183779.453125,183892.28125,184112.578125,184001.09375,184124.5625,184348.078125,184193.9375,184283.25,-0.513671875,-0.000244140625,-0.81494140625,-0.6713866591453552,0.4882812201976776,0.4882812201976776,80.0,5028.0,1.0,O,M,O,0
183413.5,183526.0625,183746.453125,183634.96875,183758.265625,183982.046875,183827.90625,183917.046875,-0.51171875,0.00146484375,-0.8134765625,-0.7019042372703552,0.4272460639476776,0.4272460639476776,80.0,5029.0,1.0,O,M,O,0
184170.25,184282.453125,184502.75,184391.34375,184514.90625,184738.703125,184584.203125,184673.515625,-0.513916015625,-0.00048828125,-0.812255859375,-0.6408690810203552,0.4577636420726776,0.4577636420726776,80.0,5030.0,1.0,O,M,O,0
184662.34375,184774.734375,184995.03125,184883.359375,185006.5625,185230.96875,185076.390625,185165.96875,-0.513671875,0.0,-0.8125,-0.6713866591453552,0.4577636420726776,0.3662109076976776,80.0,5031.0,1.0,O,M,O,0
183999.484375,184112.3125,184332.703125,184220.9375,184344.046875,184567.84375,184413.796875,184503.015625,-0.5146484375,0.00048828125,-0.812744140625,-0.7934569716453552,0.5187987685203552,0.4272460639476776,80.0,5032.0,1.0,O,M,O,0
183453.203125,183566.03125,183786.25,183674.484375,183798.21875,184021.828125,183867.421875,183956.65625,-0.51416015625,0.002197265625,-0.813232421875,-0.5798339247703552,0.4882812201976776,0.4577636420726776,80.0,5033.0,1.0,O,M,O,0
184076.734375,184189.828125,184409.765625,184297.828125,184421.390625,184645.4375,184490.859375,184580.171875,-0.5126953125,0.001220703125,-0.814453125,-0.7324218153953552,0.4577636420726776,0.4882812201976776,80.0,5034.0,1.0,O,M,O,0
184735.484375,184848.40625,185068.609375,184956.578125,185079.96875,185304.28125,185149.703125,185239.203125,-0.513916015625,-0.001220703125,-0.809814453125,-0.7629393935203552,0.4577636420726776,0.4272460639476776,80.0,5035.0,1.0,O,M,O,0
184224.703125,184337.609375,184557.734375,184445.984375,184569.53125,184793.328125,184638.65625,184728.328125,-0.512939453125,-0.001220703125,-0.812255859375,-0.7324218153953552,0.4577636420726776,0.4882812201976776,80.0,5036.0,1.0,O,M,O,0
183531.703125,183644.53125,183864.75,183752.984375,183876.640625,184100.234375,183945.75,184035.15625,-0.513916015625,0.0009765625,-0.814208984375,-0.7019042372703552,0.4577636420726776,0.4577636420726776,80.0,5037.0,1.0,O,M,O,0
183986.25,184099.171875,184319.109375,184207.53125,184331.09375,184554.875,184400.375,184490.0625,-0.51416015625,-0.0009765625,-0.812744140625,-0.7019042372703552,0.4577636420726776,0.4272460639476776,80.0,5038.0,1.0,O,M,O,0
184767.75,184880.671875,185100.4375,184988.765625,185112.15625,185336.03125,185181.796875,185271.5625,-0.515380859375,0.000732421875,-0.811767578125,-0.6103515028953552,0.3967284858226776,0.4577636420726776,80.0,5039.0,1.0,O,M,O,0
184443.75,184556.65625,184776.6875,184665.03125,184787.953125,185012.109375,184857.703125,184947.640625,-0.514404296875,0.000732421875,-0.810302734375,-0.6713866591453552,0.4577636420726776,0.4577636420726776,80.0,5040.0,1.0,O,M,O,0
183653.65625,183766.390625,183986.515625,183875.03125,183998.3125,184221.75,184067.96875,184157.28125,-0.513916015625,0.000732421875,-0.807861328125,-0.7019042372703552,0.4272460639476776,0.4882812201976776,80.0,5041.0,1.0,O,M,O,0
183907.296875,184020.21875,184239.890625,184128.140625,184252.046875,184475.296875,184321.34375,184410.84375,-0.513671875,0.000244140625,-0.8095703125,-0.7324218153953552,0.4882812201976776,0.4272460639476776,80.0,5042.0,1.0,O,M,O,0
184761.40625,184874.140625,185094.265625,184982.421875,185106.25,185329.859375,185175.359375,185265.21875,-0.51318359375,0.001708984375,-0.8115234375,-0.7019042372703552,0.5798339247703552,0.4272460639476776,80.0,5043.0,1.0,O,M,O,0
184647.140625,184759.890625,184980.28125,184868.0625,184991.890625,185215.6875,185061.1875,185150.59375,-0.51318359375,0.00048828125,-0.812744140625,-0.7019042372703552,0.5187987685203552,0.3967284858226776,80.0,5044.0,1.0,O,M,O,0
183810.46875,183923.21875,184143.421875,184031.390625,184154.875,184379.015625,184224.25,184313.5625,-0.51220703125,0.000732421875,-0.81103515625,-0.7019042372703552,0.4272460639476776,0.4272460639476776,80.0,5045.0,1.0,O,M,O,0
183846.765625,183959.609375,184179.453125,184067.78125,184191.078125,184415.046875,184260.546875,184350.140625,-0.513671875,0.00146484375,-0.81103515625,-0.7324218153953552,0.4272460639476776,0.3662109076976776,80.0,5046.0,1.0,O,M,O,0
184717.953125,184830.703125,185050.375,184939.0625,185062.171875,185286.046875,185132.265625,185221.765625,-0.514404296875,0.001220703125,-0.81298828125,-0.7019042372703552,0.5187987685203552,0.3967284858226776,80.0,5047.0,1.0,O,M,O,0
184823.8125,184936.828125,185156.671875,185044.828125,185168.46875,185391.90625,185237.765625,185327.53125,-0.513427734375,0.00146484375,-0.81298828125,-0.7629393935203552,0.5493163466453552,0.3662109076976776,80.0,5048.0,1.0,O,M,O,0
183992.234375,184104.984375,184325.28125,184213.34375,184336.984375,184560.421875,184406.28125,184495.953125,-0.512939453125,0.000244140625,-0.810791015625,-0.7629393935203552,0.5493163466453552,0.3967284858226776,80.0,5049.0,1.0,O,M,O,0
183810.921875,183923.84375,184143.78125,184032.109375,184155.5,184379.109375,184225.40625,184314.546875,-0.51318359375,0.0009765625,-0.81103515625,-0.8544921278953552,0.4882812201976776,0.3967284858226776,80.0,5050.0,1.0,O,M,O,0
184649.375,184762.296875,184982.421875,184870.484375,184993.6875,185217.921875,185063.78125,185153.1875,-0.512451171875,0.00244140625,-0.812255859375,-0.7934569716453552,0.5187987685203552,0.5187987685203552,80.0,5051.0,1.0,O,M,O,0
184967.671875,185080.59375,185300.796875,185188.765625,185311.890625,185536.296875,185382.0625,185471.5625,-0.51318359375,0.001953125,-0.812744140625,-0.7629393935203552,0.4882812201976776,0.5493163466453552,80.0,5052.0,1.0,O,M,O,0
184202.796875,184315.265625,184535.828125,184423.984375,184547.28125,184770.796875,184616.828125,184706.234375,-0.51318359375,0.000732421875,-0.81298828125,-0.7629393935203552,0.4577636420726776,0.4577636420726776,80.0,5053.0,1.0,O,M,O,0
183819.328125,183931.625,184151.921875,184040.515625,184163.984375,184387.59375,184233.453125,184322.59375,-0.51318359375,0.0,-0.812744140625,-0.7324218153953552,0.3967284858226776,0.4577636420726776,80.0,5054.0,1.0,O,M,O,0
184565.96875,184678.703125,184899.09375,184787.421875,184910.890625,185134.859375,184980.453125,185069.6875,-0.514404296875,-0.00048828125,-0.812255859375,-0.7019042372703552,0.3967284858226776,0.3967284858226776,80.0,5055.0,1.0,O,M,O,0
185075.765625,185188.765625,185409.15625,185297.21875,185420.78125,185644.484375,185490.4375,185580.28125,-0.515380859375,0.00146484375,-0.81005859375,-0.6103515028953552,0.4882812201976776,0.4882812201976776,80.0,5056.0,1.0,O,M,O,0
184425.0625,184537.890625,184758.546875,184646.515625,184769.90625,184993.6875,184839.640625,184929.21875,-0.513916015625,-0.000244140625,-0.812744140625,-0.6713866591453552,0.5187987685203552,0.4272460639476776,80.0,5057.0,1.0,O,M,O,0
183861.875,183974.453125,184194.828125,184083.078125,184206.453125,184430.25,184276.109375,184365.328125,-0.51318359375,0.000732421875,-0.811767578125,-0.6713866591453552,0.5187987685203552,0.3662109076976776,80.0,5058.0,1.0,O,M,O,0
184470.125,184583.03125,184803.421875,184691.21875,184814.78125,185038.484375,184884.25,184973.921875,-0.513427734375,0.0009765625,-0.810791015625,-0.6103515028953552,0.4882812201976776,0.4882812201976776,80.0,5059.0,1.0,O,M,O,0
185141.125,185254.21875,185474.34375,185362.484375,185485.875,185709.484375,185555.609375,185645.46875,-0.512939453125,-0.001220703125,-0.8115234375,-0.7019042372703552,0.5187987685203552,0.4272460639476776,80.0,5060.0,1.0,O,M,O,0
184648.75,184762.125,184981.96875,184870.125,184993.5,185216.9375,185063.15625,185152.828125,-0.511962890625,0.000732421875,-0.81298828125,-0.7019042372703552,0.4272460639476776,0.4272460639476776,80.0,5061.0,1.0,O,M,O,0
183946.546875,184059.5625,184279.40625,184167.5625,184291.21875,184514.640625,184360.421875,184450.0,-0.51171875,0.001220703125,-0.814453125,-0.7019042372703552,0.4882812201976776,0.3967284858226776,80.0,5062.0,1.0,O,M,O,0
184381.96875,184494.796875,184714.921875,184602.796875,184726.265625,184950.0625,184795.5625,184885.6875,-0.5126953125,0.00146484375,-0.810302734375,-0.7629393935203552,0.3967284858226776,0.3662109076976776,80.0,5063.0,1.0,O,M,O,0
185171.421875,185284.34375,185504.640625,185392.171875,185515.734375,185739.703125,185585.46875,185675.5,-0.512939453125,0.00341796875,-0.81005859375,-0.7324218153953552,0.4272460639476776,0.4272460639476776,80.0,5064.0,1.0,O,M,O,0
184868.15625,184980.90625,185201.46875,185089.0,185212.734375,185436.421875,185281.9375,185371.875,-0.512451171875,0.001220703125,-0.81005859375,-0.7629393935203552,0.5798339247703552,0.3967284858226776,80.0,5065.0,1.0,O,M,O,0
184070.296875,184182.671875,184403.328125,184291.296875,184414.953125,184638.375,184484.15625,184573.734375,-0.512939453125,0.001220703125,-0.81201171875,-0.8239745497703552,0.5187987685203552,0.4272460639476776,80.0,5066.0,1.0,O,M,O,0
184302.5625,184414.953125,184635.34375,184523.578125,184647.234375,184870.484375,184716.609375,184806.015625,-0.51220703125,0.000244140625,-0.81201171875,-0.8239745497703552,0.4577636420726776,0.4577636420726776,80.0,5067.0,1.0,O,M,O,0
185159.453125,185271.734375,185492.125,185379.828125,185503.75,185727.359375,185573.21875,185663.078125,-0.511962890625,0.000244140625,-0.81201171875,-0.7019042372703552,0.4882812201976776,0.4272460639476776,80.0,5068.0,1.0,O,M,O,0
185066.734375,185179.390625,185399.953125,185287.390625,185411.21875,185635.0,185480.78125,185570.625,-0.513916015625,0.001220703125,-0.81201171875,-0.6408690810203552,0.4577636420726776,0.3356933295726776,80.0,5069.0,1.0,O,M,O,0
184227.921875,184340.484375,184561.140625,184449.109375,184572.484375,184796.28125,184642.21875,184731.71875,-0.51416015625,0.003173828125,-0.8154296875,-0.6713866591453552,0.4272460639476776,0.4272460639476776,80.0,5070.0,1.0,O,M,O,0
184244.0,184356.65625,184577.046875,184465.296875,184588.578125,184812.28125,184657.875,184747.8125,-0.512939453125,0.001220703125,-0.813232421875,-0.6408690810203552,0.4882812201976776,0.3967284858226776,80.0,5071.0,1.0,O,M,O,0
185115.015625,185228.015625,185448.234375,185336.46875,185460.03125,185683.90625,185528.875,185619.09375,-0.512939453125,0.00146484375,-0.814208984375,-0.6103515028953552,0.4577636420726776,0.4577636420726776,80.0,5072.0,1.0,O,M,O,0
185240.265625,185353.09375,185573.40625,185461.28125,185585.296875,185809.171875,185654.3125,185744.25,-0.513427734375,0.001953125,-0.81005859375,-0.7324218153953552,0.4272460639476776,0.4272460639476776,80.0,5073.0,1.0,O,M,O,0
184414.421875,184526.984375,184747.28125,184635.34375,184758.984375,184982.6875,184828.546875,184917.78125,-0.514404296875,0.00244140625,-0.810546875,-0.6713866591453552,0.4577636420726776,0.4882812201976776,80.0,5074.0,1.0,O,M,O,0
184213.703125,184326.703125,184546.921875,184435.078125,184558.453125,184782.234375,184628.015625,184717.328125,-0.51416015625,0.00048828125,-0.809814453125,-0.7324218153953552,0.4272460639476776,0.4577636420726776,80.0,5075.0,1.0,O,M,O,0
185044.375,185157.203125,185377.15625,185265.390625,185388.953125,185612.734375,185458.328125,185548.09375,-0.5146484375,0.000244140625,-0.815185546875,-0.7019042372703552,0.5187987685203552,0.3662109076976776,80.0,5076.0,1.0,O,M,O,0
185379.203125,185492.046875,185711.984375,185599.859375,185723.609375,185947.75,185793.15625,185883.203125,-0.51220703125,0.00244140625,-0.8134765625,-0.7019042372703552,0.4577636420726776,0.4577636420726776,80.0,5077.0,1.0,O,M,O,0
184621.21875,184733.875,184954.171875,184842.3125,184965.875,185189.84375,185035.625,185125.109375,-0.514404296875,0.002197265625,-0.811279296875,-0.7324218153953552,0.4272460639476776,0.4272460639476776,80.0,5078.0,1.0,O,M,O,0
184220.40625,184333.234375,184553.359375,184441.78125,184565.15625,184789.21875,184634.890625,184724.390625,-0.513671875,0.001953125,-0.813232421875,-0.7934569716453552,0.4882812201976776,0.3967284858226776,80.0,5079.0,1.0,O,M,O,0
184958.546875,185071.375,185291.859375,185179.828125,185303.390625,185527.4375,185373.21875,185462.53125,-0.512939453125,0.00146484375,-0.814697265625,-0.7019042372703552,0.4882812201976776,0.3967284858226776,80.0,5080.0,1.0,O,M,O,0
185482.734375,185595.578125,185816.046875,185703.84375,185827.140625,186051.8125,185897.046875,185986.734375,-0.51318359375,0.0009765625,-0.812744140625,-0.7324218153953552,0.4882812201976776,0.4577636420726776,80.0,5081.0,1.0,O,M,O,0
184843.484375,184956.21875,185176.25,185064.234375,185188.140625,185412.28125,185257.34375,185347.296875,-0.514404296875,0.001708984375,-0.8095703125,-0.7629393935203552,0.5493163466453552,0.4882812201976776,80.0,5082.0,1.0,O,M,O,0
184267.609375,184380.359375,184600.296875,184488.71875,184612.359375,184836.0625,184681.75,184770.96875,-0.5146484375,0.002197265625,-0.81201171875,-0.7019042372703552,0.4272460639476776,0.4882812201976776,80.0,5083.0,1.0,O,M,O,0
184863.59375,184976.34375,185197.0,185084.703125,185208.0,185432.40625,185277.90625,185367.40625,-0.5126953125,0.0009765625,-0.811767578125,-0.7934569716453552,0.4882812201976776,0.4882812201976776,80.0,5084.0,1.0,O,M,O,0
185546.125,185658.96875,185879.53125,185767.0625,185890.890625,186114.84375,185960.171875,186050.125,-0.511962890625,0.0029296875,-0.81103515625,-0.7629393935203552,0.4577636420726776,0.5187987685203552,80.0,5085.0,1.0,O,M,O,0
185067.71875,185180.453125,185400.75,185288.8125,185412.28125,185636.515625,185481.9375,185571.515625,-0.513916015625,0.001708984375,-0.8095703125,-0.6408690810203552,0.5187987685203552,0.4882812201976776,80.0,5086.0,1.0,O,M,O,0
184353.53125,184466.0,184686.125,184574.71875,184697.921875,184921.796875,184767.484375,184856.984375,-0.514892578125,0.000244140625,-0.810791015625,-0.7629393935203552,0.4882812201976776,0.4577636420726776,80.0,5087.0,1.0,O,M,O,0
184772.578125,184885.40625,185105.625,184993.421875,185116.796875,185340.859375,185186.53125,185276.5625,-0.514892578125,-0.0009765625,-0.8115234375,-0.7629393935203552,0.4577636420726776,0.4882812201976776,80.0,5088.0,1.0,O,M,O,0
185569.90625,185683.375,185903.140625,185790.75,185914.484375,186138.546875,185984.140625,186074.34375,-0.5146484375,0.0,-0.810791015625,-0.7324218153953552,0.4882812201976776,0.4272460639476776,80.0,5089.0,1.0,O,M,O,0
185282.921875,185396.015625,185615.875,185504.015625,185627.484375,185851.90625,185697.046875,185787.0,-0.51416015625,0.000732421875,-0.813720703125,-0.7324218153953552,0.5187987685203552,0.3967284858226776,80.0,5090.0,1.0,O,M,O,0
184479.78125,184592.96875,184812.8125,184701.0625,184824.53125,185048.671875,184893.90625,184983.40625,-0.513427734375,0.00146484375,-0.815185546875,-0.6408690810203552,0.5187987685203552,0.3967284858226776,80.0,5091.0,1.0,O,M,O,0
184694.4375,184807.453125,185027.390625,184915.359375,185038.828125,185262.984375,185108.390625,185197.71875,-0.514404296875,0.000244140625,-0.81298828125,-0.7019042372703552,0.4882812201976776,0.4272460639476776,80.0,5092.0,1.0,O,M,O,0
185555.609375,185668.4375,185888.375,185776.0,185900.1875,186124.0625,185969.5625,186059.0625,-0.514404296875,-0.001220703125,-0.8134765625,-0.7019042372703552,0.5493163466453552,0.4577636420726776,80.0,5093.0,1.0,O,M,O,0
185480.6875,185593.0625,185813.015625,185701.078125,185824.90625,186049.046875,185894.375,185984.21875,-0.51416015625,0.0,-0.813232421875,-0.8239745497703552,0.4577636420726776,0.5493163466453552,80.0,5094.0,1.0,O,M,O,0
184638.921875,184751.578125,184971.6875,184859.9375,184983.765625,185207.546875,185053.046875,185142.453125,-0.5146484375,0.0009765625,-0.813720703125,-0.7019042372703552,0.4272460639476776,0.4882812201976776,80.0,5095.0,1.0,O,M,O,0
184637.125,184749.96875,184969.90625,184857.78125,184981.609375,185205.765625,185051.171875,185140.578125,-0.514892578125,0.000244140625,-0.814453125,-0.7019042372703552,0.4577636420726776,0.4272460639476776,80.0,5096.0,1.0,O,M,O,0
185509.5625,185622.65625,185842.515625,185730.3125,185853.953125,186078.28125,185923.515625,186013.375,-0.512939453125,0.001220703125,-0.81298828125,-0.7324218153953552,0.4272460639476776,0.4882812201976776,80.0,5097.0,1.0,O,M,O,0
185653.234375,185766.34375,185986.28125,185873.984375,185997.375,186222.046875,186066.921875,186157.046875,-0.511962890625,-0.000244140625,-0.8115234375,-0.6408690810203552,0.4882812201976776,0.4272460639476776,80.0,5098.0,1.0,O,M,O,0
184831.328125,184944.15625,185164.359375,185052.0625,185175.359375,185399.765625,185244.828125,185334.953125,-0.51220703125,-0.000732421875,-0.812744140625,-0.6408690810203552,0.4577636420726776,0.3662109076976776,80.0,5099.0,1.0,O,M,O,0
184613.609375,184726.71875,184946.484375,184834.453125,184958.09375,185182.0625,185026.9375,185117.0625,-0.511962890625,0.0009765625,-0.811767578125,-0.6408690810203552,0.5798339247703552,0.3967284858226776,80.0,5100.0,1.0,O,M,O,0
185438.84375,185552.203125,185771.96875,185660.03125,185783.421875,186007.828125,185852.796875,185942.734375,-0.5146484375,0.0009765625,-0.810546875,-0.7324218153953552,0.4272460639476776,0.5187987685203552,80.0,5101.0,1.0,O,M,O,0
185790.75,185904.03125,186124.0625,186012.03125,186134.96875,186359.90625,186204.96875,186294.921875,-0.514892578125,0.000732421875,-0.813232421875,-0.7934569716453552,0.3967284858226776,0.5187987685203552,80.0,5102.0,1.0,O,M,O,0
185043.125,185155.875,185376.25,185264.40625,185387.4375,185612.203125,185457.625,185547.03125,-0.5146484375,0.001220703125,-0.812255859375,-0.7934569716453552,0.4882812201976776,0.4577636420726776,80.0,5103.0,1.0,O,M,O,0
184626.140625,184738.609375,184959.078125,184847.328125,184970.625,185194.765625,185040.171875,185129.859375,-0.514892578125,0.001708984375,-0.8125,-0.6408690810203552,0.4882812201976776,0.3662109076976776,80.0,5104.0,1.0,O,M,O,0
185352.46875,185465.03125,185685.421875,185573.21875,185696.875,185921.1875,185766.34375,185856.109375,-0.513916015625,0.0029296875,-0.810791015625,-0.7019042372703552,0.3662109076976776,0.5493163466453552,80.0,5105.0,1.0,O,M,O,0
185893.5625,186006.484375,186226.703125,186114.765625,186238.234375,186462.640625,186307.515625,186397.828125,-0.513427734375,0.001708984375,-0.81005859375,-0.7324218153953552,0.3356933295726776,0.4272460639476776,80.0,5106.0,1.0,O,M,O,0
185266.375,185379.03125,185599.5,185487.296875,185610.765625,185835.09375,185680.234375,185770.453125,-0.5126953125,0.0,-0.809814453125,-0.7629393935203552,0.5187987685203552,0.3967284858226776,80.0,5107.0,1.0,O,M,O,0
184676.734375,184789.390625,185009.78125,184897.75,185020.953125,185245.09375,185090.609375,185180.640625,-0.515380859375,0.0,-0.81201171875,-0.6713866591453552,0.5187987685203552,0.3662109076976776,80.0,5108.0,1.0,O,M,O,0
185256.984375,185370.09375,185590.203125,185478.0,185601.203125,185825.625,185670.765625,185761.0625,-0.515625,0.00146484375,-0.8134765625,-0.6713866591453552,0.4882812201976776,0.3662109076976776,80.0,5109.0,1.0,O,M,O,0
185951.234375,186064.25,186284.28125,186172.515625,186295.453125,186520.3125,186365.09375,186455.40625,-0.514404296875,-0.00048828125,-0.814208984375,-0.7934569716453552,0.5187987685203552,0.3662109076976776,80.0,5110.0,1.0,O,M,O,0
185489.0,185601.921875,185822.484375,185710.375,185833.390625,186058.25,185903.140625,185993.53125,-0.512939453125,0.0,-0.810791015625,-0.7934569716453552,0.5187987685203552,0.3662109076976776,80.0,5111.0,1.0,O,M,O,0
184763.90625,184876.734375,185097.125,184985.375,185108.390625,185332.890625,185177.859375,185267.890625,-0.513916015625,0.000244140625,-0.811767578125,-0.7934569716453552,0.5187987685203552,0.3967284858226776,80.0,5112.0,1.0,O,M,O,0
185164.8125,185277.640625,185498.03125,185385.90625,185509.109375,185733.96875,185579.03125,185668.890625,-0.51318359375,0.001953125,-0.813232421875,-0.8239745497703552,0.4577636420726776,0.4272460639476776,80.0,5113.0,1.0,O,M,O,0
185972.609375,186085.609375,186305.734375,186193.53125,186317.09375,186541.671875,186387.0,186476.671875,-0.51416015625,0.0009765625,-0.814697265625,-0.7629393935203552,0.5187987685203552,0.4272460639476776,80.0,5114.0,1.0,O,M,O,0
185705.8125,185818.90625,186039.296875,185927.359375,186050.46875,186274.984375,186120.578125,186209.984375,-0.511962890625,0.000244140625,-0.81298828125,-0.7019042372703552,0.4882812201976776,0.3662109076976776,80.0,5115.0,1.0,O,M,O,0
184894.625,185007.28125,185227.65625,185115.71875,185239.015625,185463.515625,185308.671875,185398.34375,-0.51318359375,0.000244140625,-0.812255859375,-0.7324218153953552,0.4882812201976776,0.4272460639476776,80.0,5116.0,1.0,O,M,O,0
185088.1875,185200.84375,185420.78125,185308.671875,185432.140625,185656.8125,185501.703125,185591.375,-0.51318359375,0.00146484375,-0.810302734375,-0.8239745497703552,0.4577636420726776,0.3967284858226776,80.0,5117.0,1.0,O,M,O,0
185950.703125,186063.890625,186283.828125,186171.625,186295.1875,186520.046875,186365.015625,186454.78125,-0.5126953125,0.00146484375,-0.809814453125,-0.7629393935203552,0.4577636420726776,0.5493163466453552,80.0,5118.0,1.0,O,M,O,0
185898.03125,186011.21875,186231.25,186119.046875,186242.34375,186467.015625,186312.171875,186402.03125,-0.51123046875,0.000244140625,-0.812255859375,-0.7324218153953552,0.3051757514476776,0.4272460639476776,80.0,5119.0,1.0,O,M,O,0
185057.796875,185170.53125,185391.015625,185278.625,185401.921875,185626.515625,185471.46875,185560.96875,-0.51220703125,0.000732421875,-0.81396484375,-0.7324218153953552,0.3967284858226776,0.4577636420726776,80.0,5120.0,1.0,O,M,O,0
185036.515625,185149.078125,185369.546875,185257.53125,185380.8125,185605.234375,185450.46875,185540.046875,-0.512451171875,-0.000732421875,-0.8125,-0.7934569716453552,0.4272460639476776,0.4577636420726776,80.0,5121.0,1.0,O,M,O,0
185905.90625,186018.921875,186238.953125,186127.09375,186250.484375,186474.796875,186320.03125,186410.25,-0.51318359375,-0.000244140625,-0.81396484375,-0.8544921278953552,0.4272460639476776,0.5493163466453552,80.0,5122.0,1.0,O,M,O,0
186068.625,186181.8125,186401.84375,186290.09375,186413.375,186638.140625,186482.9375,186573.0625,-0.51220703125,-0.00048828125,-0.813720703125,-0.7324218153953552,0.5187987685203552,0.5493163466453552,80.0,5123.0,1.0,O,M,O,0
185250.015625,185362.75,185582.78125,185471.125,185594.140625,185819.0,185663.96875,185753.28125,-0.5126953125,-0.00048828125,-0.815673828125,-0.7019042372703552,0.4882812201976776,0.5798339247703552,80.0,5124.0,1.0,O,M,O,0
185014.703125,185127.34375,185347.296875,185235.625,185358.90625,185583.59375,185428.65625,185518.234375,-0.512939453125,0.001220703125,-0.812255859375,-0.7019042372703552,0.4577636420726776,0.4882812201976776,80.0,5125.0,1.0,O,M,O,0
185834.015625,185946.671875,186166.796875,186054.859375,186178.421875,186402.921875,186247.96875,186338.015625,-0.513671875,0.001708984375,-0.809814453125,-0.7324218153953552,0.4882812201976776,0.4272460639476776,80.0,5126.0,1.0,O,M,O,0
186204.25,186317.09375,186537.203125,186425.0,186548.65625,186773.234375,186618.203125,186708.328125,-0.515380859375,0.00146484375,-0.809814453125,-0.6713866591453552,0.5187987685203552,0.4882812201976776,80.0,5127.0,1.0,O,M,O,0
185465.390625,185577.953125,185798.078125,185685.875,185809.703125,186034.03125,185879.171875,185969.03125,-0.515380859375,0.000244140625,-0.81005859375,-0.7019042372703552,0.5187987685203552,0.4272460639476776,80.0,5128.0,1.0,O,M,O,0
185029.09375,185141.65625,185361.6875,185250.1875,185373.75,185597.8125,185443.140625,185532.8125,-0.513671875,0.001220703125,-0.81103515625,-0.7019042372703552,0.4577636420726776,0.3967284858226776,80.0,5129.0,1.0,O,M,O,0
185742.734375,185855.75,186075.875,185964.375,186087.484375,186312.078125,186156.953125,186247.171875,-0.514404296875,0.0009765625,-0.811279296875,-0.6713866591453552,0.3967284858226776,0.4272460639476776,80.0,5130.0,1.0,O,M,O,0
186300.015625,186412.75,186633.046875,186521.65625,186644.234375,186868.90625,186713.96875,186804.171875,-0.512451171875,0.001708984375,-0.81298828125,-0.7019042372703552,0.3967284858226776,0.3967284858226776,80.0,5131.0,1.0,O,M,O,0
185687.390625,185799.6875,186019.8125,185908.671875,186031.609375,186255.84375,186101.078125,186191.296875,-0.513427734375,-0.000244140625,-0.814453125,-0.7934569716453552,0.4882812201976776,0.4577636420726776,80.0,5132.0,1.0,O,M,O,0
185080.40625,185192.609375,185413.0,185301.609375,185424.71875,185649.125,185493.921875,185584.21875,-0.512939453125,-0.000244140625,-0.810302734375,-0.7629393935203552,0.4882812201976776,0.3967284858226776,80.0,5133.0,1.0,O,M,O,0
185645.015625,185757.578125,185978.40625,185866.390625,185989.5,186214.265625,186059.0625,186149.265625,-0.513916015625,0.00048828125,-0.80908203125,-0.7019042372703552,0.4577636420726776,0.4577636420726776,80.0,5134.0,1.0,O,M,O,0
186353.828125,186466.75,186686.78125,186575.03125,186698.40625,186923.265625,186767.515625,186858.625,-0.513427734375,0.0009765625,-0.809326171875,-0.7934569716453552,0.4882812201976776,0.4577636420726776,80.0,5135.0,1.0,O,M,O,0
185907.875,186020.53125,186240.375,186128.703125,186252.453125,186476.859375,186321.296875,186412.390625,-0.514892578125,0.001953125,-0.812255859375,-0.7629393935203552,0.5187987685203552,0.4272460639476776,80.0,5136.0,1.0,O,M,O,0
185172.953125,185285.6875,185505.359375,185393.78125,185517.515625,185741.75,185586.8125,185677.203125,-0.514404296875,0.00048828125,-0.813232421875,-0.7324218153953552,0.4272460639476776,0.3662109076976776,80.0,5137.0,1.0,O,M,O,0
185556.953125,185669.875,185889.28125,185778.140625,185901.25,186125.84375,185970.640625,186061.203125,-0.514404296875,0.000244140625,-0.815673828125,-0.7019042372703552,0.4882812201976776,0.4882812201976776,80.0,5138.0,1.0,O,M,O,0
186369.390625,186482.046875,186701.984375,186590.3125,186713.15625,186938.28125,186782.984375,186873.640625,-0.51416015625,0.000244140625,-0.81201171875,-0.7934569716453552,0.3967284858226776,0.5493163466453552,80.0,5139.0,1.0,O,M,O,0
186119.9375,186232.59375,186452.8125,186340.953125,186463.984375,186689.015625,186534.171875,186624.734375,-0.514892578125,-0.000244140625,-0.813232421875,-0.7019042372703552,0.4272460639476776,0.5187987685203552,80.0,5140.0,1.0,O,M,O,0
185305.71875,185418.546875,185638.75,185527.0,185650.015625,185874.796875,185720.296875,185809.96875,-0.512939453125,0.000732421875,-0.81298828125,-0.7324218153953552,0.4882812201976776,0.4882812201976776,80.0,5141.0,1.0,O,M,O,0
185480.0625,185592.71875,185813.015625,185701.34375,185824.359375,186048.953125,185894.453125,185984.3125,-0.51318359375,-0.001220703125,-0.8134765625,-0.7019042372703552,0.4272460639476776,0.4577636420726776,80.0,5142.0,1.0,O,M,O,0
186347.75,186460.40625,186680.703125,186568.765625,186691.96875,186916.828125,186761.703125,186852.015625,-0.515869140625,0.00146484375,-0.811767578125,-0.7019042372703552,0.5187987685203552,0.4882812201976776,80.0,5143.0,1.0,O,M,O,0
186314.40625,186427.234375,186647.359375,186535.15625,186658.4375,186883.5625,186728.453125,186818.65625,-0.514404296875,0.00048828125,-0.8125,-0.6713866591453552,0.3967284858226776,0.4577636420726776,80.0,5144.0,1.0,O,M,O,0
185472.640625,185585.296875,185805.5,185693.65625,185817.03125,186041.453125,185886.6875,185976.53125,-0.5146484375,0.00048828125,-0.813720703125,-0.6103515028953552,0.5187987685203552,0.4577636420726776,80.0,5145.0,1.0,O,M,O,0
185428.921875,185541.484375,185761.875,185649.84375,185773.3125,185997.546875,185842.96875,185932.90625,-0.512939453125,0.00244140625,-0.811767578125,-0.6103515028953552,0.5187987685203552,0.3967284858226776,80.0,5146.0,1.0,O,M,O,0
186293.578125,186406.3125,186626.4375,186514.59375,186637.875,186862.46875,186707.890625,186797.734375,-0.514892578125,0.0029296875,-0.811767578125,-0.7324218153953552,0.5493163466453552,0.4272460639476776,80.0,5147.0,1.0,O,M,O,0
186475.609375,186588.171875,186808.296875,186696.4375,186819.734375,187044.5,186889.65625,186980.046875,-0.51318359375,0.002685546875,-0.814453125,-0.7934569716453552,0.4577636420726776,0.3967284858226776,80.0,5148.0,1.0,O,M,O,0
185664.0625,185775.90625,185996.296875,185884.453125,186008.0,186232.421875,186077.5625,186167.78125,-0.514892578125,0.00341796875,-0.81201171875,-0.8544921278953552,0.5493163466453552,0.3967284858226776,80.0,5149.0,1.0,O,M,O,0
185410.046875,185522.265625,185742.375,185630.703125,185754.265625,185978.0625,185823.734375,185913.59375,-0.514892578125,0.0029296875,-0.811279296875,-0.7934569716453552,0.4272460639476776,0.4577636420726776,80.0,5150.0,1.0,O,M,O,0
186219.8125,186332.203125,186552.765625,186440.734375,186563.9375,186788.53125,186633.59375,186723.796875,-0.513427734375,0.000732421875,-0.8134765625,-0.7019042372703552,0.4577636420726776,0.4272460639476776,80.0,5151.0,1.0,O,M,O,0
186608.734375,186721.125,186941.59375,186829.5625,186952.59375,187177.453125,187022.234375,187113.171875,-0.5126953125,0.002685546875,-0.812744140625,-0.7019042372703552,0.3967284858226776,0.4272460639476776,80.0,5152.0,1.0,O,M,O,0
185878.28125,185991.375,186211.3125,186099.375,186222.578125,186447.359375,186292.328125,186382.625,-0.51416015625,0.00390625,-0.809814453125,-0.7934569716453552,0.4272460639476776,0.3662109076976776,80.0,5153.0,1.0,O,M,O,0
185426.328125,185539.0625,185759.1875,185647.703125,185770.984375,185995.484375,185840.375,185930.484375,-0.513916015625,0.00390625,-0.812255859375,-0.8239745497703552,0.3967284858226776,0.4272460639476776,80.0,5154.0,1.0,O,M,O,0
186127.09375,186239.75,186459.953125,186348.109375,186471.578125,186696.0,186540.78125,186631.171875,-0.51416015625,0.001708984375,-0.81201171875,-0.8239745497703552,0.4577636420726776,0.3662109076976776,80.0,5155.0,1.0,O,M,O,0
186699.65625,186812.84375,187032.796875,186921.03125,187044.140625,187268.734375,187113.53125,187204.1875,-0.51513671875,0.00146484375,-0.81201171875,-0.7324218153953552,0.3662109076976776,0.3662109076976776,80.0,5156.0,1.0,O,M,O,0
186101.53125,186214.453125,186434.390625,186323.34375,186446.109375,186670.515625,186515.75,186605.875,-0.513671875,0.0029296875,-0.810546875,-0.7019042372703552,0.4882812201976776,0.4272460639476776,80.0,5157.0,1.0,O,M,O,0
185483.015625,185596.015625,185815.96875,185704.375,185827.578125,186052.078125,185897.328125,185987.171875,-0.513916015625,0.00048828125,-0.8125,-0.6408690810203552,0.5187987685203552,0.5493163466453552,80.0,5158.0,1.0,O,M,O,0
186032.59375,186145.6875,186365.8125,186253.78125,186377.078125,186601.765625,186446.90625,186537.03125,-0.513671875,0.00048828125,-0.81298828125,-0.6408690810203552,0.4577636420726776,0.4272460639476776,80.0,5159.0,1.0,O,M,O,0
186753.125,186866.046875,187086.078125,186974.234375,187097.609375,187322.109375,187167.171875,187258.09375,-0.512939453125,0.00146484375,-0.8134765625,-0.7629393935203552,0.3967284858226776,0.3967284858226776,80.0,5160.0,1.0,O,M,O,0
186325.578125,186438.234375,186658.171875,186546.59375,186670.0625,186894.921875,186739.265625,186830.28125,-0.513427734375,0.001220703125,-0.809814453125,-0.7934569716453552,0.4577636420726776,0.5187987685203552,80.0,5161.0,1.0,O,M,O,0
185583.0625,185695.890625,185915.5625,185804.34375,185927.359375,186152.3125,185997.09375,186087.125,-0.512939453125,0.0009765625,-0.812744140625,-0.7324218153953552,0.4577636420726776,0.3967284858226776,80.0,5162.0,1.0,O,M,O,0
185946.765625,186059.5,186279.53125,186168.21875,186291.15625,186515.75,186360.546875,186451.109375,-0.51123046875,0.001708984375,-0.811767578125,-0.6713866591453552,0.4577636420726776,0.4272460639476776,80.0,5163.0,1.0,O,M,O,0
186766.890625,186879.640625,187099.75,186987.90625,187110.9375,187335.96875,187180.40625,187271.328125,-0.512451171875,-0.00048828125,-0.811279296875,-0.7019042372703552,0.4882812201976776,0.4272460639476776,80.0,5164.0,1.0,O,M,O,0
186537.5625,186650.390625,186870.515625,186758.84375,186881.609375,187106.8125,186951.25,187042.171875,-0.512939453125,0.001220703125,-0.81103515625,-0.6713866591453552,0.4272460639476776,0.3967284858226776,80.0,5165.0,1.0,O,M,O,0
185718.0625,185830.71875,186050.921875,185939.25,186062.28125,186287.140625,186132.1875,186222.140625,-0.51416015625,0.0009765625,-0.81201171875,-0.7019042372703552,0.4577636420726776,0.4272460639476776,80.0,5166.0,1.0,O,M,O,0
185874.703125,185987.625,186207.65625,186095.890625,186219.1875,186443.78125,186289.109375,186378.6875,-0.512939453125,-0.00048828125,-0.811767578125,-0.7324218153953552,0.5187987685203552,0.3967284858226776,80.0,5167.0,1.0,O,M,O,0
186741.6875,186854.515625,187074.71875,186962.78125,187085.984375,187310.75,187155.90625,187246.03125,-0.513427734375,0.001220703125,-0.8115234375,-0.6713866591453552,0.4577636420726776,0.3356933295726776,80.0,5168.0,1.0,O,M,O,0
186725.671875,186838.59375,187058.984375,186947.40625,187069.890625,187294.9375,187140.078125,187230.46875,-0.51318359375,0.001953125,-0.80908203125,-0.5493163466453552,0.5187987685203552,0.3356933295726776,80.0,5169.0,1.0,O,M,O,0
185884.625,185997.640625,186218.203125,186106.359375,186229.109375,186454.0625,186299.390625,186389.328125,-0.51416015625,0.001953125,-0.809326171875,-0.6103515028953552,0.5493163466453552,0.3356933295726776,80.0,5170.0,1.0,O,M,O,0
185822.125,185934.96875,186155.34375,186043.6875,186166.53125,186391.46875,186236.359375,186326.46875,-0.513427734375,-0.000244140625,-0.812255859375,-0.6103515028953552,0.5187987685203552,0.3967284858226776,80.0,5171.0,1.0,O,M,O,0
186685.625,186798.546875,187018.65625,186906.71875,187029.84375,187255.40625,187099.9375,187190.328125,-0.51220703125,0.0029296875,-0.811767578125,-0.6713866591453552,0.5798339247703552,0.3967284858226776,80.0,5172.0,1.0,O,M,O,0
186885.625,186998.640625,187218.671875,187106.8125,187229.9375,187454.875,187299.84375,187390.421875,-0.510498046875,0.002685546875,-0.81396484375,-0.7019042372703552,0.4577636420726776,0.4272460639476776,80.0,5173.0,1.0,O,M,O,0
186076.671875,186189.59375,186409.4375,186297.59375,186420.796875,186645.296875,186490.71875,186580.84375,-0.512939453125,-0.0009765625,-0.81494140625,-0.7019042372703552,0.4577636420726776,0.4272460639476776,80.0,5174.0,1.0,O,M,O,0
185803.984375,185916.8125,186136.75,186024.734375,186148.015625,186372.78125,186218.03125,186307.875,-0.513916015625,0.000732421875,-0.814453125,-0.7934569716453552,0.4272460639476776,0.4272460639476776,80.0,5175.0,1.0,O,M,O,0
186608.828125,186721.390625,186941.78125,186829.75,186953.046875,187177.890625,187022.78125,187112.8125,-0.514892578125,0.001220703125,-0.81640625,-0.7019042372703552,0.4577636420726776,0.4272460639476776,80.0,5176.0,1.0,O,M,O,0
187013.75,187126.578125,187346.78125,187234.765625,187357.78125,187583.0,187428.0625,187518.265625,-0.51416015625,0.00146484375,-0.813720703125,-0.6408690810203552,0.4577636420726776,0.5187987685203552,80.0,5177.0,1.0,O,M,O,0
186292.5,186405.78125,186625.546875,186513.96875,186636.890625,186861.84375,186707.171875,186797.203125,-0.513916015625,0.00244140625,-0.8115234375,-0.6103515028953552,0.4882812201976776,0.5187987685203552,80.0,5178.0,1.0,O,M,O,0
185826.421875,185939.609375,186159.28125,186048.234375,186170.90625,186395.765625,186241.0,186330.859375,-0.513671875,0.001708984375,-0.81005859375,-0.7019042372703552,0.5187987685203552,0.4272460639476776,80.0,5179.0,1.0,O,M,O,0
186516.734375,186629.828125,186849.78125,186738.1875,186860.953125,187085.984375,186930.6875,187021.34375,-0.513671875,0.000732421875,-0.8095703125,-0.7324218153953552,0.4577636420726776,0.4882812201976776,80.0,5180.0,1.0,O,M,O,0
187102.171875,187215.0,187435.296875,187323.1875,187446.03125,187671.15625,187515.859375,187606.6875,-0.513916015625,-0.000244140625,-0.807861328125,-0.6408690810203552,0.4272460639476776,0.3967284858226776,80.0,5181.0,1.0,O,M,O,0
186515.921875,186628.484375,186849.0625,186737.296875,186859.96875,187085.265625,186929.96875,187020.546875,-0.51416015625,0.00146484375,-0.81201171875,-0.6713866591453552,0.4272460639476776,0.4577636420726776,80.0,5182.0,1.0,O,M,O,0
185886.953125,185999.953125,186219.984375,186108.59375,186231.25,186456.296875,186301.171875,186391.46875,-0.514892578125,0.00146484375,-0.812744140625,-0.7324218153953552,0.4882812201976776,0.4882812201976776,80.0,5183.0,1.0,O,M,O,0
186424.640625,186537.921875,186757.953125,186645.921875,186769.046875,186994.171875,186838.859375,186929.078125,-0.515625,0.000244140625,-0.81103515625,-0.7019042372703552,0.4577636420726776,0.3662109076976776,80.0,5184.0,1.0,O,M,O,0
187153.765625,187266.859375,187486.703125,187374.5,187497.96875,187722.75,187567.625,187658.1875,-0.515380859375,0.0009765625,-0.809326171875,-0.7324218153953552,0.5187987685203552,0.4577636420726776,80.0,5185.0,1.0,O,M,O,0
186741.0625,186854.15625,187074.09375,186961.984375,187085.1875,187310.21875,187154.828125,187245.3125,-0.514892578125,0.001953125,-0.809814453125,-0.7019042372703552,0.5187987685203552,0.3662109076976776,80.0,5186.0,1.0,O,M,O,0
185991.015625,186103.40625,186323.609375,186211.859375,186334.96875,186559.5625,186404.4375,186494.828125,-0.515625,0.001220703125,-0.811279296875,-0.7934569716453552,0.5187987685203552,0.3662109076976776,80.0,5187.0,1.0,O,M,O,0
186337.828125,186450.484375,186670.6875,186558.84375,186681.953125,186906.8125,186751.78125,186842.078125,-0.514404296875,0.0009765625,-0.810546875,-0.7629393935203552,0.5187987685203552,0.4577636420726776,80.0,5188.0,1.0,O,M,O,0
187162.4375,187275.0,187495.46875,187383.4375,187506.46875,187731.78125,187576.5625,187667.140625,-0.514404296875,0.0,-0.80908203125,-0.6713866591453552,0.4272460639476776,0.3967284858226776,80.0,5189.0,1.0,O,M,O,0
186950.890625,187063.375,187284.203125,187172.0,187294.9375,187520.234375,187364.84375,187455.5,-0.513916015625,-0.002197265625,-0.811279296875,-0.7629393935203552,0.5493163466453552,0.3967284858226776,80.0,5190.0,1.0,O,M,O,0
186127.015625,186239.84375,186460.140625,186348.296875,186471.40625,186696.265625,186541.234375,186631.265625,-0.51220703125,0.0,-0.80908203125,-0.7629393935203552,0.5493163466453552,0.4577636420726776,80.0,5191.0,1.0,O,M,O,0
186263.890625,186376.546875,186597.109375,186485.265625,186608.546875,186832.96875,186678.109375,186768.140625,-0.512451171875,0.001220703125,-0.810546875,-0.6713866591453552,0.5187987685203552,0.4882812201976776,80.0,5192.0,1.0,O,M,O,0
187133.90625,187246.46875,187466.859375,187354.921875,187477.859375,187703.15625,187547.859375,187638.171875,-0.513427734375,0.0029296875,-0.81103515625,-0.7019042372703552,0.5493163466453552,0.3967284858226776,80.0,5193.0,1.0,O,M,O,0
187138.46875,187251.296875,187471.328125,187359.65625,187482.328125,187707.546875,187552.25,187642.8125,-0.51318359375,0.000732421875,-0.81103515625,-0.7324218153953552,0.4577636420726776,0.3967284858226776,80.0,5194.0,1.0,O,M,O,0
186299.203125,186411.953125,186632.25,186520.3125,186643.421875,186868.28125,186712.890625,186803.28125,-0.513427734375,0.0,-0.80908203125,-0.7324218153953552,0.4577636420726776,0.5187987685203552,80.0,5195.0,1.0,O,M,O,0
186218.46875,186331.125,186551.421875,186439.3125,186562.59375,186787.453125,186631.890625,186722.546875,-0.514892578125,0.000732421875,-0.81298828125,-0.7934569716453552,0.4882812201976776,0.4272460639476776,80.0,5196.0,1.0,O,M,O,0
187078.5625,187191.390625,187411.421875,187299.21875,187422.6875,187647.46875,187492.25,187583.0,-0.51416015625,0.001953125,-0.81298828125,-0.7934569716453552,0.4577636420726776,0.4577636420726776,80.0,5197.0,1.0,O,M,O,0
187298.515625,187411.78125,187631.546875,187519.171875,187642.8125,187867.671875,187712.734375,187803.203125,-0.5126953125,0.00146484375,-0.8154296875,-0.8239745497703552,0.4882812201976776,0.3967284858226776,80.0,5198.0,1.0,O,M,O,0
186495.71875,186608.375,186828.671875,186716.5625,186839.84375,187064.796875,186909.40625,186999.890625,-0.513671875,0.000244140625,-0.812744140625,-0.7629393935203552,0.3967284858226776,0.4882812201976776,80.0,5199.0,1.0,O,M,O,0
186204.875,186317.359375,186537.5625,186425.625,186549.015625,186773.953125,186618.390625,186708.953125,-0.51416015625,0.001220703125,-0.812744140625,-0.7324218153953552,0.3967284858226776,0.4577636420726776,80.0,5200.0,1.0,O,M,O,0
187000.0625,187112.8125,187332.65625,187220.71875,187343.921875,187569.046875,187413.671875,187504.234375,-0.514892578125,-0.00048828125,-0.81201171875,-0.7324218153953552,0.4577636420726776,0.4882812201976776,80.0,5201.0,1.0,O,M,O,0
187422.421875,187534.984375,187755.015625,187642.90625,187766.546875,187991.40625,187836.375,187926.6875,-0.512451171875,-0.00048828125,-0.81298828125,-0.7019042372703552,0.3662109076976776,0.4577636420726776,80.0,5202.0,1.0,O,M,O,0
186711.015625,186823.40625,187044.0625,186931.765625,187054.96875,187280.0,187124.875,187215.1875,-0.513671875,-0.001220703125,-0.811279296875,-0.8239745497703552,0.4577636420726776,0.4577636420726776,80.0,5203.0,1.0,O,M,O,0
186227.046875,186339.796875,186560.28125,186447.890625,186571.0,186796.046875,186641.015625,186731.046875,-0.5126953125,0.0009765625,-0.809814453125,-0.7934569716453552,0.4272460639476776,0.4272460639476776,80.0,5204.0,1.0,O,M,O,0
186906.8125,187020.09375,187240.21875,187128.015625,187251.21875,187476.421875,187321.03125,187411.15625,-0.512939453125,0.000732421875,-0.808837890625,-0.7934569716453552,0.5187987685203552,0.4272460639476776,80.0,5205.0,1.0,O,M,O,0
187505.578125,187618.765625,187838.609375,187726.59375,187849.875,188074.828125,187919.53125,188010.09375,-0.515625,0.00146484375,-0.811767578125,-0.6713866591453552,0.4882812201976776,0.3662109076976776,80.0,5206.0,1.0,O,M,O,0
186933.109375,187046.015625,187265.96875,187153.765625,187277.234375,187502.171875,187347.140625,187437.359375,-0.515869140625,0.00244140625,-0.810546875,-0.7324218153953552,0.5493163466453552,0.3356933295726776,80.0,5207.0,1.0,O,M,O,0
186290.265625,186403.0,186623.03125,186511.09375,186634.484375,186859.34375,186704.125,186794.15625,-0.5146484375,0.0009765625,-0.8125,-0.7934569716453552,0.4577636420726776,0.4882812201976776,80.0,5208.0,1.0,O,M,O,0
186810.4375,186923.359375,187143.5625,187031.359375,187154.921875,187380.046875,187224.65625,187314.953125,-0.515869140625,0.0029296875,-0.8115234375,-0.8239745497703552,0.5187987685203552,0.4882812201976776,80.0,5209.0,1.0,O,M,O,0
187549.03125,187662.21875,187882.328125,187769.953125,187893.875,188119.265625,187963.34375,188054.0,-0.5146484375,0.001220703125,-0.812255859375,-0.7324218153953552,0.4882812201976776,0.4882812201976776,80.0,5210.0,1.0,O,M,O,0
187152.421875,187264.984375,187485.453125,187372.984375,187496.71875,187721.84375,187566.28125,187656.84375,-0.51416015625,0.001708984375,-0.81201171875,-0.6713866591453552,0.4577636420726776,0.4272460639476776,80.0,5211.0,1.0,O,M,O,0
186394.0625,186506.625,186726.65625,186614.8125,186738.375,186963.140625,186807.9375,186898.234375,-0.512939453125,0.0009765625,-0.81103515625,-0.6713866591453552,0.3662109076976776,0.4272460639476776,80.0,5212.0,1.0,O,M,O,0
186724.0625,186837.25,187056.9375,186945.078125,187068.828125,187293.5,187138.109375,187228.59375,-0.513427734375,0.00146484375,-0.812255859375,-0.6408690810203552,0.3662109076976776,0.4882812201976776,80.0,5213.0,1.0,O,M,O,0
187555.109375,187668.65625,187888.6875,187776.125,187899.59375,188124.890625,187969.15625,188060.078125,-0.515869140625,0.003662109375,-0.813720703125,-0.7324218153953552,0.3967284858226776,0.4882812201976776,80.0,5214.0,1.0,O,M,O,0
187360.203125,187473.125,187693.515625,187580.859375,187704.234375,187929.625,187773.96875,187864.546875,-0.516357421875,0.00146484375,-0.810546875,-0.7324218153953552,0.4882812201976776,0.3662109076976776,80.0,5215.0,1.0,O,M,O,0
186534.171875,186646.546875,186866.84375,186754.375,186878.203125,187102.96875,186947.671875,187037.96875,-0.514404296875,0.000244140625,-0.810302734375,-0.7629393935203552,0.4882812201976776,0.3967284858226776,80.0,5216.0,1.0,O,M,O,0
186652.359375,186765.375,186985.578125,186873.46875,186997.03125,187221.703125,187066.5,187156.984375,-0.51416015625,-0.0009765625,-0.810546875,-0.8239745497703552,0.5187987685203552,0.5187987685203552,80.0,5217.0,1.0,O,M,O,0
187522.03125,187635.296875,187855.78125,187743.390625,187866.6875,188091.640625,187936.515625,188027.171875,-0.513671875,0.0,-0.81298828125,-0.7019042372703552,0.5187987685203552,0.4272460639476776,80.0,5218.0,1.0,O,M,O,0
187542.953125,187655.875,187876.53125,187763.953125,187886.984375,188112.375,187956.984375,188047.828125,-0.5146484375,0.00146484375,-0.8134765625,-0.7324218153953552,0.4882812201976776,0.4882812201976776,80.0,5219.0,1.0,O,M,O,0
186703.765625,186816.25,187036.640625,186924.421875,187047.8125,187272.765625,187117.734375,187208.296875,-0.514892578125,0.001953125,-0.81005859375,-0.7324218153953552,0.4272460639476776,0.4577636420726776,80.0,5220.0,1.0,O,M,O,0
186604.53125,186716.921875,186937.125,186825.28125,186948.5625,187173.34375,187018.65625,187108.78125,-0.513427734375,0.00146484375,-0.812255859375,-0.6408690810203552,0.4882812201976776,0.4882812201976776,80.0,5221.0,1.0,O,M,O,0
187461.9375,187574.6875,187794.71875,187682.953125,187805.984375,188031.109375,187875.71875,187966.5625,-0.51171875,0.0009765625,-0.81201171875,-0.7324218153953552,0.4577636420726776,0.4577636420726776,80.0,5222.0,1.0,O,M,O,0
187700.65625,187813.40625,188033.96875,187921.578125,188044.703125,188270.1875,188114.53125,188205.546875,-0.51318359375,0.001220703125,-0.812744140625,-0.7324218153953552,0.5493163466453552,0.4882812201976776,80.0,5223.0,1.0,O,M,O,0
186905.5625,187018.484375,187239.5,187126.578125,187250.046875,187475.0,187319.515625,187410.359375,-0.512939453125,0.00146484375,-0.810302734375,-0.7019042372703552,0.5187987685203552,0.4577636420726776,80.0,5224.0,1.0,O,M,O,0
186597.5625,186709.859375,186930.59375,186818.21875,186941.78125,187166.625,187011.0625,187101.90625,-0.51513671875,0.001953125,-0.810791015625,-0.7324218153953552,0.5798339247703552,0.4272460639476776,80.0,5225.0,1.0,O,M,O,0
187385.6875,187498.25,187718.625,187606.515625,187730.078125,187955.203125,187799.453125,187890.46875,-0.516845703125,0.001220703125,-0.8115234375,-0.7629393935203552,0.6408690810203552,0.3967284858226776,80.0,5226.0,1.0,O,M,O,0
187824.3125,187937.328125,188157.625,188045.140625,188168.53125,188393.5625,188238.0,188329.1875,-0.515869140625,0.000732421875,-0.81298828125,-0.7324218153953552,0.5187987685203552,0.3967284858226776,80.0,5227.0,1.0,O,M,O,0
187122.90625,187235.921875,187456.125,187343.75,187467.3125,187692.171875,187536.78125,187627.34375,-0.513671875,0.00146484375,-0.810791015625,-0.7934569716453552,0.4577636420726776,0.4272460639476776,80.0,5228.0,1.0,O,M,O,0
186624.375,186737.125,186957.59375,186845.125,186968.59375,187193.453125,187038.0625,187128.546875,-0.512939453125,0.00244140625,-0.81005859375,-0.8544921278953552,0.4882812201976776,0.4577636420726776,80.0,5229.0,1.0,O,M,O,0
187291.359375,187404.1875,187624.390625,187512.09375,187635.21875,187860.609375,187705.125,187795.875,-0.51318359375,0.001953125,-0.808837890625,-0.7324218153953552,0.4882812201976776,0.3967284858226776,80.0,5230.0,1.0,O,M,O,0
187902.546875,188015.90625,188235.9375,188123.5625,188246.84375,188472.25,188316.40625,188407.421875,-0.513671875,0.0,-0.810791015625,-0.7019042372703552,0.4882812201976776,0.3662109076976776,80.0,5231.0,1.0,O,M,O,0
187342.765625,187456.125,187676.078125,187563.515625,187687.25,187912.375,187756.71875,187847.46875,-0.514892578125,0.00048828125,-0.812255859375,-0.7019042372703552,0.4882812201976776,0.3662109076976776,80.0,5232.0,1.0,O,M,O,0
186687.328125,186800.25,187020.71875,186907.984375,187031.625,187256.9375,187101.453125,187191.484375,-0.5146484375,0.000732421875,-0.81201171875,-0.7324218153953552,0.5493163466453552,0.4577636420726776,80.0,5233.0,1.0,O,M,O,0
187191.3125,187304.40625,187524.96875,187412.328125,187535.890625,187761.015625,187605.4375,187696.1875,-0.513671875,0.002197265625,-0.8134765625,-0.7324218153953552,0.5798339247703552,0.4272460639476776,80.0,5234.0,1.0,O,M,O,0
187941.171875,188054.171875,188274.390625,188162.09375,188285.03125,188510.515625,188355.125,188446.046875,-0.51416015625,0.00146484375,-0.8125,-0.7629393935203552,0.5187987685203552,0.4882812201976776,80.0,5235.0,1.0,O,M,O,0
187562.96875,187676.078125,187896.46875,187783.890625,187907.015625,188132.234375,187976.921875,188067.5,-0.515380859375,0.0009765625,-0.813720703125,-0.7934569716453552,0.4577636420726776,0.4577636420726776,80.0,5236.0,1.0,O,M,O,0
186795.140625,186908.515625,187128.453125,187016.25,187139.453125,187364.21875,187209.015625,187299.40625,-0.513671875,0.0009765625,-0.8115234375,-0.7324218153953552,0.4882812201976776,0.5493163466453552,80.0,5237.0,1.0,O,M,O,0
187109.40625,187222.59375,187442.546875,187330.34375,187453.71875,187678.484375,187523.453125,187613.9375,-0.51416015625,0.00146484375,-0.80908203125,-0.7019042372703552,0.4882812201976776,0.3356933295726776,80.0,5238.0,1.0,O,M,O,0
187946.890625,188059.8125,188280.46875,188167.90625,188291.546875,188516.671875,188360.75,188451.671875,-0.512939453125,-0.000244140625,-0.810302734375,-0.6408690810203552,0.3967284858226776,0.3967284858226776,80.0,5239.0,1.0,O,M,O,0
187770.21875,187883.3125,188104.0625,187991.328125,188115.234375,188340.1875,188184.359375,188275.28125,-0.5126953125,-0.00048828125,-0.81298828125,-0.6103515028953552,0.3967284858226776,0.3662109076976776,80.0,5240.0,1.0,O,M,O,0
186939.53125,187052.640625,187273.03125,187160.828125,187284.5625,187509.15625,187354.03125,187444.15625,-0.51318359375,0.001220703125,-0.8125,-0.6103515028953552,0.5493163466453552,0.3967284858226776,80.0,5241.0,1.0,O,M,O,0
187039.5,187152.5,187372.984375,187260.515625,187384.34375,187609.203125,187454.078125,187544.203125,-0.513671875,0.001220703125,-0.812744140625,-0.6103515028953552,0.4882812201976776,0.4577636420726776,80.0,5242.0,1.0,O,M,O,0
187912.28125,188025.296875,188245.6875,188133.21875,188257.046875,188482.34375,188326.328125,188417.078125,-0.51318359375,-0.00048828125,-0.812255859375,-0.6713866591453552,0.5187987685203552,0.5493163466453552,80.0,5243.0,1.0,O,M,O,0
187952.703125,188065.265625,188286.28125,188173.265625,188296.921875,188522.3125,188366.390625,188457.21875,-0.512939453125,0.000732421875,-0.80908203125,-0.6713866591453552,0.4272460639476776,0.4882812201976776,80.0,5244.0,1.0,O,M,O,0
187115.21875,187227.78125,187448.265625,187335.875,187459.265625,187684.484375,187528.734375,187619.5625,-0.515380859375,0.002197265625,-0.809326171875,-0.6713866591453552,0.3967284858226776,0.4272460639476776,80.0,5245.0,1.0,O,M,O,0
187000.875,187113.53125,187333.828125,187221.625,187345.171875,187569.859375,187414.734375,187505.578125,-0.512451171875,0.001220703125,-0.809326171875,-0.6103515028953552,0.3356933295726776,0.4272460639476776,80.0,5246.0,1.0,O,M,O,0
187852.65625,187966.015625,188186.3125,188073.484375,188197.046875,188422.171875,188266.875,188357.984375,-0.5126953125,0.00146484375,-0.810302734375,-0.6408690810203552,0.4882812201976776,0.4272460639476776,80.0,5247.0,1.0,O,M,O,0
188106.84375,188220.03125,188440.5,188327.578125,188451.234375,188676.890625,188521.140625,188612.25,-0.5126953125,-0.000244140625,-0.81201171875,-0.7629393935203552,0.3662109076976776,0.5493163466453552,80.0,5248.0,1.0,O,M,O,0
187315.765625,187428.6875,187648.984375,187536.328125,187659.625,187885.46875,187729.8125,187820.28125,-0.513916015625,-0.000244140625,-0.811767578125,-0.6713866591453552,0.3662109076976776,0.3967284858226776,80.0,5249.0,1.0,O,M,O,0
186990.328125,187103.421875,187323.546875,187210.796875,187334.53125,187559.671875,187404.28125,187494.75,-0.512939453125,0.000244140625,-0.8115234375,-0.6713866591453552,0.4577636420726776,0.4577636420726776,80.0,5250.0,1.0,O,M,O,0
187769.234375,187882.328125,188102.640625,187989.796875,188113.453125,188338.671875,188183.28125,188273.9375,-0.512451171875,0.0,-0.811767578125,-0.6408690810203552,0.4577636420726776,0.4272460639476776,80.0,5251.0,1.0,O,F,O,0
188222.53125,188335.8125,188556.28125,188443.625,188566.828125,188792.5,188636.84375,188728.125,-0.51220703125,-0.000244140625,-0.811279296875,-0.6408690810203552,0.4882812201976776,0.4577636420726776,80.0,5252.0,1.0,O,F,O,0
187529.984375,187643.0,187863.5625,187751.171875,187874.5625,188099.765625,187944.296875,188035.21875,-0.51318359375,-0.000732421875,-0.813720703125,-0.7629393935203552,0.5187987685203552,0.3967284858226776,80.0,5253.0,1.0,O,F,O,0
187018.65625,187131.40625,187351.796875,187239.5,187363.15625,187588.0,187432.703125,187523.453125,-0.51318359375,0.001708984375,-0.8134765625,-0.7629393935203552,0.4882812201976776,0.4882812201976776,80.0,5254.0,1.0,O,F,O,0
187675.71875,187788.8125,188009.03125,187896.375,188019.84375,188244.96875,188089.671875,188180.953125,-0.512451171875,0.002197265625,-0.811279296875,-0.6408690810203552,0.4272460639476776,0.4882812201976776,80.0,5255.0,1.0,O,F,O,0
188300.40625,188413.859375,188634.25,188521.234375,188644.53125,188870.28125,188714.453125,188806.09375,-0.512939453125,0.0009765625,-0.8125,-0.6408690810203552,0.4272460639476776,0.3967284858226776,80.0,5256.0,1.0,O,F,O,0
187752.96875,187866.25,188086.546875,187973.703125,188097.1875,188322.9375,188167.0,188258.109375,-0.512939453125,0.00244140625,-0.81005859375,-0.7019042372703552,0.4272460639476776,0.3967284858226776,80.0,5257.0,1.0,O,F,O,0
187087.234375,187200.078125,187420.453125,187308.15625,187431.359375,187656.84375,187501.46875,187592.03125,-0.513671875,-0.000244140625,-0.8095703125,-0.7019042372703552,0.3662109076976776,0.4577636420726776,80.0,5258.0,1.0,O,F,O,0
187578.625,187691.265625,187911.84375,187799.359375,187922.84375,188148.234375,187992.9375,188083.59375,-0.51416015625,0.001708984375,-0.8134765625,-0.7324218153953552,0.5187987685203552,0.3662109076976776,80.0,5259.0,1.0,O,F,O,0
188336.703125,188449.71875,188670.28125,188557.890625,188681.28125,188906.578125,188751.375,188842.125,-0.513916015625,0.002197265625,-0.81201171875,-0.7629393935203552,0.4882812201976776,0.3662109076976776,80.0,5260.0,1.0,O,F,O,0
187972.1875,188085.375,188305.671875,188193.109375,188316.859375,188541.625,188386.234375,188477.421875,-0.51318359375,0.001220703125,-0.813232421875,-0.7934569716453552,0.5187987685203552,0.4577636420726776,80.0,5261.0,1.0,O,F,O,0
187197.921875,187311.03125,187531.234375,187418.671875,187542.59375,187767.265625,187612.140625,187702.8125,-0.515625,0.000244140625,-0.8115234375,-0.7324218153953552,0.4272460639476776,0.4272460639476776,80.0,5262.0,1.0,O,F,O,0
187492.96875,187606.0625,187826.015625,187713.71875,187837.546875,188062.484375,187907.1875,187997.84375,-0.5166015625,0.000732421875,-0.81201171875,-0.7019042372703552,0.4272460639476776,0.4272460639476776,80.0,5263.0,1.0,O,F,O,0
188335.1875,188448.109375,188668.3125,188555.75,188679.40625,188904.796875,188749.3125,188840.328125,-0.51513671875,0.000732421875,-0.8134765625,-0.6408690810203552,0.4272460639476776,0.4272460639476776,80.0,5264.0,1.0,O,F,O,0
188177.46875,188290.296875,188510.6875,188398.484375,188521.859375,188746.984375,188591.515625,188682.34375,-0.514404296875,0.001220703125,-0.8115234375,-0.6713866591453552,0.4882812201976776,0.4577636420726776,80.0,5265.0,1.0,O,F,O,0
187344.90625,187457.734375,187677.953125,187565.921875,187689.3125,187914.4375,187758.953125,187849.703125,-0.51318359375,0.0029296875,-0.814208984375,-0.7324218153953552,0.3967284858226776,0.4272460639476776,80.0,5266.0,1.0,O,F,O,0
187426.265625,187539.109375,187759.40625,187647.734375,187770.84375,187996.15625,187840.765625,187931.515625,-0.514892578125,0.00146484375,-0.81396484375,-0.7019042372703552,0.5187987685203552,0.3356933295726776,80.0,5267.0,1.0,O,F,O,0
188299.0625,188412.515625,188632.546875,188520.96875,188643.8125,188869.390625,188713.90625,188804.921875,-0.513671875,0.003173828125,-0.811279296875,-0.7934569716453552,0.5798339247703552,0.3356933295726776,80.0,5268.0,1.0,O,F,O,0
188356.640625,188469.734375,188690.125,188578.015625,188700.59375,188926.25,188771.125,188861.96875,-0.513427734375,0.00146484375,-0.813720703125,-0.7629393935203552,0.4577636420726776,0.3967284858226776,80.0,5269.0,1.0,O,F,O,0
187520.6875,187633.515625,187854.0,187741.96875,187864.90625,188090.296875,187935.078125,188025.828125,-0.51220703125,0.00048828125,-0.8115234375,-0.7324218153953552,0.4577636420726776,0.4272460639476776,80.0,5270.0,1.0,O,F,O,0
187386.75,187499.671875,187719.96875,187607.671875,187731.234375,187956.359375,187800.96875,187891.71875,-0.513916015625,0.00244140625,-0.813232421875,-0.7934569716453552,0.4577636420726776,0.4577636420726776,80.0,5271.0,1.0,O,F,O,0
188234.421875,188347.703125,188567.90625,188455.53125,188579.0,188804.203125,188648.546875,188739.84375,-0.515869140625,0.002197265625,-0.812255859375,-0.7934569716453552,0.3967284858226776,0.4577636420726776,80.0,5272.0,1.0,O,F,O,0
188505.953125,188619.578125,188839.703125,188727.328125,188850.703125,189076.09375,188920.171875,189011.90625,-0.514892578125,0.001220703125,-0.81201171875,-0.7324218153953552,0.4882812201976776,0.3967284858226776,80.0,5273.0,1.0,O,F,O,0
187719.078125,187832.359375,188052.484375,187940.453125,188063.65625,188289.046875,188133.296875,188224.40625,-0.51416015625,0.0,-0.811279296875,-0.6713866591453552,0.4882812201976776,0.4272460639476776,80.0,5274.0,1.0,O,F,O,0
187376.734375,187490.109375,187710.046875,187598.109375,187721.5,187946.703125,187791.234375,187881.890625,-0.51513671875,0.0,-0.809326171875,-0.7629393935203552,0.4882812201976776,0.3356933295726776,80.0,5275.0,1.0,O,F,O,0
188147.0625,188260.53125,188480.46875,188367.8125,188491.640625,188717.046875,188561.5625,188652.671875,-0.51318359375,0.00048828125,-0.808837890625,-0.6408690810203552,0.4882812201976776,0.3662109076976776,80.0,5276.0,1.0,O,F,O,0
188618.15625,188731.25,188951.46875,188838.625,188962.46875,189187.671875,189032.28125,189123.390625,-0.5166015625,0.0,-0.808349609375,-0.7324218153953552,0.4577636420726776,0.3967284858226776,80.0,5277.0,1.0,O,F,O,0
187938.296875,188050.78125,188271.4375,188158.78125,188282.15625,188507.375,188352.265625,188443.1875,-0.51708984375,0.0,-0.809814453125,-0.7934569716453552,0.5187987685203552,0.4577636420726776,80.0,5278.0,1.0,O,F,O,0
187412.328125,187524.96875,187745.1875,187632.71875,187755.90625,187981.3125,187826.28125,187917.296875,-0.514892578125,0.0,-0.811279296875,-0.7629393935203552,0.4882812201976776,0.4577636420726776,80.0,5279.0,1.0,O,F,O,0
188056.671875,188169.6875,188389.546875,188277.15625,188400.71875,188625.84375,188470.71875,188561.828125,-0.51318359375,0.000732421875,-0.810546875,-0.8239745497703552,0.4577636420726776,0.4272460639476776,80.0,5280.0,1.0,O,F,O,0
188694.0625,188807.15625,189027.109375,188915.078125,189038.375,189263.765625,189108.46875,189199.390625,-0.513671875,0.00244140625,-0.813720703125,-0.7019042372703552,0.5187987685203552,0.3967284858226776,80.0,5281.0,1.0,O,F,O,0
188161.90625,188274.921875,188495.125,188383.109375,188506.390625,188731.515625,188576.40625,188667.234375,-0.513671875,0.00048828125,-0.812255859375,-0.6408690810203552,0.5493163466453552,0.4272460639476776,80.0,5282.0,1.0,O,F,O,0
187486.625,187599.453125,187819.65625,187707.8125,187831.109375,188056.046875,187901.203125,187991.59375,-0.513916015625,0.001708984375,-0.8115234375,-0.7629393935203552,0.4577636420726776,0.3967284858226776,80.0,5283.0,1.0,O,F,O,0
187962.796875,188075.984375,188295.84375,188183.8125,188307.203125,188532.40625,188377.296875,188467.859375,-0.51123046875,0.000244140625,-0.813232421875,-0.6713866591453552,0.4577636420726776,0.3967284858226776,80.0,5284.0,1.0,O,F,O,0
188728.65625,188841.84375,189061.609375,188949.5,189072.96875,189298.625,189142.796875,189233.8125,-0.51416015625,0.000732421875,-0.813720703125,-0.7019042372703552,0.5187987685203552,0.4882812201976776,80.0,5285.0,1.0,O,F,O,0
188377.828125,188490.921875,188710.953125,188598.75,188722.40625,188947.625,188792.3125,188883.0625,-0.514404296875,0.00048828125,-0.813232421875,-0.7629393935203552,0.5798339247703552,0.4272460639476776,80.0,5286.0,1.0,O,F,O,0
187594.265625,187707.71875,187927.484375,187815.1875,187938.9375,188163.78125,188008.9375,188099.421875,-0.5146484375,0.001220703125,-0.81396484375,-0.7629393935203552,0.3967284858226776,0.4577636420726776,80.0,5287.0,1.0,O,F,O,0
187875.0,187988.28125,188208.484375,188096.109375,188219.671875,188444.34375,188289.40625,188380.421875,-0.515380859375,0.001708984375,-0.81103515625,-0.7324218153953552,0.3967284858226776,0.5493163466453552,80.0,5288.0,1.0,O,F,O,0
188721.78125,188834.96875,189055.4375,188942.796875,189066.4375,189291.484375,189136.0,189227.375,-0.513916015625,0.0,-0.809326171875,-0.6713866591453552,0.4882812201976776,0.5493163466453552,80.0,5289.0,1.0,O,F,O,0
188578.8125,188691.734375,188912.296875,188799.65625,188923.296875,189148.609375,188992.859375,189084.0625,-0.513427734375,0.001708984375,-0.8115234375,-0.7629393935203552,0.3967284858226776,0.4882812201976776,80.0,5290.0,1.0,O,F,O,0
187742.859375,187855.609375,188076.4375,187963.96875,188087.53125,188312.5625,188157.4375,188248.28125,-0.512451171875,0.001953125,-0.81005859375,-0.7934569716453552,0.4272460639476776,0.5187987685203552,80.0,5291.0,1.0,O,F,O,0
187811.609375,187924.171875,188144.828125,188032.453125,188155.828125,188380.6875,188225.84375,188316.5,-0.514404296875,0.001953125,-0.8095703125,-0.7324218153953552,0.3967284858226776,0.4272460639476776,80.0,5292.0,1.0,O,F,O,0
188686.375,188799.390625,189019.59375,188907.125,189030.765625,189255.984375,189100.421875,189191.609375,-0.51416015625,0.001708984375,-0.814208984375,-0.6408690810203552,0.3051757514476776,0.4882812201976776,80.0,5293.0,1.0,O,F,O,0
188760.3125,188873.328125,189093.53125,188981.328125,189104.890625,189329.75,189174.71875,189265.90625,-0.5146484375,0.0009765625,-0.81494140625,-0.7629393935203552,0.4577636420726776,0.4882812201976776,80.0,5294.0,1.0,O,F,O,0
187926.234375,188039.328125,188259.71875,188147.515625,188270.8125,188495.671875,188340.640625,188431.5625,-0.51611328125,0.0,-0.81494140625,-0.7629393935203552,0.4577636420726776,0.4272460639476776,80.0,5295.0,1.0,O,F,O,0
187776.65625,187889.75,188110.234375,187998.125,188121.40625,188346.359375,188190.96875,188281.8125,-0.51513671875,0.000244140625,-0.813232421875,-0.7629393935203552,0.5493163466453552,0.4577636420726776,80.0,5296.0,1.0,O,F,O,0
188620.03125,188732.953125,188953.78125,188841.5,188964.703125,189190.09375,189034.703125,189125.8125,-0.5146484375,0.0009765625,-0.81103515625,-0.6408690810203552,0.5798339247703552,0.3967284858226776,80.0,5297.0,1.0,O,F,O,0
188905.234375,189017.796875,189238.28125,189125.984375,189249.1875,189474.859375,189319.546875,189410.5625,-0.5146484375,0.001708984375,-0.81298828125,-0.6713866591453552,0.4882812201976776,0.4272460639476776,80.0,5298.0,1.0,O,F,O,0
188126.328125,188239.0625,188459.1875,188346.890625,188470.28125,188695.578125,188540.28125,188631.125,-0.514892578125,-0.0009765625,-0.814453125,-0.7629393935203552,0.4577636420726776,0.4272460639476776,80.0,5299.0,1.0,O,F,O,0
187768.875,187882.15625,188102.359375,187990.15625,188113.546875,188338.484375,188183.453125,188274.109375,-0.513916015625,-0.0009765625,-0.8125,-0.7019042372703552,0.3051757514476776,0.4577636420726776,80.0,5300.0,1.0,O,F,O,0
188531.15625,188644.53125,188865.0,188752.984375,188875.734375,189101.21875,188945.65625,189036.9375,-0.513671875,0.000244140625,-0.812744140625,-0.7324218153953552,0.4272460639476776,0.4577636420726776,80.0,5301.0,1.0,O,F,O,0
189014.5,189127.6875,189348.34375,189235.78125,189358.71875,189584.28125,189428.71875,189520.265625,-0.515625,0.0,-0.812255859375,-0.7934569716453552,0.4272460639476776,0.5187987685203552,80.0,5302.0,1.0,O,F,O,0
188342.421875,188455.25,188676.1875,188563.34375,188686.8125,188911.953125,188756.5625,188847.578125,-0.513671875,0.0,-0.8115234375,-0.7324218153953552,0.4577636420726776,0.4882812201976776,80.0,5303.0,1.0,O,F,O,0
187805.984375,187918.453125,188139.375,188027.0,188149.84375,188375.5,188220.203125,188310.953125,-0.5146484375,-0.000244140625,-0.81298828125,-0.7934569716453552,0.4272460639476776,0.3967284858226776,80.0,5304.0,1.0,O,F,O,0
188438.0,188551.09375,188771.484375,188659.109375,188781.859375,189007.796875,188852.140625,188943.5,-0.5126953125,-0.000244140625,-0.811767578125,-0.7324218153953552,0.4577636420726776,0.4577636420726776,80.0,5305.0,1.0,O,F,O,0
189086.921875,189200.015625,189420.578125,189307.75,189430.953125,189656.796875,189501.046875,189592.609375,-0.513427734375,0.00146484375,-0.811767578125,-0.7324218153953552,0.5493163466453552,0.3356933295726776,80.0,5306.0,1.0,O,F,O,0
188566.125,188679.125,188899.875,188786.953125,188910.78125,189136.09375,188980.703125,189071.71875,-0.5146484375,0.000244140625,-0.8095703125,-0.7019042372703552,0.5493163466453552,0.3356933295726776,80.0,5307.0,1.0,O,F,O,0
187880.09375,187993.5625,188213.859375,188101.46875,188224.9375,188450.15625,188294.765625,188385.421875,-0.513916015625,0.0,-0.81591796875,-0.7324218153953552,0.4272460639476776,0.3967284858226776,80.0,5308.0,1.0,O,F,O,0
188342.953125,188456.5,188676.453125,188564.328125,188687.890625,188912.65625,188757.71875,188848.46875,-0.513916015625,0.001220703125,-0.812744140625,-0.7324218153953552,0.4577636420726776,0.4882812201976776,80.0,5309.0,1.0,O,F,O,0
189117.671875,189231.125,189451.515625,189339.046875,189462.25,189687.90625,189532.4375,189623.53125,-0.51171875,0.0,-0.810546875,-0.6713866591453552,0.4272460639476776,0.4577636420726776,80.0,5310.0,1.0,O,F,O,0
188783.375,188896.390625,189116.953125,189004.84375,189127.859375,189353.34375,189197.609375,189288.890625,-0.513671875,-0.00146484375,-0.8115234375,-0.6408690810203552,0.4272460639476776,0.4272460639476776,80.0,5311.0,1.0,O,F,O,0
187995.609375,188108.625,188329.1875,188216.8125,188340.1875,188565.5,188409.75,188500.9375,-0.513916015625,-0.00048828125,-0.81103515625,-0.6408690810203552,0.5493163466453552,0.4577636420726776,80.0,5312.0,1.0,O,F,O,0
188260.265625,188372.828125,188593.484375,188480.921875,188604.65625,188829.609375,188674.296875,188765.046875,-0.513916015625,0.0,-0.8125,-0.6408690810203552,0.4577636420726776,0.5798339247703552,80.0,5313.0,1.0,O,F,O,0
189110.4375,189223.53125,189444.09375,189331.71875,189455.265625,189680.578125,189524.828125,189616.46875,-0.513427734375,-0.000244140625,-0.81396484375,-0.7019042372703552,0.5187987685203552,0.5493163466453552,80.0,5314.0,1.0,O,F,O,0
188985.4375,189099.171875,189319.1875,189206.453125,189330.28125,189555.59375,189400.203125,189491.65625,-0.51318359375,-0.000732421875,-0.8134765625,-0.7324218153953552,0.5187987685203552,0.5493163466453552,80.0,5315.0,1.0,O,F,O,0
188147.25,188260.53125,188480.921875,188368.265625,188491.90625,188716.953125,188561.921875,188652.84375,-0.513671875,-0.001220703125,-0.81298828125,-0.7934569716453552,0.5493163466453552,0.4577636420726776,80.0,5316.0,1.0,O,F,O,0
188197.5,188310.59375,188530.984375,188418.328125,188542.0625,188767.015625,188611.890625,188702.90625,-0.51416015625,0.0,-0.81396484375,-0.7629393935203552,0.4882812201976776,0.4577636420726776,80.0,5317.0,1.0,O,F,O,0
189070.828125,189184.015625,189404.578125,189291.5625,189415.390625,189640.796875,189484.953125,189576.59375,-0.513916015625,0.001708984375,-0.811767578125,-0.6713866591453552,0.4882812201976776,0.3662109076976776,80.0,5318.0,1.0,O,F,O,0
189159.96875,189273.0625,189493.453125,189380.4375,189504.09375,189729.84375,189574.1875,189665.375,-0.515380859375,0.001708984375,-0.810546875,-0.6103515028953552,0.4882812201976776,0.3967284858226776,80.0,5319.0,1.0,O,F,O,0
188327.578125,188440.765625,188660.625,188548.0625,188671.796875,188897.1875,188742.078125,188832.546875,-0.513671875,0.00048828125,-0.8095703125,-0.6713866591453552,0.3967284858226776,0.4882812201976776,80.0,5320.0,1.0,O,F,O,0
188161.109375,188274.296875,188494.328125,188381.671875,188505.5,188730.890625,188575.59375,188666.078125,-0.512939453125,0.000244140625,-0.807861328125,-0.7629393935203552,0.4272460639476776,0.6103515028953552,80.0,5321.0,1.0,O,F,O,0
189002.0625,189115.53125,189335.734375,189222.640625,189346.46875,189572.3125,189416.921875,189507.9375,-0.513916015625,0.001220703125,-0.8095703125,-0.6713866591453552,0.4577636420726776,0.5493163466453552,80.0,5322.0,1.0,O,F,O,0
189305.96875,189419.234375,189639.625,189526.703125,189650.453125,189876.5625,189720.71875,189811.828125,-0.51416015625,0.000732421875,-0.81005859375,-0.7629393935203552,0.5187987685203552,0.5187987685203552,80.0,5323.0,1.0,O,F,O,0
188533.3125,188646.3125,188866.703125,188754.046875,188877.53125,189103.28125,188947.53125,189038.375,-0.514892578125,0.00146484375,-0.812255859375,-0.7324218153953552,0.5493163466453552,0.4882812201976776,80.0,5324.0,1.0,O,F,O,0
188159.59375,188272.5,188493.078125,188380.25,188504.15625,188729.5625,188573.71875,188664.640625,-0.5146484375,-0.00146484375,-0.810546875,-0.7019042372703552,0.4882812201976776,0.4882812201976776,80.0,5325.0,1.0,O,F,O,0
188914.09375,189026.65625,189247.40625,189134.296875,189258.390625,189484.0625,189328.140625,189419.0625,-0.514892578125,0.000244140625,-0.811279296875,-0.6408690810203552,0.4882812201976776,0.4577636420726776,80.0,5326.0,1.0,O,F,O,0
189411.46875,189524.921875,189745.390625,189632.203125,189756.21875,189981.875,189826.21875,189917.0625,-0.514404296875,0.00146484375,-0.810302734375,-0.7019042372703552,0.5187987685203552,0.4272460639476776,80.0,5327.0,1.0,O,F,O,0
188750.5625,188863.84375,189084.234375,188971.40625,189095.671875,189320.890625,189165.234375,189256.25,-0.513427734375,0.0,-0.80908203125,-0.7324218153953552,0.4882812201976776,0.3662109076976776,80.0,5328.0,1.0,O,F,O,0
188200.265625,188313.1875,188533.390625,188420.921875,188544.75,188770.234375,188614.9375,188705.234375,-0.514404296875,-0.000244140625,-0.81298828125,-0.7019042372703552,0.4577636420726776,0.4577636420726776,80.0,5329.0,1.0,O,F,O,0
188821.640625,188935.109375,189155.578125,189042.390625,189166.125,189391.96875,189236.40625,189326.96875,-0.513916015625,-0.00048828125,-0.811279296875,-0.7629393935203552,0.5798339247703552,0.4272460639476776,80.0,5330.0,1.0,O,F,O,0
189483.609375,189596.984375,189817.734375,189704.453125,189828.28125,190054.203125,189898.28125,189989.75,-0.51318359375,0.0009765625,-0.80908203125,-0.7324218153953552,0.5493163466453552,0.4577636420726776,80.0,5331.0,1.0,O,F,O,0
188975.328125,189088.609375,189309.359375,189196.171875,189319.90625,189545.578125,189389.640625,189481.296875,-0.514404296875,0.001953125,-0.81005859375,-0.7934569716453552,0.5493163466453552,0.3967284858226776,80.0,5332.0,1.0,O,F,O,0
188278.3125,188391.6875,188612.25,188499.421875,188623.078125,188848.734375,188692.8125,188783.921875,-0.51513671875,0.001953125,-0.810302734375,-0.6713866591453552,0.4272460639476776,0.2746581733226776,80.0,5333.0,1.0,O,F,O,0
188728.9375,188842.125,189062.59375,188949.59375,189073.59375,189298.984375,189143.234375,189234.34375,-0.513671875,0.001220703125,-0.81201171875,-0.6408690810203552,0.4577636420726776,0.3356933295726776,80.0,5334.0,1.0,O,F,O,0
189510.703125,189623.984375,189844.375,189731.453125,189855.375,190081.03125,189925.546875,190016.484375,-0.51318359375,0.00244140625,-0.812255859375,-0.6713866591453552,0.4272460639476776,0.4577636420726776,80.0,5335.0,1.0,O,F,O,0
189190.359375,189303.375,189523.484375,189410.84375,189534.84375,189760.59375,189604.765625,189695.515625,-0.512451171875,0.001953125,-0.810302734375,-0.6713866591453552,0.3051757514476776,0.4882812201976776,80.0,5336.0,1.0,O,F,O,0
188395.359375,188507.921875,188728.296875,188615.921875,188739.921875,188965.140625,188809.578125,188900.234375,-0.515869140625,0.001220703125,-0.81298828125,-0.7629393935203552,0.4272460639476776,0.5187987685203552,80.0,5337.0,1.0,O,F,O,0
188642.828125,188755.578125,188976.3125,188863.390625,188987.140625,189212.890625,189056.96875,189147.71875,-0.51611328125,0.00146484375,-0.813232421875,-0.7934569716453552,0.3967284858226776,0.5493163466453552,80.0,5338.0,1.0,O,F,O,0
189497.390625,189610.296875,189830.78125,189718.21875,189841.59375,190067.703125,189911.6875,190002.984375,-0.515380859375,0.000732421875,-0.811279296875,-0.7934569716453552,0.4272460639476776,0.4577636420726776,80.0,5339.0,1.0,O,F,O,0
189385.796875,189498.453125,189719.203125,189606.640625,189730.015625,189956.046875,189800.203125,189891.40625,-0.512939453125,-0.00048828125,-0.814453125,-0.7324218153953552,0.5187987685203552,0.3662109076976776,80.0,5340.0,1.0,O,F,O,0
188546.0,188659.28125,188879.671875,188767.109375,188890.9375,189116.234375,188960.671875,189051.59375,-0.512451171875,-0.0009765625,-0.811279296875,-0.7324218153953552,0.6103515028953552,0.5187987685203552,80.0,5341.0,1.0,O,F,O,0
188579.359375,188692.90625,188912.9375,188800.546875,188924.375,189149.5,188994.109375,189084.953125,-0.513916015625,0.002685546875,-0.8076171875,-0.7019042372703552,0.5493163466453552,0.4882812201976776,80.0,5342.0,1.0,O,F,O,0
189451.515625,189564.4375,189785.0,189672.359375,189796.09375,190021.671875,189865.921875,189957.296875,-0.51171875,0.002685546875,-0.80908203125,-0.6408690810203552,0.5187987685203552,0.4272460639476776,80.0,5343.0,1.0,O,F,O,0
189559.15625,189671.734375,189892.5625,189779.546875,189903.015625,190128.859375,189972.765625,190064.578125,-0.514404296875,0.001708984375,-0.80908203125,-0.7324218153953552,0.5493163466453552,0.3662109076976776,80.0,5344.0,1.0,O,F,O,0
188731.515625,188844.0,189064.296875,188951.640625,189075.109375,189300.515625,189144.9375,189236.40625,-0.513916015625,0.003173828125,-0.809326171875,-0.8239745497703552,0.6103515028953552,0.3967284858226776,80.0,5345.0,1.0,O,F,O,0
188548.5,188661.34375,188881.734375,188769.078125,188892.640625,189118.125,188962.46875,189054.015625,-0.51318359375,0.0009765625,-0.812255859375,-0.7019042372703552,0.4882812201976776,0.4577636420726776,80.0,5346.0,1.0,O,F,O,0
189384.015625,189497.109375,189717.953125,189604.84375,189728.671875,189953.984375,189798.59375,189889.96875,-0.51416015625,0.000244140625,-0.810546875,-0.7019042372703552,0.5493163466453552,0.4577636420726776,80.0,5347.0,1.0,O,F,O,0
189701.765625,189815.140625,190035.609375,189922.515625,190046.515625,190271.921875,190116.265625,190207.71875,-0.513427734375,0.000244140625,-0.8115234375,-0.7019042372703552,0.5187987685203552,0.4882812201976776,80.0,5348.0,1.0,O,F,O,0
188935.8125,189049.1875,189269.484375,189156.65625,189280.484375,189505.875,189349.953125,189441.421875,-0.51318359375,0.0,-0.809326171875,-0.8544921278953552,0.4882812201976776,0.4272460639476776,80.0,5349.0,1.0,O,F,O,0
188548.859375,188661.875,188882.171875,188769.34375,188893.265625,189118.75,188962.8125,189054.1875,-0.513427734375,0.001220703125,-0.81103515625,-0.7324218153953552,0.5187987685203552,0.5187987685203552,80.0,5350.0,1.0,O,F,O,0
189293.265625,189406.28125,189626.578125,189514.28125,189637.84375,189863.5,189707.578125,189799.21875,-0.5146484375,0.001708984375,-0.810791015625,-0.7629393935203552,0.4272460639476776,0.4577636420726776,80.0,5351.0,1.0,O,F,O,0
189804.9375,189917.78125,190137.8125,190025.421875,190148.890625,190374.640625,190218.890625,190310.453125,-0.513916015625,0.000244140625,-0.809814453125,-0.7629393935203552,0.4577636420726776,0.3662109076976776,80.0,5352.0,1.0,O,F,O,0
189155.21875,189268.234375,189488.53125,189375.96875,189499.53125,189725.109375,189569.359375,189660.640625,-0.514404296875,0.000244140625,-0.807373046875,-0.7019042372703552,0.4577636420726776,0.5187987685203552,80.0,5353.0,1.0,O,F,O,0
188589.09375,188702.109375,188922.5,188810.015625,188933.40625,189158.890625,189003.3125,189094.0625,-0.51416015625,0.001220703125,-0.810791015625,-0.6713866591453552,0.4577636420726776,0.4577636420726776,80.0,5354.0,1.0,O,F,O,0
189196.96875,189310.171875,189530.109375,189417.625,189540.921875,189767.125,189611.28125,189702.21875,-0.51416015625,0.000732421875,-0.8154296875,-0.6408690810203552,0.4882812201976776,0.4882812201976776,80.0,5355.0,1.0,O,F,O,0
189869.5,189982.953125,190202.890625,190090.234375,190213.4375,190439.640625,190283.71875,190375.359375,-0.5146484375,-0.0009765625,-0.81494140625,-0.6713866591453552,0.4882812201976776,0.4882812201976776,80.0,5356.0,1.0,O,F,O,0
189376.5,189489.78125,189710.078125,189597.25,189720.453125,189946.390625,189790.734375,189882.1875,-0.513427734375,0.001953125,-0.8134765625,-0.5798339247703552,0.4882812201976776,0.4577636420726776,80.0,5357.0,1.0,O,F,O,0
188671.796875,188785.171875,189005.5625,188892.546875,189015.921875,189241.765625,189086.015625,189177.65625,-0.5126953125,0.00048828125,-0.8125,-0.6408690810203552,0.4272460639476776,0.4882812201976776,80.0,5358.0,1.0,O,F,O,0
189102.296875,189216.109375,189435.78125,189323.21875,189446.25,189672.359375,189516.515625,189607.984375,-0.5126953125,0.00146484375,-0.812255859375,-0.6408690810203552,0.4577636420726776,0.4882812201976776,80.0,5359.0,1.0,O,F,O,0
189892.65625,190006.28125,190225.953125,190113.484375,190236.6875,190463.0625,190306.6875,190398.6875,-0.512939453125,0.0009765625,-0.812744140625,-0.6713866591453552,0.4577636420726776,0.4577636420726776,80.0,5360.0,1.0,O,F,O,0
189589.203125,189702.390625,189922.25,189809.953125,189933.0625,190159.4375,190003.25,190094.984375,-0.5126953125,0.001708984375,-0.81103515625,-0.7324218153953552,0.4882812201976776,0.4577636420726776,80.0,5361.0,1.0,O,F,O,0
188789.8125,188902.734375,189122.953125,189010.296875,189133.5,189359.703125,189204.03125,189295.234375,-0.513671875,0.000732421875,-0.814697265625,-0.7019042372703552,0.4882812201976776,0.4577636420726776,80.0,5362.0,1.0,O,F,O,0
189021.734375,189134.75,189355.21875,189242.3125,189365.59375,189591.890625,189436.046875,189527.25,-0.514404296875,0.001220703125,-0.814208984375,-0.6713866591453552,0.4882812201976776,0.5187987685203552,80.0,5363.0,1.0,O,F,O,0
189880.84375,189994.390625,190214.703125,190101.5,190225.0625,190451.4375,190295.34375,190387.078125,-0.51171875,0.00244140625,-0.812255859375,-0.7019042372703552,0.4577636420726776,0.3967284858226776,80.0,5364.0,1.0,O,F,O,0
189789.390625,189902.578125,190122.96875,190009.78125,190133.78125,190359.796875,190203.515625,190295.515625,-0.512451171875,0.0,-0.81201171875,-0.7934569716453552,0.4272460639476776,0.4577636420726776,80.0,5365.0,1.0,O,F,O,0
188947.796875,189060.71875,189281.203125,189167.828125,189291.921875,189517.59375,189361.84375,189453.21875,-0.513916015625,0.001708984375,-0.811279296875,-0.7934569716453552,0.4272460639476776,0.3967284858226776,80.0,5366.0,1.0,O,F,O,0
188960.859375,189073.859375,189294.34375,189181.15625,189305.34375,189530.828125,189375.078125,189466.1875,-0.515380859375,0.000732421875,-0.810791015625,-0.7324218153953552,0.4272460639476776,0.3662109076976776,80.0,5367.0,1.0,O,F,O,0
189832.03125,189945.40625,190165.515625,190052.78125,190176.609375,190402.265625,190246.34375,190338.171875,-0.515869140625,0.001708984375,-0.81201171875,-0.7324218153953552,0.4882812201976776,0.4577636420726776,80.0,5368.0,1.0,O,F,O,0
189959.890625,190073.25,190293.375,190180.359375,190304.015625,190530.125,190374.203125,190465.75,-0.513916015625,0.001220703125,-0.816650390625,-0.7019042372703552,0.4882812201976776,0.4577636420726776,80.0,5369.0,1.0,O,F,O,0
189134.125,189247.21875,189467.4375,189354.6875,189478.25,189703.734375,189548.078125,189639.625,-0.513671875,0.000732421875,-0.813720703125,-0.6713866591453552,0.4882812201976776,0.3967284858226776,80.0,5370.0,1.0,O,F,O,0
188933.9375,189046.859375,189267.078125,189154.421875,189277.890625,189503.546875,189348.25,189439.359375,-0.51416015625,-0.000244140625,-0.812744140625,-0.6408690810203552,0.4577636420726776,0.4577636420726776,80.0,5371.0,1.0,O,F,O,0
189762.5625,189875.84375,190095.875,189983.3125,190106.875,190332.890625,190177.0625,190268.515625,-0.512939453125,0.001220703125,-0.81298828125,-0.6713866591453552,0.5187987685203552,0.4272460639476776,80.0,5372.0,1.0,O,F,O,0
190096.953125,190210.5,190430.4375,190317.609375,190441.25,190667.1875,190511.34375,190602.8125,-0.513427734375,0.002685546875,-0.81201171875,-0.7629393935203552,0.4577636420726776,0.4882812201976776,80.0,5373.0,1.0,O,F,O,0
189337.4375,189450.53125,189670.5625,189557.90625,189681.375,189907.5,189751.390625,189842.859375,-0.513671875,0.002685546875,-0.811279296875,-0.6408690810203552,0.4577636420726776,0.4272460639476776,80.0,5374.0,1.0,O,F,O,0
188936.71875,189049.546875,189269.84375,189157.375,189280.84375,189506.6875,189350.484375,189442.3125,-0.5146484375,0.001953125,-0.813232421875,-0.7629393935203552,0.4272460639476776,0.4882812201976776,80.0,5375.0,1.0,O,F,O,0
189672.796875,189785.984375,190006.640625,189893.359375,190017.203125,190242.953125,190087.015625,190178.9375,-0.513916015625,0.00146484375,-0.812255859375,-0.7629393935203552,0.3967284858226776,0.5187987685203552,80.0,5376.0,1.0,O,F,O,0
190199.765625,190313.3125,190533.34375,190420.328125,190543.984375,190770.09375,190614.25,190706.171875,-0.513671875,0.0,-0.811279296875,-0.7324218153953552,0.3662109076976776,0.4882812201976776,80.0,5377.0,1.0,O,F,O,0
189560.6875,189673.875,189894.0,189781.15625,189904.546875,190130.828125,189975.078125,190066.8125,-0.513671875,0.00048828125,-0.81201171875,-0.7019042372703552,0.3967284858226776,0.4272460639476776,80.0,5378.0,1.0,O,F,O,0
188982.125,189095.3125,189315.625,189202.96875,189326.4375,189552.453125,189396.625,189488.171875,-0.5146484375,0.0009765625,-0.8125,-0.6713866591453552,0.4882812201976776,0.3662109076976776,80.0,5379.0,1.0,O,F,O,0
189575.53125,189689.25,189909.28125,189796.71875,189920.28125,190146.390625,189989.921875,190082.015625,-0.514404296875,0.0009765625,-0.8134765625,-0.7324218153953552,0.4272460639476776,0.3967284858226776,80.0,5380.0,1.0,O,F,O,0
190258.234375,190371.875,190591.640625,190479.15625,190602.625,190828.828125,190672.375,190764.453125,-0.513916015625,0.00146484375,-0.81396484375,-0.6103515028953552,0.4577636420726776,0.4577636420726776,80.0,5381.0,1.0,O,F,O,0
189778.484375,189891.578125,190111.515625,189999.140625,190122.703125,190348.453125,190192.515625,190284.25,-0.514404296875,0.000244140625,-0.812255859375,-0.7019042372703552,0.3967284858226776,0.4272460639476776,80.0,5382.0,1.0,O,F,O,0
189063.765625,189176.859375,189396.984375,189284.5,189408.515625,189633.90625,189478.34375,189569.53125,-0.513916015625,0.001953125,-0.811279296875,-0.6408690810203552,0.4882812201976776,0.4272460639476776,80.0,5383.0,1.0,O,F,O,0
189484.234375,189597.609375,189817.546875,189705.078125,189828.640625,190054.484375,189898.46875,189990.109375,-0.5146484375,0.002685546875,-0.815673828125,-0.6103515028953552,0.5493163466453552,0.3662109076976776,80.0,5384.0,1.0,O,F,O,0
190281.03125,190394.3125,190614.53125,190501.78125,190625.4375,190851.359375,190695.078125,190786.8125,-0.514892578125,0.001708984375,-0.811279296875,-0.6713866591453552,0.5187987685203552,0.4272460639476776,80.0,5385.0,1.0,O,F,O,0
189992.15625,190105.625,190325.65625,190212.734375,190336.5625,190562.40625,190406.109375,190498.03125,-0.514404296875,0.001220703125,-0.81103515625,-0.7629393935203552,0.4882812201976776,0.4882812201976776,80.0,5386.0,1.0,O,F,O,0
189188.921875,189302.296875,189522.15625,189409.5,189533.140625,189758.90625,189602.703125,189694.34375,-0.513427734375,0.00048828125,-0.810546875,-0.7324218153953552,0.4882812201976776,0.4577636420726776,80.0,5387.0,1.0,O,F,O,0
189405.46875,189518.75,189738.875,189626.046875,189749.78125,189975.4375,189819.703125,189911.15625,-0.514404296875,-0.000732421875,-0.810546875,-0.7324218153953552,0.4882812201976776,0.2746581733226776,80.0,5388.0,1.0,O,F,O,0
190265.03125,190378.484375,190598.703125,190485.515625,190609.15625,190835.265625,190678.890625,190771.34375,-0.513427734375,-0.001708984375,-0.8115234375,-0.6713866591453552,0.3967284858226776,0.3967284858226776,80.0,5389.0,1.0,O,F,O,0
190187.25,190300.609375,190520.921875,190407.90625,190531.109375,190757.578125,190601.015625,190693.375,-0.51416015625,-0.002197265625,-0.812255859375,-0.7324218153953552,0.3662109076976776,0.5493163466453552,80.0,5390.0,1.0,O,F,O,0
189347.0,189460.015625,189680.3125,189567.5625,189690.6875,189917.234375,189761.40625,189852.6875,-0.514892578125,-0.001708984375,-0.813720703125,-0.7324218153953552,0.4577636420726776,0.4272460639476776,80.0,5391.0,1.0,O,F,O,0
189346.203125,189459.203125,189679.234375,189566.765625,189690.140625,189916.171875,189760.328125,189851.875,-0.51318359375,0.0,-0.813720703125,-0.7324218153953552,0.4882812201976776,0.4577636420726776,80.0,5392.0,1.0,O,F,O,0
190214.34375,190327.703125,190548.265625,190435.171875,190558.734375,190784.84375,190628.65625,190720.46875,-0.5126953125,0.0,-0.814208984375,-0.7019042372703552,0.5187987685203552,0.4577636420726776,80.0,5393.0,1.0,O,F,O,0
190356.765625,190470.21875,190690.609375,190577.59375,190701.0625,190927.171875,190771.25,190863.078125,-0.512939453125,-0.00048828125,-0.810546875,-0.6713866591453552,0.4882812201976776,0.4577636420726776,80.0,5394.0,1.0,O,F,O,0
189534.578125,189647.765625,189868.15625,189755.140625,189878.34375,190104.71875,189949.0625,190040.078125,-0.5146484375,0.000732421875,-0.809814453125,-0.7934569716453552,0.4882812201976776,0.5187987685203552,80.0,5395.0,1.0,O,F,O,0
189318.75,189432.03125,189652.140625,189539.40625,189662.515625,189889.171875,189733.15625,189824.25,-0.51513671875,-0.000244140625,-0.81103515625,-0.7324218153953552,0.4272460639476776,0.5187987685203552,80.0,5396.0,1.0,O,F,O,0
190143.265625,190256.53125,190476.203125,190363.828125,190487.5625,190713.234375,190557.578125,190649.03125,-0.5146484375,0.00048828125,-0.8095703125,-0.7629393935203552,0.5187987685203552,0.5187987685203552,80.0,5397.0,1.0,O,F,O,0
190495.4375,190608.71875,190828.46875,190716.0,190839.296875,191065.5,190909.75,191001.296875,-0.516845703125,-0.00048828125,-0.809326171875,-0.7629393935203552,0.4882812201976776,0.4577636420726776,80.0,5398.0,1.0,O,F,O,0
189744.0625,189857.609375,190077.1875,189964.71875,190087.921875,190314.03125,190158.375,190249.65625,-0.5146484375,0.000244140625,-0.81005859375,-0.7324218153953552,0.3967284858226776,0.4882812201976776,80.0,5399.0,1.0,O,F,O,0
189327.234375,189440.703125,189660.546875,189548.078125,189671.546875,189897.390625,189741.828125,189833.015625,-0.514404296875,0.00146484375,-0.810791015625,-0.6408690810203552,0.4577636420726776,0.3662109076976776,80.0,5400.0,1.0,O,F,O,0
190053.21875,190166.6875,190386.625,190273.703125,190397.53125,190623.546875,190467.625,190559.09375,-0.514404296875,0.002197265625,-0.8115234375,-0.7934569716453552,0.5187987685203552,0.3356933295726776,80.0,5401.0,1.0,O,F,O,0
190592.796875,190706.515625,190926.203125,190813.28125,190937.015625,191163.125,191007.015625,191098.84375,-0.5146484375,0.0009765625,-0.809814453125,-0.7629393935203552,0.3967284858226776,0.3967284858226776,80.0,5402.0,1.0,O,F,O,0
189965.96875,190079.328125,190299.09375,190186.265625,190310.265625,190536.109375,190380.015625,190471.296875,-0.51611328125,0.001220703125,-0.81396484375,-0.7324218153953552,0.4577636420726776,0.3967284858226776,80.0,5403.0,1.0,O,F,O,0
189375.875,189489.34375,189709.015625,189596.265625,189720.28125,189945.9375,189790.1875,189881.390625,-0.5185546875,-0.00048828125,-0.812744140625,-0.6713866591453552,0.4272460639476776,0.3356933295726776,80.0,5404.0,1.0,O,F,O,0
189957.03125,190070.578125,190290.15625,190177.40625,190301.0625,190527.0,190371.0625,190462.796875,-0.51611328125,0.001220703125,-0.813720703125,-0.6713866591453552,0.4577636420726776,0.3051757514476776,80.0,5405.0,1.0,O,F,O,0
190650.203125,190763.5625,190983.6875,190870.671875,190994.0625,191220.34375,191064.15625,191156.515625,-0.514404296875,-0.000732421875,-0.814697265625,-0.6713866591453552,0.3662109076976776,0.3662109076976776,80.0,5406.0,1.0,O,F,O,0
190186.4375,190299.453125,190519.578125,190406.828125,190530.21875,190756.234375,190600.125,190692.578125,-0.512939453125,0.000244140625,-0.813232421875,-0.6713866591453552,0.4272460639476776,0.4272460639476776,80.0,5407.0,1.0,O,F,O,0
189462.25,189575.4375,189795.28125,189682.640625,189806.375,190032.03125,189876.375,189968.015625,-0.511962890625,0.001708984375,-0.812255859375,-0.7324218153953552,0.4882812201976776,0.4272460639476776,80.0,5408.0,1.0,O,F,O,0
189863.765625,189976.78125,190197.078125,190084.25,190207.8125,190433.921875,190278.265625,190369.640625,-0.51318359375,0.0009765625,-0.81298828125,-0.6408690810203552,0.4882812201976776,0.3662109076976776,80.0,5409.0,1.0,O,F,O,0
190667.453125,190780.734375,191001.125,190888.109375,191011.671875,191237.78125,191082.03125,191173.859375,-0.5126953125,0.001220703125,-0.81103515625,-0.6713866591453552,0.5187987685203552,0.4272460639476776,80.0,5410.0,1.0,O,F,O,0
190398.25,190511.609375,190731.921875,190618.640625,190742.375,190968.484375,190812.5625,190904.375,-0.51220703125,-0.0009765625,-0.811279296875,-0.7019042372703552,0.4882812201976776,0.3356933295726776,80.0,5411.0,1.0,O,F,O,0
189587.859375,189700.96875,189921.4375,189808.609375,189932.171875,190157.828125,190002.265625,190094.0,-0.513916015625,0.00048828125,-0.81201171875,-0.6408690810203552,0.4272460639476776,0.3662109076976776,80.0,5412.0,1.0,O,F,O,0
189783.578125,189896.9375,190117.0625,190004.328125,190128.0625,190353.90625,190197.890625,190289.890625,-0.5146484375,0.001708984375,-0.814208984375,-0.7324218153953552,0.4577636420726776,0.4577636420726776,80.0,5413.0,1.0,O,F,O,0
190647.15625,190760.609375,190980.734375,190867.71875,190991.28125,191217.65625,191061.203125,191153.296875,-0.515380859375,0.00048828125,-0.8154296875,-0.7324218153953552,0.5187987685203552,0.4577636420726776,80.0,5414.0,1.0,O,F,O,0
190589.40625,190702.328125,190922.703125,190809.875,190933.171875,191159.1875,191003.09375,191095.53125,-0.515625,0.00146484375,-0.8095703125,-0.7324218153953552,0.5187987685203552,0.5187987685203552,80.0,5415.0,1.0,O,F,O,0
189746.921875,189859.578125,190079.953125,189967.390625,190090.78125,190316.53125,190160.6875,190252.609375,-0.5146484375,0.001220703125,-0.81005859375,-0.6408690810203552,0.4272460639476776,0.3356933295726776,80.0,5416.0,1.0,O,F,O,0
189727.421875,189840.4375,190060.734375,189948.078125,190071.5625,190297.3125,190141.375,190232.84375,-0.51220703125,0.0009765625,-0.808837890625,-0.7629393935203552,0.4272460639476776,0.3662109076976776,80.0,5417.0,1.0,O,F,O,0
190595.484375,190708.765625,190929.0625,190816.40625,190939.609375,191165.8125,191010.234375,191101.703125,-0.513427734375,0.0009765625,-0.812744140625,-0.7324218153953552,0.4882812201976776,0.4272460639476776,80.0,5418.0,1.0,O,F,O,0
190756.234375,190869.515625,191089.8125,190976.890625,191100.359375,191326.5625,191170.640625,191262.359375,-0.5146484375,0.001953125,-0.8134765625,-0.7324218153953552,0.4882812201976776,0.4577636420726776,80.0,5419.0,1.0,O,F,O,0
189938.515625,190051.890625,190272.0,190159.53125,190283.09375,190508.9375,190353.09375,190444.65625,-0.513671875,0.001953125,-0.8125,-0.7629393935203552,0.4577636420726776,0.4882812201976776,80.0,5420.0,1.0,O,F,O,0
189704.359375,189817.8125,190037.765625,189925.28125,190048.484375,190274.859375,190118.9375,190210.5,-0.51416015625,0.00048828125,-0.8125,-0.7934569716453552,0.4272460639476776,0.4577636420726776,80.0,5421.0,1.0,O,F,O,0
190522.875,190636.515625,190856.28125,190743.625,190867.015625,191093.390625,190937.546875,191029.375,-0.514404296875,0.0009765625,-0.81494140625,-0.7629393935203552,0.5798339247703552,0.3967284858226776,80.0,5422.0,1.0,O,F,O,0
190889.09375,191002.640625,191222.671875,191109.75,191233.40625,191459.78125,191303.578125,191395.40625,-0.51220703125,0.001953125,-0.813232421875,-0.7019042372703552,0.5798339247703552,0.4577636420726776,80.0,5423.0,1.0,O,F,O,0
190144.15625,190257.875,190477.8125,190364.984375,190488.640625,190714.75,190559.0,190650.109375,-0.514892578125,0.000732421875,-0.811767578125,-0.7324218153953552,0.5187987685203552,0.4882812201976776,80.0,5424.0,1.0,O,F,O,0
189710.96875,189824.4375,190044.46875,189931.984375,190055.375,190281.296875,190125.640625,190216.84375,-0.513427734375,0.000244140625,-0.8125,-0.7324218153953552,0.4577636420726776,0.4272460639476776,80.0,5425.0,1.0,O,F,O,0
190427.390625,190540.5,190760.53125,190647.96875,190771.34375,190997.359375,190841.265625,190933.4375,-0.51318359375,-0.00048828125,-0.813232421875,-0.6713866591453552,0.3967284858226776,0.4577636420726776,80.0,5426.0,1.0,O,F,O,0
190979.9375,191093.125,191313.328125,191200.5,191323.703125,191550.34375,191394.0625,191486.59375,-0.514892578125,-0.000244140625,-0.81005859375,-0.7019042372703552,0.4577636420726776,0.3662109076976776,80.0,5427.0,1.0,O,F,O,0
190362.65625,190475.859375,190696.234375,190583.59375,190706.703125,190933.078125,190776.96875,190868.890625,-0.51416015625,-0.000732421875,-0.814453125,-0.7629393935203552,0.4882812201976776,0.3967284858226776,80.0,5428.0,1.0,O,F,O,0
189760.78125,189873.875,190094.265625,189981.4375,190104.1875,190330.75,190175.0,190266.1875,-0.512451171875,-0.00048828125,-0.811767578125,-0.7019042372703552,0.4882812201976776,0.5187987685203552,80.0,5429.0,1.0,O,F,O,0
190329.9375,190443.046875,190663.515625,190550.515625,190673.703125,190900.09375,190744.25,190835.53125,-0.51416015625,-0.000732421875,-0.80859375,-0.7019042372703552,0.4272460639476776,0.5187987685203552,80.0,5430.0,1.0,O,F,O,0
191034.375,191147.75,191367.859375,191254.765625,191378.0625,191604.4375,191448.421875,191540.15625,-0.51416015625,0.000244140625,-0.810302734375,-0.7934569716453552,0.4577636420726776,0.5493163466453552,80.0,5431.0,1.0,O,F,O,0
190586.0,190699.734375,190919.765625,190806.84375,190930.125,191156.328125,191000.40625,191092.140625,-0.514404296875,0.00048828125,-0.812744140625,-0.7934569716453552,0.3967284858226776,0.4272460639476776,80.0,5432.0,1.0,O,F,O,0
189853.765625,189967.390625,190187.25,190074.59375,190198.0625,190424.171875,190268.15625,190359.890625,-0.512939453125,0.000732421875,-0.814208984375,-0.7934569716453552,0.3967284858226776,0.4577636420726776,80.0,5433.0,1.0,O,F,O,0
190237.859375,190351.671875,190571.15625,190458.6875,190582.15625,190808.171875,190652.4375,190744.25,-0.51416015625,-0.001708984375,-0.812255859375,-0.7324218153953552,0.4882812201976776,0.5187987685203552,80.0,5434.0,1.0,O,F,O,0
191048.859375,191162.59375,191382.34375,191269.78125,191393.078125,191619.09375,191463.265625,191555.4375,-0.513916015625,-0.00048828125,-0.8125,-0.7019042372703552,0.4272460639476776,0.5187987685203552,80.0,5435.0,1.0,O,F,O,0
190797.625,190911.0,191130.9375,191018.375,191141.3125,191367.6875,191211.671875,191303.5,-0.513671875,0.001220703125,-0.814208984375,-0.6103515028953552,0.3967284858226776,0.4577636420726776,80.0,5436.0,1.0,O,F,O,0
189985.453125,190098.375,190318.59375,190206.015625,190329.21875,190555.421875,190399.234375,190491.046875,-0.511474609375,0.000732421875,-0.8125,-0.6713866591453552,0.5187987685203552,0.4272460639476776,80.0,5437.0,1.0,O,F,O,0
190163.203125,190276.203125,190496.421875,190383.671875,190506.703125,190733.078125,190576.703125,190668.796875,-0.51220703125,0.00048828125,-0.81005859375,-0.7019042372703552,0.3967284858226776,0.4272460639476776,80.0,5438.0,1.0,O,F,O,0
191027.671875,191140.859375,191360.890625,191248.515625,191371.265625,191597.828125,191441.71875,191534.078125,-0.513427734375,0.001708984375,-0.806884765625,-0.7019042372703552,0.4577636420726776,0.4577636420726776,80.0,5439.0,1.0,O,F,O,0
190990.03125,191103.046875,191323.4375,191210.953125,191333.4375,191560.1875,191404.4375,191496.34375,-0.5126953125,0.002197265625,-0.8095703125,-0.6713866591453552,0.4882812201976776,0.4882812201976776,80.0,5440.0,1.0,O,F,O,0
190150.5,190263.421875,190483.625,190371.0625,190494.09375,190720.203125,190564.546875,190656.1875,-0.513427734375,0.001220703125,-0.81298828125,-0.6408690810203552,0.5187987685203552,0.4272460639476776,80.0,5441.0,1.0,O,F,O,0
190111.078125,190224.0,190444.5625,190331.640625,190454.84375,190681.046875,190524.84375,190616.84375,-0.51513671875,0.002685546875,-0.81494140625,-0.6713866591453552,0.5187987685203552,0.4272460639476776,80.0,5442.0,1.0,O,F,O,0
190975.109375,191088.296875,191308.40625,191195.40625,191318.609375,191545.078125,191388.96875,191481.140625,-0.515869140625,0.002197265625,-0.8115234375,-0.6408690810203552,0.4577636420726776,0.3051757514476776,80.0,5443.0,1.0,O,F,O,0
191152.21875,191265.5,191485.609375,191372.609375,191495.984375,191722.453125,191566.0,191658.4375,-0.514892578125,0.0029296875,-0.8125,-0.8239745497703552,0.5187987685203552,0.3356933295726776,80.0,5444.0,1.0,O,F,O,0
190335.9375,190448.765625,190669.328125,190556.5,190679.796875,190906.078125,190750.15625,190841.890625,-0.5126953125,0.002197265625,-0.815185546875,-0.7934569716453552,0.5187987685203552,0.3051757514476776,80.0,5445.0,1.0,O,F,O,0
190084.078125,190197.078125,190417.296875,190304.640625,190427.75,190654.125,190498.03125,190589.671875,-0.512939453125,0.002685546875,-0.813232421875,-0.7324218153953552,0.4577636420726776,0.4577636420726776,80.0,5446.0,1.0,O,F,O,0
190895.625,191009.078125,191229.28125,191116.453125,191239.65625,191466.03125,191309.75,191401.9375,-0.514404296875,-0.001220703125,-0.812255859375,-0.7324218153953552,0.4577636420726776,0.4577636420726776,80.0,5447.0,1.0,O,F,O,0
191280.6875,191393.890625,191614.359375,191501.796875,191624.546875,191851.296875,191695.09375,191786.921875,-0.51513671875,0.00048828125,-0.810546875,-0.6713866591453552,0.5187987685203552,0.3051757514476776,80.0,5448.0,1.0,O,F,O,0
190545.765625,190658.953125,190878.984375,190766.96875,190889.8125,191116.09375,190960.265625,191051.90625,-0.513671875,0.00146484375,-0.81005859375,-0.6408690810203552,0.5187987685203552,0.3967284858226776,80.0,5449.0,1.0,O,F,O,0
190098.375,190211.296875,190431.328125,190318.9375,190442.140625,190667.984375,190512.59375,190604.0625,-0.51318359375,0.000732421875,-0.811279296875,-0.7629393935203552,0.5493163466453552,0.4882812201976776,80.0,5450.0,1.0,O,F,O,0
190804.953125,190918.15625,191138.1875,191025.703125,191149.09375,191375.109375,191219.09375,191311.09375,-0.5107421875,0.000244140625,-0.81005859375,-0.6713866591453552,0.5493163466453552,0.3967284858226776,80.0,5451.0,1.0,O,F,O,0
191370.375,191483.46875,191703.859375,191591.203125,191714.40625,191941.234375,191784.6875,191876.953125,-0.514404296875,-0.0009765625,-0.81103515625,-0.6408690810203552,0.4882812201976776,0.3662109076976776,80.0,5452.0,1.0,O,F,O,0
190764.28125,190877.5625,191098.125,190985.46875,191108.59375,191335.046875,191179.046875,191270.953125,-0.513916015625,-0.000732421875,-0.8125,-0.6713866591453552,0.4272460639476776,0.4577636420726776,80.0,5453.0,1.0,O,F,O,0
190150.234375,190263.25,190484.078125,190371.0625,190494.625,190720.375,190564.71875,190656.28125,-0.513671875,-0.000244140625,-0.80908203125,-0.7324218153953552,0.4882812201976776,0.4577636420726776,80.0,5454.0,1.0,O,F,O,0
190705.890625,190819.0,191039.296875,190926.28125,191049.671875,191275.6875,191120.03125,191211.578125,-0.5126953125,0.00048828125,-0.806396484375,-0.6103515028953552,0.4272460639476776,0.4272460639476776,80.0,5455.0,1.0,O,F,O,0
191420.703125,191533.8125,191754.109375,191641.1875,191764.828125,191991.03125,191834.921875,191927.015625,-0.51171875,0.001708984375,-0.81005859375,-0.7629393935203552,0.4272460639476776,0.4577636420726776,80.0,5456.0,1.0,O,F,O,0
190985.46875,191098.390625,191318.6875,191206.125,191329.25,191555.625,191399.703125,191491.96875,-0.51318359375,0.00146484375,-0.81201171875,-0.8239745497703552,0.5187987685203552,0.3967284858226776,80.0,5457.0,1.0,O,F,O,0
190243.390625,190356.3125,190576.890625,190463.96875,190587.171875,190813.28125,190658.0625,190749.34375,-0.51318359375,0.00146484375,-0.811279296875,-0.7324218153953552,0.6713866591453552,0.4272460639476776,80.0,5458.0,1.0,O,F,O,0
190612.640625,190725.921875,190946.140625,190833.125,190956.328125,191182.890625,191026.78125,191118.953125,-0.514892578125,-0.000244140625,-0.81396484375,-0.6713866591453552,0.4882812201976776,0.4577636420726776,80.0,5459.0,1.0,O,F,O,0
191430.0,191543.375,191763.5,191650.578125,191773.59375,192000.6875,191844.234375,191936.578125,-0.515625,0.001220703125,-0.813720703125,-0.6713866591453552,0.5493163466453552,0.4272460639476776,80.0,5460.0,1.0,O,F,O,0
191192.265625,191305.640625,191525.9375,191413.015625,191536.3125,191763.046875,191606.671875,191698.84375,-0.5146484375,0.001220703125,-0.813232421875,-0.6408690810203552,0.5187987685203552,0.3051757514476776,80.0,5461.0,1.0,O,F,O,0
190374.015625,190487.65625,190707.859375,190595.390625,190718.6875,190944.609375,190788.59375,190880.421875,-0.516357421875,0.00146484375,-0.812255859375,-0.7629393935203552,0.4882812201976776,0.4882812201976776,80.0,5462.0,1.0,O,F,O,0
190536.921875,190650.46875,190870.765625,190758.109375,190881.40625,191107.328125,190951.40625,191043.671875,-0.515625,0.001708984375,-0.810546875,-0.7629393935203552,0.4882812201976776,0.5187987685203552,80.0,5463.0,1.0,O,F,O,0
191405.5,191519.046875,191739.53125,191626.4375,191749.984375,191976.28125,191820.171875,191912.4375,-0.513916015625,0.000732421875,-0.81005859375,-0.7934569716453552,0.4272460639476776,0.5187987685203552,80.0,5464.0,1.0,O,F,O,0
191383.515625,191497.421875,191717.984375,191604.890625,191728.265625,191954.203125,191798.625,191890.546875,-0.51416015625,0.000732421875,-0.809814453125,-0.6713866591453552,0.4272460639476776,0.5187987685203552,80.0,5465.0,1.0,O,F,O,0
190543.359375,190656.71875,190877.296875,190764.015625,190887.75,191113.328125,190957.84375,191049.75,-0.51513671875,0.001708984375,-0.810302734375,-0.7019042372703552,0.3356933295726776,0.4577636420726776,80.0,5466.0,1.0,O,F,O,0
190488.109375,190601.734375,190822.3125,190708.9375,190832.859375,191058.421875,190902.5,190994.953125,-0.5146484375,0.001953125,-0.810791015625,-0.7934569716453552,0.3967284858226776,0.4882812201976776,80.0,5467.0,1.0,O,F,O,0
191349.984375,191463.890625,191684.1875,191571.09375,191694.734375,191920.9375,191764.390625,191857.375,-0.514404296875,0.001708984375,-0.813232421875,-0.7019042372703552,0.4882812201976776,0.4272460639476776,80.0,5468.0,1.0,O,F,O,0
191544.09375,191657.90625,191878.015625,191765.375,191888.65625,192114.859375,191958.671875,192051.46875,-0.513916015625,0.00146484375,-0.814697265625,-0.6408690810203552,0.3967284858226776,0.5798339247703552,80.0,5469.0,1.0,O,F,O,0
190734.234375,190847.515625,191067.640625,190954.984375,191078.453125,191304.390625,191148.546875,191240.8125,-0.513427734375,0.00146484375,-0.81103515625,-0.7019042372703552,0.4272460639476776,0.4882812201976776,80.0,5470.0,1.0,O,F,O,0
190465.578125,190579.03125,190799.328125,190686.671875,190810.0625,191035.984375,190879.96875,190972.0625,-0.513916015625,0.000732421875,-0.811279296875,-0.6713866591453552,0.4272460639476776,0.4882812201976776,80.0,5471.0,1.0,O,F,O,0
191270.6875,191383.6875,191604.4375,191491.703125,191614.8125,191841.28125,191684.90625,191777.171875,-0.514404296875,0.000732421875,-0.809814453125,-0.7629393935203552,0.4577636420726776,0.3967284858226776,80.0,5472.0,1.0,O,F,O,0
191668.625,191781.640625,192002.484375,191889.28125,192012.484375,192239.234375,192082.765625,192175.125,-0.51416015625,-0.000244140625,-0.806884765625,-0.7629393935203552,0.4272460639476776,0.4577636420726776,80.0,5473.0,1.0,O,F,O,0
190943.1875,191056.375,191276.765625,191164.015625,191286.78125,191513.6875,191357.40625,191449.40625,-0.515380859375,0.001220703125,-0.811279296875,-0.7019042372703552,0.5187987685203552,0.5798339247703552,80.0,5474.0,1.0,O,F,O,0
190481.578125,190595.390625,190815.515625,190702.765625,190825.25,191052.171875,190896.0625,190988.15625,-0.51416015625,0.0009765625,-0.811279296875,-0.7019042372703552,0.4882812201976776,0.5187987685203552,80.0,5475.0,1.0,O,F,O,0
191176.453125,191290.34375,191511.0,191397.90625,191520.75,191747.484375,191590.9375,191683.921875,-0.5146484375,0.001953125,-0.810546875,-0.6713866591453552,0.3967284858226776,0.4272460639476776,80.0,5476.0,1.0,O,F,O,0
191755.453125,191869.34375,192089.296875,191976.28125,192099.3125,192326.40625,192169.84375,192262.734375,-0.515625,0.0009765625,-0.810302734375,-0.6713866591453552,0.3967284858226776,0.4882812201976776,80.0,5477.0,1.0,O,F,O,0
191165.0,191278.734375,191499.03125,191385.75,191509.21875,191735.515625,191579.40625,191671.9375,-0.516845703125,0.001708984375,-0.81103515625,-0.6408690810203552,0.5187987685203552,0.4577636420726776,80.0,5478.0,1.0,O,F,O,0
190538.703125,190652.15625,190872.734375,190759.71875,190882.921875,191109.5625,190953.375,191045.203125,-0.515380859375,0.001708984375,-0.81201171875,-0.7019042372703552,0.4882812201976776,0.4882812201976776,80.0,5479.0,1.0,O,F,O,0
191078.546875,191192.265625,191412.84375,191299.46875,191422.578125,191649.59375,191493.125,191585.21875,-0.51220703125,0.002197265625,-0.8125,-0.7019042372703552,0.5493163466453552,0.5798339247703552,80.0,5480.0,1.0,O,F,O,0
191803.09375,191917.0,192137.21875,192023.84375,192147.234375,192373.96875,192217.328125,192310.125,-0.512939453125,0.0,-0.812255859375,-0.7629393935203552,0.4882812201976776,0.5187987685203552,80.0,5481.0,1.0,O,F,O,0
191385.5625,191499.296875,191719.328125,191606.21875,191729.703125,191956.171875,191799.703125,191892.15625,-0.513671875,0.000244140625,-0.808837890625,-0.7629393935203552,0.4882812201976776,0.5493163466453552,80.0,5482.0,1.0,O,F,O,0
190637.6875,190750.953125,190971.171875,190858.34375,190981.453125,191207.734375,191051.8125,191143.546875,-0.513427734375,-0.00146484375,-0.8115234375,-0.7324218153953552,0.5493163466453552,0.5493163466453552,80.0,5483.0,1.0,O,F,O,0
190990.125,191103.3125,191323.25,191210.59375,191333.890625,191560.453125,191404.34375,191496.609375,-0.514892578125,0.000244140625,-0.811279296875,-0.6713866591453552,0.4272460639476776,0.5187987685203552,80.0,5484.0,1.0,O,F,O,0
191812.578125,191926.03125,192145.96875,192032.96875,192156.53125,192383.53125,192226.625,192319.421875,-0.515380859375,0.000732421875,-0.81005859375,-0.6713866591453552,0.4577636420726776,0.4882812201976776,80.0,5485.0,1.0,O,F,O,0
191592.375,191705.921875,191925.9375,191813.296875,191936.234375,192163.40625,192006.671875,192099.21875,-0.514404296875,0.0009765625,-0.813720703125,-0.6408690810203552,0.3967284858226776,0.4272460639476776,80.0,5486.0,1.0,O,F,O,0
190770.1875,190883.8125,191104.109375,190991.28125,191114.21875,191340.59375,191184.40625,191276.5,-0.515380859375,0.000732421875,-0.810791015625,-0.7324218153953552,0.4577636420726776,0.4272460639476776,80.0,5487.0,1.0,O,F,O,0
190914.390625,191027.859375,191248.515625,191135.671875,191258.609375,191484.8125,191328.53125,191420.796875,-0.515869140625,0.000732421875,-0.81103515625,-0.6713866591453552,0.4272460639476776,0.2441406100988388,80.0,5488.0,1.0,O,F,O,0
191783.515625,191897.15625,192117.546875,192004.890625,192127.921875,192354.109375,192197.828125,192290.375,-0.515380859375,0.001220703125,-0.8125,-0.7019042372703552,0.3967284858226776,0.3356933295726776,80.0,5489.0,1.0,O,F,O,0
191779.671875,191893.046875,192113.609375,192000.78125,192123.71875,192350.265625,192193.984375,192286.609375,-0.514892578125,0.00146484375,-0.812255859375,-0.7324218153953552,0.4577636420726776,0.4577636420726776,80.0,5490.0,1.0,O,F,O,0
190937.375,191050.65625,191271.3125,191158.03125,191281.234375,191507.78125,191351.421875,191443.6875,-0.513916015625,-0.000244140625,-0.8125,-0.7324218153953552,0.5187987685203552,0.4577636420726776,80.0,5491.0,1.0,O,F,O,0
190865.40625,190978.765625,191199.421875,191086.328125,191209.34375,191435.734375,191279.625,191371.625,-0.5126953125,0.0009765625,-0.8115234375,-0.7629393935203552,0.4882812201976776,0.4882812201976776,80.0,5492.0,1.0,O,F,O,0
191727.015625,191840.296875,192060.765625,191948.125,192071.046875,192297.4375,192141.328125,192233.59375,-0.515625,0.0009765625,-0.811279296875,-0.7629393935203552,0.4577636420726776,0.5187987685203552,80.0,5493.0,1.0,O,F,O,0
191939.71875,192053.34375,192273.5625,192160.90625,192283.9375,192510.40625,192353.75,192446.828125,-0.514892578125,0.00146484375,-0.809326171875,-0.7324218153953552,0.4272460639476776,0.4577636420726776,80.0,5494.0,1.0,O,F,O,0
191135.5,191248.953125,191469.4375,191356.0625,191479.625,191705.640625,191549.71875,191642.171875,-0.51416015625,0.0009765625,-0.810546875,-0.7934569716453552,0.4577636420726776,0.5187987685203552,80.0,5495.0,1.0,O,F,O,0
190848.953125,190962.046875,191182.25,191069.34375,191193.078125,191418.921875,191263.171875,191354.984375,-0.513427734375,0.000244140625,-0.80908203125,-0.7324218153953552,0.4272460639476776,0.3967284858226776,80.0,5496.0,1.0,O,F,O,0
191644.84375,191758.21875,191978.421875,191865.421875,191988.890625,192215.359375,192059.078125,192151.515625,-0.51318359375,0.001220703125,-0.810791015625,-0.7629393935203552,0.4577636420726776,0.3662109076976776,80.0,5497.0,1.0,O,F,O,0
192059.875,192173.515625,192393.640625,192280.796875,192403.921875,192630.734375,192474.375,192566.90625,-0.515380859375,0.000732421875,-0.813232421875,-0.7324218153953552,0.4577636420726776,0.4882812201976776,80.0,5498.0,1.0,O,F,O,0
191345.96875,191459.59375,191679.71875,191566.796875,191690.265625,191916.828125,191760.625,191852.546875,-0.51318359375,0.001220703125,-0.81201171875,-0.7019042372703552,0.4577636420726776,0.4882812201976776,80.0,5499.0,1.0,O,F,O,0
190870.765625,190983.78125,191204.078125,191091.234375,191214.625,191441.1875,191284.625,191376.71875,-0.513427734375,0.001708984375,-0.813232421875,-0.6713866591453552,0.4577636420726776,0.4577636420726776,80.0,5500.0,1.0,O,F,O,0
191556.609375,191669.609375,191889.640625,191777.34375,191899.921875,192126.65625,191970.109375,192062.921875,-0.51513671875,0.001708984375,-0.816162109375,-0.7019042372703552,0.4577636420726776,0.5493163466453552,80.0,5501.0,1.0,O,M,O,0
192147.40625,192261.125,192481.15625,192368.421875,192491.53125,192717.90625,192561.71875,192654.515625,-0.513671875,0.00048828125,-0.810791015625,-0.7324218153953552,0.5187987685203552,0.4577636420726776,80.0,5502.0,1.0,O,M,O,0
191566.4375,191679.890625,191900.375,191787.28125,191910.65625,192136.765625,191981.109375,192073.375,-0.5126953125,0.0009765625,-0.8125,-0.7629393935203552,0.5493163466453552,0.3967284858226776,80.0,5503.0,1.0,O,M,O,0
190926.734375,191040.015625,191260.578125,191147.75,191270.953125,191497.0625,191341.21875,191433.671875,-0.513916015625,0.001220703125,-0.812255859375,-0.6713866591453552,0.3967284858226776,0.5187987685203552,80.0,5504.0,1.0,O,M,O,0
191454.234375,191567.6875,191788.53125,191675.421875,191798.71875,192025.28125,191869.0,191961.53125,-0.51513671875,0.001220703125,-0.812255859375,-0.7019042372703552,0.3051757514476776,0.5187987685203552,80.0,5505.0,1.0,O,M,O,0
192188.0,192301.8125,192522.203125,192409.015625,192532.65625,192759.484375,192603.03125,192695.5625,-0.513427734375,0.001708984375,-0.81005859375,-0.6408690810203552,0.4272460639476776,0.4577636420726776,80.0,5506.0,1.0,O,M,O,0
191783.4375,191896.984375,192117.1875,192003.8125,192127.640625,192353.9375,192197.828125,192290.1875,-0.5126953125,0.002685546875,-0.80810546875,-0.6408690810203552,0.4577636420726776,0.4882812201976776,80.0,5507.0,1.0,O,M,O,0
191027.5,191140.59375,191360.796875,191247.875,191371.265625,191597.46875,191441.71875,191533.8125,-0.514404296875,0.000732421875,-0.81005859375,-0.6408690810203552,0.6103515028953552,0.4577636420726776,80.0,5508.0,1.0,O,M,O,0
191365.453125,191478.375,191698.9375,191585.84375,191709.21875,191935.59375,191779.9375,191871.765625,-0.515380859375,-0.000244140625,-0.808837890625,-0.6408690810203552,0.4882812201976776,0.3967284858226776,80.0,5509.0,1.0,O,M,O,0
192192.46875,192305.5625,192526.140625,192412.9375,192536.140625,192762.703125,192606.78125,192699.140625,-0.516845703125,-0.000244140625,-0.80810546875,-0.6103515028953552,0.4577636420726776,0.3356933295726776,80.0,5510.0,1.0,O,M,O,0
191988.34375,192101.453125,192322.015625,192208.65625,192331.9375,192558.765625,192402.578125,192495.109375,-0.513916015625,0.000732421875,-0.811279296875,-0.7324218153953552,0.4882812201976776,0.4272460639476776,80.0,5511.0,1.0,O,M,O,0
191162.40625,191275.328125,191496.4375,191383.0625,191506.453125,191732.734375,191576.71875,191668.90625,-0.5126953125,0.00146484375,-0.812255859375,-0.6713866591453552,0.5493163466453552,0.4272460639476776,80.0,5512.0,1.0,O,M,O,0
191290.4375,191403.71875,191624.28125,191511.09375,191634.75,191860.765625,191704.9375,191797.109375,-0.513671875,0.0009765625,-0.81201171875,-0.7019042372703552,0.5187987685203552,0.5798339247703552,80.0,5513.0,1.0,O,M,O,0
192159.828125,192273.109375,192493.671875,192380.40625,192504.046875,192730.25,192574.6875,192667.046875,-0.515625,0.00146484375,-0.810546875,-0.8239745497703552,0.3967284858226776,0.4882812201976776,80.0,5514.0,1.0,O,M,O,0
192172.53125,192285.890625,192506.28125,192392.921875,192516.5625,192743.21875,192587.015625,192679.640625,-0.515869140625,-0.0009765625,-0.809326171875,-0.7934569716453552,0.3356933295726776,0.4272460639476776,80.0,5515.0,1.0,O,M,O,0
191332.546875,191446.09375,191666.3125,191553.125,191676.59375,191902.96875,191746.953125,191839.3125,-0.51220703125,0.001708984375,-0.81103515625,-0.7324218153953552,0.3662109076976776,0.3662109076976776,80.0,5516.0,1.0,O,M,O,0
191243.40625,191356.953125,191577.171875,191464.0625,191587.265625,191813.828125,191657.640625,191749.90625,-0.515380859375,0.000732421875,-0.81298828125,-0.7019042372703552,0.3967284858226776,0.4272460639476776,80.0,5517.0,1.0,O,M,O,0
192100.28125,192213.296875,192433.78125,192320.671875,192443.96875,192670.796875,192514.328125,192607.046875,-0.513916015625,0.00048828125,-0.8134765625,-0.7324218153953552,0.4577636420726776,0.4577636420726776,80.0,5518.0,1.0,O,M,O,0
192326.84375,192440.125,192660.78125,192547.40625,192671.15625,192897.53125,192741.15625,192833.96875,-0.51318359375,-0.000244140625,-0.812744140625,-0.7934569716453552,0.4577636420726776,0.5187987685203552,80.0,5519.0,1.0,O,M,O,0
191526.109375,191639.3125,191859.875,191746.953125,191870.421875,192096.53125,191940.609375,192032.421875,-0.512939453125,0.001953125,-0.811279296875,-0.7934569716453552,0.5187987685203552,0.5798339247703552,80.0,5520.0,1.0,O,M,O,0
191227.046875,191339.796875,191560.0,191447.171875,191570.640625,191797.015625,191641.0,191733.1875,-0.513427734375,0.0,-0.810791015625,-0.7019042372703552,0.4882812201976776,0.3967284858226776,80.0,5521.0,1.0,O,M,O,0
192017.671875,192131.046875,192351.25,192237.890625,192361.53125,192588.359375,192431.90625,192524.703125,-0.51416015625,0.000732421875,-0.811279296875,-0.6713866591453552,0.5187987685203552,0.4577636420726776,80.0,5522.0,1.0,O,M,O,0
192446.03125,192559.65625,192780.140625,192666.234375,192789.96875,193016.984375,192860.421875,192952.875,-0.515625,-0.00048828125,-0.81005859375,-0.7324218153953552,0.4577636420726776,0.4272460639476776,80.0,5523.0,1.0,O,M,O,0
191739.703125,191852.90625,192073.375,191959.921875,192083.5625,192310.125,192153.84375,192246.375,-0.514892578125,0.0009765625,-0.81103515625,-0.7324218153953552,0.3967284858226776,0.3662109076976776,80.0,5524.0,1.0,O,M,O,0
191249.21875,191362.328125,191582.890625,191470.0625,191593.265625,191819.90625,191663.53125,191756.25,-0.515625,-0.00048828125,-0.80859375,-0.7324218153953552,0.5493163466453552,0.4577636420726776,80.0,5525.0,1.0,O,M,O,0
191922.453125,192035.828125,192256.75,192143.5625,192266.859375,192493.328125,192337.03125,192429.84375,-0.515625,0.000244140625,-0.814208984375,-0.7629393935203552,0.3967284858226776,0.3662109076976776,80.0,5526.0,1.0,O,M,O,0
192526.765625,192640.125,192860.609375,192747.5,192870.984375,193097.890625,192941.078125,193034.40625,-0.5126953125,0.0009765625,-0.812255859375,-0.7629393935203552,0.4272460639476776,0.4577636420726776,80.0,5527.0,1.0,O,M,O,0
191959.5625,192073.28125,192293.234375,192180.390625,192303.515625,192530.609375,192373.78125,192467.03125,-0.51318359375,0.0,-0.812744140625,-0.7324218153953552,0.4577636420726776,0.3967284858226776,80.0,5528.0,1.0,O,M,O,0
191311.8125,191425.265625,191645.390625,191532.546875,191655.84375,191882.40625,191726.296875,191818.484375,-0.512939453125,0.00146484375,-0.811767578125,-0.7324218153953552,0.5493163466453552,0.4882812201976776,80.0,5529.0,1.0,O,M,O,0
191826.34375,191939.796875,192160.109375,192047.359375,192170.5625,192397.390625,192240.84375,192333.28125,-0.512939453125,0.001220703125,-0.814453125,-0.7019042372703552,0.4882812201976776,0.4882812201976776,80.0,5530.0,1.0,O,M,O,0
192569.5,192683.21875,192903.25,192790.328125,192913.796875,193140.625,192983.890625,193077.15625,-0.51220703125,0.00048828125,-0.812744140625,-0.6408690810203552,0.4272460639476776,0.4577636420726776,80.0,5531.0,1.0,O,M,O,0
192177.359375,192290.71875,192510.75,192397.921875,192521.65625,192748.046875,192591.84375,192684.46875,-0.512939453125,0.000244140625,-0.810546875,-0.6713866591453552,0.4577636420726776,0.4272460639476776,80.0,5532.0,1.0,O,M,O,0
191411.5,191524.78125,191745.171875,191632.328125,191756.078125,191982.359375,191826.078125,191918.53125,-0.51318359375,0.002685546875,-0.810791015625,-0.5798339247703552,0.5187987685203552,0.4882812201976776,80.0,5533.0,1.0,O,M,O,0
191733.71875,191847.09375,192067.390625,191954.375,192078.03125,192304.671875,192148.125,192240.484375,-0.513671875,0.00048828125,-0.8134765625,-0.5798339247703552,0.5798339247703552,0.4272460639476776,80.0,5534.0,1.0,O,M,O,0
192567.890625,192680.890625,192901.46875,192788.09375,192912.015625,193138.75,192981.65625,193074.734375,-0.513671875,0.001220703125,-0.8134765625,-0.6103515028953552,0.4882812201976776,0.4272460639476776,80.0,5535.0,1.0,O,M,O,0
192381.109375,192494.03125,192714.15625,192601.0625,192725.0625,192951.4375,192794.796875,192887.609375,-0.51318359375,0.0009765625,-0.813232421875,-0.6408690810203552,0.4882812201976776,0.4882812201976776,80.0,5536.0,1.0,O,M,O,0
191552.3125,191665.5,191885.4375,191772.515625,191896.265625,192122.640625,191966.453125,192058.53125,-0.513916015625,0.00048828125,-0.81103515625,-0.6713866591453552,0.4272460639476776,0.3662109076976776,80.0,5537.0,1.0,O,M,O,0
191663.171875,191776.71875,191996.671875,191883.828125,192007.21875,192233.765625,192077.484375,192169.84375,-0.514892578125,0.000732421875,-0.809326171875,-0.7019042372703552,0.3967284858226776,0.3967284858226776,80.0,5538.0,1.0,O,M,O,0
192534.8125,192648.71875,192868.5625,192755.546875,192878.9375,193106.03125,192949.46875,193042.109375,-0.514404296875,0.000732421875,-0.811279296875,-0.7324218153953552,0.4882812201976776,0.3967284858226776,80.0,5539.0,1.0,O,M,O,0
192564.40625,192677.953125,192898.15625,192784.96875,192908.171875,193135.265625,192978.4375,193071.421875,-0.512939453125,0.00244140625,-0.810546875,-0.6713866591453552,0.4272460639476776,0.4272460639476776,80.0,5540.0,1.0,O,M,O,0
191724.953125,191838.328125,192058.984375,191945.4375,192069.078125,192295.46875,192139.09375,192232.15625,-0.513916015625,0.00048828125,-0.811279296875,-0.7934569716453552,0.4272460639476776,0.5187987685203552,80.0,5541.0,1.0,O,M,O,0
191619.71875,191733.0,191953.296875,191839.9375,191963.765625,192190.328125,192033.859375,192126.578125,-0.513671875,0.00146484375,-0.81103515625,-0.7324218153953552,0.4577636420726776,0.5187987685203552,80.0,5542.0,1.0,O,M,O,0
192474.28125,192587.46875,192807.40625,192695.03125,192817.953125,193045.140625,192887.875,192981.03125,-0.514892578125,-0.00146484375,-0.811279296875,-0.6408690810203552,0.4577636420726776,0.4882812201976776,80.0,5543.0,1.0,O,M,O,0
192718.0,192831.375,193051.21875,192938.75,193061.859375,193288.859375,193131.859375,193225.03125,-0.513671875,0.0,-0.81201171875,-0.6713866591453552,0.4882812201976776,0.5493163466453552,80.0,5544.0,1.0,O,M,O,0
191922.375,192035.734375,192255.59375,192143.03125,192266.671875,192492.96875,192336.40625,192429.21875,-0.512939453125,0.00048828125,-0.811279296875,-0.6103515028953552,0.4272460639476776,0.4272460639476776,80.0,5545.0,1.0,O,M,O,0
191605.6875,191718.796875,191939.265625,191826.25,191949.8125,192175.84375,192019.46875,192112.359375,-0.511962890625,0.0009765625,-0.813720703125,-0.6713866591453552,0.3662109076976776,0.3967284858226776,80.0,5546.0,1.0,O,M,O,0
192388.453125,192501.1875,192721.9375,192608.75,192732.21875,192958.59375,192802.40625,192895.03125,-0.51416015625,0.00048828125,-0.809326171875,-0.7629393935203552,0.3967284858226776,0.3356933295726776,80.0,5547.0,1.0,O,M,O,0
192833.609375,192946.796875,193166.734375,193053.8125,193177.28125,193403.84375,193247.734375,193340.71875,-0.515380859375,0.002197265625,-0.809326171875,-0.7934569716453552,0.4272460639476776,0.3967284858226776,80.0,5548.0,1.0,O,M,O,0
192134.078125,192247.0,192467.390625,192354.390625,192477.5,192704.5,192548.03125,192641.015625,-0.515869140625,0.003173828125,-0.811279296875,-0.7629393935203552,0.6103515028953552,0.4577636420726776,80.0,5549.0,1.0,O,M,O,0
191630.28125,191743.375,191963.578125,191850.75,191973.875,192200.515625,192044.234375,192136.859375,-0.513916015625,0.001220703125,-0.810791015625,-0.7629393935203552,0.5493163466453552,0.4272460639476776,80.0,5550.0,1.0,O,M,O,0
192293.140625,192406.421875,192626.453125,192513.53125,192636.90625,192863.375,192707.265625,192799.8125,-0.514404296875,0.001220703125,-0.8134765625,-0.7934569716453552,0.6103515028953552,0.4272460639476776,80.0,5551.0,1.0,O,M,O,0
192908.796875,193021.984375,193242.1875,193129.1875,193252.828125,193479.296875,193323.015625,193415.828125,-0.5146484375,0.001953125,-0.81103515625,-0.6713866591453552,0.5187987685203552,0.3967284858226776,80.0,5552.0,1.0,O,M,O,0
192352.59375,192465.78125,192685.8125,192572.71875,192696.09375,192923.09375,192766.453125,192859.359375,-0.515869140625,-0.000244140625,-0.810546875,-0.6713866591453552,0.4882812201976776,0.4272460639476776,80.0,5553.0,1.0,O,M,O,0
191695.359375,191808.640625,192028.40625,191915.125,192038.953125,192265.78125,192109.140625,192201.671875,-0.515625,0.0009765625,-0.808837890625,-0.6103515028953552,0.4577636420726776,0.3662109076976776,80.0,5554.0,1.0,O,M,O,0
192194.53125,192307.796875,192527.921875,192414.46875,192538.296875,192765.125,192608.484375,192701.375,-0.515380859375,0.00244140625,-0.80908203125,-0.6103515028953552,0.5187987685203552,0.3662109076976776,80.0,5555.0,1.0,O,M,O,0
192946.609375,193059.984375,193280.015625,193166.828125,193290.46875,193517.296875,193360.5625,193453.734375,-0.512939453125,0.001953125,-0.813232421875,-0.7629393935203552,0.4882812201976776,0.4577636420726776,80.0,5556.0,1.0,O,M,O,0
192571.375,192684.390625,192904.59375,192791.765625,192914.96875,193141.703125,192985.234375,193078.21875,-0.51416015625,0.002685546875,-0.812744140625,-0.7629393935203552,0.4272460639476776,0.4577636420726776,80.0,5557.0,1.0,O,M,O,0
191799.53125,191912.625,192132.75,192020.265625,192143.03125,192369.84375,192213.5625,192306.28125,-0.51611328125,0.003173828125,-0.810791015625,-0.6713866591453552,0.4577636420726776,0.4272460639476776,80.0,5558.0,1.0,O,M,O,0
192103.5,192217.046875,192437.171875,192324.609375,192447.359375,192674.109375,192517.90625,192610.625,-0.515380859375,0.0009765625,-0.815673828125,-0.6408690810203552,0.4882812201976776,0.3967284858226776,80.0,5559.0,1.0,O,M,O,0
192941.703125,193055.15625,193275.453125,193162.359375,193285.5625,193512.296875,193355.734375,193449.0,-0.515380859375,0.001953125,-0.81494140625,-0.7019042372703552,0.5493163466453552,0.3967284858226776,80.0,5560.0,1.0,O,M,O,0
192771.5625,192885.015625,193105.140625,192991.9375,193115.421875,193342.421875,193185.78125,193278.5,-0.513427734375,0.0009765625,-0.81298828125,-0.7934569716453552,0.4882812201976776,0.3967284858226776,80.0,5561.0,1.0,O,M,O,0
191940.515625,192054.328125,192274.28125,192161.359375,192284.5625,192511.296875,192354.921875,192447.09375,-0.512939453125,0.000244140625,-0.813720703125,-0.6408690810203552,0.4577636420726776,0.3356933295726776,80.0,5562.0,1.0,O,M,O,0
192034.484375,192148.03125,192368.328125,192255.40625,192378.4375,192604.90625,192448.890625,192541.25,-0.51318359375,-0.000244140625,-0.8115234375,-0.6103515028953552,0.4272460639476776,0.4577636420726776,80.0,5563.0,1.0,O,M,O,0
192907.1875,193020.375,193240.671875,193127.84375,193251.046875,193477.515625,193321.3125,193414.03125,-0.51416015625,0.002197265625,-0.8125,-0.7019042372703552,0.4882812201976776,0.3967284858226776,80.0,5564.0,1.0,O,M,O,0
192954.390625,193067.765625,193287.96875,193175.234375,193298.25,193524.90625,193368.265625,193461.328125,-0.51513671875,0.00146484375,-0.8134765625,-0.7324218153953552,0.4882812201976776,0.3967284858226776,80.0,5565.0,1.0,O,M,O,0
192116.921875,192230.015625,192450.234375,192337.578125,192460.953125,192687.78125,192531.046875,192623.59375,-0.513671875,0.001220703125,-0.807861328125,-0.7324218153953552,0.4272460639476776,0.4272460639476776,80.0,5566.0,1.0,O,M,O,0
191994.703125,192107.703125,192328.09375,192215.53125,192338.734375,192565.46875,192409.015625,192501.1875,-0.514404296875,0.000732421875,-0.80908203125,-0.7324218153953552,0.4577636420726776,0.4272460639476776,80.0,5567.0,1.0,O,M,O,0
192845.671875,192958.953125,193179.078125,193066.15625,193189.625,193416.359375,193259.359375,193352.515625,-0.51416015625,-0.00048828125,-0.809326171875,-0.7019042372703552,0.4577636420726776,0.4577636420726776,80.0,5568.0,1.0,O,M,O,0
193105.21875,193219.03125,193438.796875,193325.875,193449.078125,193676.171875,193519.171875,193612.25,-0.514404296875,0.002685546875,-0.812255859375,-0.6408690810203552,0.5493163466453552,0.3967284858226776,80.0,5569.0,1.0,O,M,O,0
192317.015625,192430.828125,192650.328125,192537.75,192660.6875,192887.609375,192730.78125,192823.6875,-0.51416015625,0.001708984375,-0.8125,-0.8239745497703552,0.4882812201976776,0.3967284858226776,80.0,5570.0,1.0,O,M,O,0
191985.046875,192098.859375,192318.359375,192205.875,192328.90625,192555.640625,192398.90625,192492.15625,-0.51416015625,0.002197265625,-0.812255859375,-0.8239745497703552,0.3967284858226776,0.3356933295726776,80.0,5571.0,1.0,O,M,O,0
192759.9375,192873.75,193093.328125,192980.953125,193103.609375,193330.96875,193174.15625,193267.140625,-0.51318359375,0.003173828125,-0.814453125,-0.7934569716453552,0.4882812201976776,0.3662109076976776,80.0,5572.0,1.0,O,M,O,0
193219.03125,193332.5,193552.796875,193439.96875,193562.890625,193790.078125,193633.078125,193726.515625,-0.5126953125,-0.00146484375,-0.81103515625,-0.7019042372703552,0.4882812201976776,0.3967284858226776,80.0,5573.0,1.0,O,M,O,0
192531.671875,192644.953125,192865.4375,192752.328125,192875.53125,193102.1875,192945.359375,193038.890625,-0.51318359375,0.0009765625,-0.812255859375,-0.6713866591453552,0.4577636420726776,0.3967284858226776,80.0,5574.0,1.0,O,M,O,0
192013.5625,192127.109375,192347.046875,192234.046875,192357.515625,192584.0625,192427.421875,192520.5,-0.5146484375,-0.00048828125,-0.81201171875,-0.6713866591453552,0.5187987685203552,0.4272460639476776,80.0,5575.0,1.0,O,M,O,0
192662.75,192776.296875,192996.421875,192883.578125,193006.703125,193233.515625,193076.703125,193169.78125,-0.513427734375,0.00048828125,-0.812255859375,-0.6103515028953552,0.5187987685203552,0.3967284858226776,80.0,5576.0,1.0,O,M,O,0
193290.828125,193404.375,193624.40625,193511.578125,193634.609375,193861.703125,193704.78125,193798.21875,-0.513916015625,0.0,-0.811279296875,-0.7019042372703552,0.5187987685203552,0.3967284858226776,80.0,5577.0,1.0,O,M,O,0
192748.84375,192862.484375,193082.0625,192969.40625,193092.796875,193319.890625,193163.0625,193256.140625,-0.51513671875,0.0009765625,-0.81201171875,-0.7629393935203552,0.4272460639476776,0.3662109076976776,80.0,5578.0,1.0,O,M,O,0
192079.09375,192192.640625,192412.140625,192299.484375,192423.234375,192650.046875,192493.140625,192586.125,-0.512939453125,0.000244140625,-0.8125,-0.6713866591453552,0.4272460639476776,0.3967284858226776,80.0,5579.0,1.0,O,M,O,0
192563.5,192677.234375,192897.0,192784.078125,192907.640625,193134.453125,192977.8125,193070.71875,-0.51513671875,0.001708984375,-0.812744140625,-0.7324218153953552,0.4272460639476776,0.4882812201976776,80.0,5580.0,1.0,O,M,O,0
193323.640625,193437.453125,193656.953125,193544.390625,193667.421875,193894.78125,193737.6875,193831.03125,-0.51416015625,0.00048828125,-0.814697265625,-0.7629393935203552,0.5187987685203552,0.3967284858226776,80.0,5581.0,1.0,O,M,O,0
192963.78125,193077.15625,193297.0,193184.53125,193307.546875,193534.640625,193378.0,193470.8125,-0.51318359375,0.001220703125,-0.813232421875,-0.7324218153953552,0.5493163466453552,0.3662109076976776,80.0,5582.0,1.0,O,M,O,0
192186.203125,192299.484375,192519.703125,192406.421875,192529.796875,192756.625,192600.4375,192692.96875,-0.51416015625,0.001220703125,-0.811767578125,-0.7629393935203552,0.5187987685203552,0.5187987685203552,80.0,5583.0,1.0,O,M,O,0
192477.140625,192590.234375,192810.359375,192697.4375,192820.546875,193047.015625,192890.640625,192983.71875,-0.514892578125,0.001220703125,-0.812744140625,-0.7629393935203552,0.5187987685203552,0.3967284858226776,80.0,5584.0,1.0,O,M,O,0
193321.046875,193434.421875,193654.265625,193541.265625,193664.828125,193891.734375,193735.09375,193827.984375,-0.514892578125,-0.001220703125,-0.815185546875,-0.7019042372703552,0.4272460639476776,0.4272460639476776,80.0,5585.0,1.0,O,M,O,0
193166.640625,193280.28125,193500.046875,193386.9375,193510.328125,193737.328125,193580.59375,193673.859375,-0.513427734375,0.00048828125,-0.8134765625,-0.7019042372703552,0.4577636420726776,0.4272460639476776,80.0,5586.0,1.0,O,M,O,0
192330.875,192444.234375,192664.09375,192551.34375,192674.640625,192901.203125,192744.734375,192837.984375,-0.514404296875,0.0,-0.812255859375,-0.6713866591453552,0.4577636420726776,0.5798339247703552,80.0,5587.0,1.0,O,M,O,0
192406.59375,192520.140625,192739.8125,192627.078125,192750.1875,192977.015625,192820.546875,192913.359375,-0.513427734375,0.00048828125,-0.8134765625,-0.6103515028953552,0.4882812201976776,0.5187987685203552,80.0,5588.0,1.0,O,M,O,0
193279.828125,193393.203125,193613.140625,193500.21875,193623.421875,193850.515625,193693.609375,193786.859375,-0.513671875,0.0,-0.814453125,-0.7934569716453552,0.4577636420726776,0.5187987685203552,80.0,5589.0,1.0,O,M,O,0
193341.796875,193455.4375,193675.375,193562.453125,193685.75,193912.296875,193755.84375,193848.90625,-0.513427734375,-0.000244140625,-0.810302734375,-0.7629393935203552,0.4272460639476776,0.5187987685203552,80.0,5590.0,1.0,O,M,O,0
192505.578125,192618.9375,192838.96875,192726.40625,192849.4375,193076.078125,192919.796875,193012.515625,-0.512451171875,0.00048828125,-0.81005859375,-0.7019042372703552,0.4272460639476776,0.4272460639476776,80.0,5591.0,1.0,O,M,O,0
192365.015625,192478.21875,192698.328125,192585.859375,192708.609375,192935.53125,192779.25,192871.515625,-0.51171875,-0.000732421875,-0.8125,-0.7324218153953552,0.4577636420726776,0.4577636420726776,80.0,5592.0,1.0,O,M,O,0
193211.96875,193325.25,193545.640625,193432.984375,193555.390625,193782.390625,193626.109375,193719.09375,-0.512451171875,0.000732421875,-0.808837890625,-0.6713866591453552,0.4577636420726776,0.3967284858226776,80.0,5593.0,1.0,O,M,O,0
193487.96875,193601.703125,193821.640625,193709.078125,193831.75,194059.015625,193902.109375,193995.71875,-0.515625,-0.000244140625,-0.808349609375,-0.6713866591453552,0.4577636420726776,0.3662109076976776,80.0,5594.0,1.0,O,M,O,0
192705.390625,192819.03125,193038.796875,192926.3125,193049.171875,193275.984375,193119.796875,193212.875,-0.513427734375,0.001708984375,-0.81005859375,-0.6713866591453552,0.4272460639476776,0.3662109076976776,80.0,5595.0,1.0,O,M,O,0
192359.03125,192472.578125,192692.25,192579.875,192702.53125,192929.53125,192773.34375,192866.234375,-0.51416015625,0.001708984375,-0.813720703125,-0.6713866591453552,0.5798339247703552,0.4882812201976776,80.0,5596.0,1.0,O,M,O,0
193125.515625,193238.796875,193459.0,193346.625,193469.203125,193696.296875,193539.65625,193633.078125,-0.51171875,0.001708984375,-0.8115234375,-0.7324218153953552,0.4272460639476776,0.4882812201976776,80.0,5597.0,1.0,O,M,O,0
193598.125,193711.40625,193931.703125,193819.140625,193942.15625,194169.34375,194012.171875,194105.859375,-0.51220703125,0.002197265625,-0.811767578125,-0.7019042372703552,0.5187987685203552,0.5187987685203552,80.0,5598.0,1.0,O,M,O,0
192920.234375,193033.703125,193253.453125,193140.71875,193263.828125,193490.828125,193334.109375,193427.265625,-0.513671875,0.00146484375,-0.810791015625,-0.6408690810203552,0.5493163466453552,0.4272460639476776,80.0,5599.0,1.0,O,M,O,0
192387.375,192500.75,192720.5,192607.671875,192730.96875,192957.796875,192801.234375,192894.046875,-0.5126953125,0.003173828125,-0.810302734375,-0.7019042372703552,0.4577636420726776,0.4577636420726776,80.0,5600.0,1.0,O,M,O,0
193026.28125,193139.828125,193359.9375,193247.109375,193370.40625,193596.78125,193440.40625,193533.65625,-0.51171875,0.000244140625,-0.811767578125,-0.7019042372703552,0.4577636420726776,0.5187987685203552,80.0,5601.0,1.0,O,M,O,0
193670.28125,193784.09375,194004.296875,193891.109375,194014.3125,194241.046875,194084.765625,194178.015625,-0.512939453125,-0.000244140625,-0.812744140625,-0.6713866591453552,0.4882812201976776,0.4577636420726776,80.0,5602.0,1.0,O,M,O,0
193142.6875,193256.40625,193476.625,193363.875,193487.078125,193713.90625,193557.265625,193650.515625,-0.513671875,0.0,-0.810546875,-0.7019042372703552,0.5187987685203552,0.4272460639476776,80.0,5603.0,1.0,O,M,O,0
192461.40625,192575.125,192795.25,192682.421875,192805.796875,193032.453125,192875.890625,192968.78125,-0.514404296875,0.000244140625,-0.8125,-0.7019042372703552,0.5493163466453552,0.5798339247703552,80.0,5604.0,1.0,O,M,O,0
192932.578125,193045.953125,193265.984375,193152.96875,193276.34375,193503.4375,193346.53125,193439.6875,-0.51513671875,-0.000244140625,-0.81298828125,-0.8239745497703552,0.5187987685203552,0.5493163466453552,80.0,5605.0,1.0,O,M,O,0
193699.59375,193813.140625,194033.09375,193920.078125,194043.640625,194270.28125,194113.90625,194207.171875,-0.514404296875,0.0,-0.812255859375,-0.7629393935203552,0.5798339247703552,0.5187987685203552,80.0,5606.0,1.0,O,M,O,0
193358.15625,193471.796875,193691.734375,193578.453125,193702.015625,193928.65625,193772.28125,193865.546875,-0.5146484375,0.001220703125,-0.811767578125,-0.7324218153953552,0.4882812201976776,0.4882812201976776,80.0,5607.0,1.0,O,M,O,0
192574.40625,192687.78125,192907.71875,192794.71875,192918.1875,193144.65625,192988.015625,193081.265625,-0.514892578125,0.0009765625,-0.812744140625,-0.7324218153953552,0.4577636420726776,0.4882812201976776,80.0,5608.0,1.0,O,M,O,0
192846.390625,192959.3125,193179.703125,193066.421875,193189.984375,193416.8125,193259.984375,193353.328125,-0.5146484375,0.00146484375,-0.8173828125,-0.7324218153953552,0.4577636420726776,0.4577636420726776,80.0,5609.0,1.0,O,M,O,0
193693.4375,193806.625,194027.09375,193913.640625,194037.375,194264.390625,194107.296875,194200.90625,-0.513427734375,0.00146484375,-0.8154296875,-0.7019042372703552,0.5187987685203552,0.4882812201976776,80.0,5610.0,1.0,O,M,O,0
193557.53125,193671.34375,193891.203125,193778.546875,193901.84375,194128.671875,193971.84375,194065.546875,-0.515625,0.00244140625,-0.810302734375,-0.6408690810203552,0.5493163466453552,0.4882812201976776,80.0,5611.0,1.0,O,M,O,0
192719.96875,192833.515625,193053.640625,192940.71875,193064.359375,193291.015625,193134.015625,193227.53125,-0.514892578125,0.00048828125,-0.810546875,-0.6408690810203552,0.4882812201976776,0.3967284858226776,80.0,5612.0,1.0,O,M,O,0
192778.984375,192892.34375,193112.46875,192999.546875,193123.015625,193349.578125,193192.75,193286.265625,-0.512939453125,0.001220703125,-0.81298828125,-0.5493163466453552,0.5493163466453552,0.3356933295726776,80.0,5613.0,1.0,O,M,O,0
193649.625,193763.078125,193982.84375,193870.1875,193993.03125,194220.125,194063.484375,194156.734375,-0.5126953125,0.003173828125,-0.81396484375,-0.5798339247703552,0.4882812201976776,0.4272460639476776,80.0,5614.0,1.0,O,M,O,0
193731.15625,193844.34375,194064.03125,193951.546875,194074.390625,194301.578125,194144.9375,194238.1875,-0.513427734375,0.00048828125,-0.81494140625,-0.7019042372703552,0.4272460639476776,0.3967284858226776,80.0,5615.0,1.0,O,M,O,0
192899.40625,193012.515625,193232.359375,193119.796875,193242.734375,193469.640625,193313.0,193406.171875,-0.515869140625,0.00048828125,-0.810791015625,-0.7629393935203552,0.4272460639476776,0.3967284858226776,80.0,5616.0,1.0,O,M,O,0
192739.453125,192852.203125,193072.59375,192959.765625,193082.78125,193309.421875,193153.234375,193246.125,-0.513916015625,0.000732421875,-0.812255859375,-0.7934569716453552,0.5187987685203552,0.3967284858226776,80.0,5617.0,1.0,O,M,O,0
193580.25,193693.25,193913.375,193800.265625,193923.828125,194150.65625,193994.203125,194087.265625,-0.5126953125,0.000732421875,-0.81396484375,-0.7629393935203552,0.4882812201976776,0.4272460639476776,80.0,5618.0,1.0,O,M,O,0
193874.21875,193988.03125,194208.328125,194095.046875,194218.421875,194445.4375,194288.609375,194382.046875,-0.512939453125,0.001953125,-0.8115234375,-0.7324218153953552,0.5187987685203552,0.4882812201976776,80.0,5619.0,1.0,O,M,O,0
193099.046875,193212.59375,193432.90625,193319.890625,193443.265625,193669.828125,193513.1875,193606.4375,-0.513427734375,0.001953125,-0.81201171875,-0.7019042372703552,0.4882812201976776,0.4882812201976776,80.0,5620.0,1.0,O,M,O,0
192734.359375,192847.828125,193068.125,192955.28125,193078.40625,193304.78125,193148.5,193241.65625,-0.51416015625,0.000244140625,-0.8115234375,-0.8544921278953552,0.4882812201976776,0.5187987685203552,80.0,5621.0,1.0,O,M,O,0
193490.828125,193604.921875,193824.5,193711.84375,193835.140625,194061.78125,193905.0625,193998.578125,-0.512451171875,-0.001220703125,-0.810546875,-0.8544921278953552,0.3967284858226776,0.4882812201976776,80.0,5622.0,1.0,O,M,O,0
193979.984375,194093.53125,194313.46875,194200.375,194323.84375,194550.75,194393.9375,194487.640625,-0.512939453125,0.00048828125,-0.8095703125,-0.7324218153953552,0.3051757514476776,0.3967284858226776,80.0,5623.0,1.0,O,M,O,0
193313.1875,193426.640625,193647.03125,193533.65625,193657.40625,193883.875,193727.40625,193820.75,-0.513427734375,-0.001708984375,-0.807861328125,-0.6713866591453552,0.4272460639476776,0.3356933295726776,80.0,5624.0,1.0,O,M,O,0
192766.8125,192880.1875,193100.390625,192987.75,193110.765625,193337.328125,193180.953125,193274.296875,-0.5146484375,-0.00146484375,-0.8115234375,-0.6713866591453552,0.4577636420726776,0.3967284858226776,80.0,5625.0,1.0,O,M,O,0
193392.9375,193506.65625,193726.515625,193613.765625,193736.96875,193963.890625,193807.0625,193900.765625,-0.515380859375,-0.0009765625,-0.812744140625,-0.7629393935203552,0.4272460639476776,0.4882812201976776,80.0,5626.0,1.0,O,M,O,0
194047.125,194161.203125,194381.234375,194267.96875,194391.34375,194618.4375,194461.171875,194555.21875,-0.512451171875,0.000732421875,-0.8125,-0.7019042372703552,0.4577636420726776,0.4882812201976776,80.0,5627.0,1.0,O,M,O,0
193534.90625,193648.640625,193868.578125,193755.75,193878.6875,194105.59375,193948.6875,194042.5625,-0.513427734375,0.00146484375,-0.812744140625,-0.7934569716453552,0.5493163466453552,0.3662109076976776,80.0,5628.0,1.0,O,M,O,0
192844.0625,192957.515625,193177.28125,193065.078125,193187.828125,193414.484375,193258.109375,193351.359375,-0.513671875,0.003173828125,-0.81201171875,-0.7324218153953552,0.5798339247703552,0.3967284858226776,80.0,5629.0,1.0,O,M,O,0
193299.234375,193412.609375,193632.8125,193519.984375,193643.0,193869.921875,193713.734375,193806.625,-0.515869140625,0.0009765625,-0.810546875,-0.7629393935203552,0.5493163466453552,0.4882812201976776,80.0,5630.0,1.0,O,M,O,0
194076.453125,194189.28125,194409.578125,194296.65625,194419.953125,194646.953125,194490.40625,194583.65625,-0.514404296875,0.001220703125,-0.81201171875,-0.7324218153953552,0.4577636420726776,0.3662109076976776,80.0,5631.0,1.0,O,M,O,0
193748.59375,193861.421875,194081.453125,193968.625,194092.1875,194319.1875,194162.28125,194255.796875,-0.51416015625,0.00146484375,-0.8115234375,-0.7019042372703552,0.4882812201976776,0.4272460639476776,80.0,5632.0,1.0,O,M,O,0
192956.8125,193069.8125,193290.296875,193177.015625,193300.671875,193527.3125,193370.578125,193464.015625,-0.5146484375,-0.00048828125,-0.811279296875,-0.6713866591453552,0.4882812201976776,0.4577636420726776,80.0,5633.0,1.0,O,M,O,0
193211.078125,193324.1875,193544.5625,193431.203125,193554.765625,193781.765625,193624.953125,193718.5625,-0.514404296875,0.0009765625,-0.811767578125,-0.7629393935203552,0.5493163466453552,0.3967284858226776,80.0,5634.0,1.0,O,M,O,0
194063.9375,194177.21875,194397.328125,194284.140625,194407.53125,194634.703125,194477.890625,194571.765625,-0.5146484375,-0.00048828125,-0.8125,-0.8239745497703552,0.5187987685203552,0.4577636420726776,80.0,5635.0,1.0,O,M,O,0
193946.8125,194060.265625,194280.75,194166.9375,194290.40625,194517.3125,194360.5,194454.640625,-0.512939453125,-0.001953125,-0.8095703125,-0.7934569716453552,0.5187987685203552,0.4272460639476776,80.0,5636.0,1.0,O,M,O,0
193107.375,193221.09375,193441.484375,193327.75,193451.40625,193677.78125,193521.59375,193615.203125,-0.514892578125,-0.001708984375,-0.811767578125,-0.8239745497703552,0.4272460639476776,0.4577636420726776,80.0,5637.0,1.0,O,M,O,0
193146.96875,193260.703125,193480.375,193367.359375,193491.109375,193717.578125,193561.203125,193654.359375,-0.515380859375,-0.001708984375,-0.8134765625,-0.6713866591453552,0.3662109076976776,0.4272460639476776,80.0,5638.0,1.0,O,M,O,0
194017.359375,194131.078125,194350.578125,194237.65625,194361.21875,194588.03125,194431.390625,194524.921875,-0.51416015625,0.0009765625,-0.810791015625,-0.7629393935203552,0.3967284858226776,0.4272460639476776,80.0,5639.0,1.0,O,M,O,0
194115.34375,194228.796875,194448.65625,194335.546875,194458.671875,194685.578125,194529.203125,194622.90625,-0.514404296875,-0.00048828125,-0.81005859375,-0.8239745497703552,0.5187987685203552,0.4272460639476776,80.0,5640.0,1.0,O,M,O,0
193284.125,193397.40625,193617.796875,193504.421875,193627.625,193854.453125,193698.078125,193791.328125,-0.514892578125,0.0009765625,-0.810791015625,-0.7324218153953552,0.4882812201976776,0.3662109076976776,80.0,5641.0,1.0,O,M,O,0
193107.734375,193220.921875,193441.484375,193328.203125,193451.5,193678.40625,193521.765625,193615.203125,-0.512939453125,0.0,-0.810302734375,-0.7629393935203552,0.5187987685203552,0.4577636420726776,80.0,5642.0,1.0,O,M,O,0
193944.125,194057.3125,194277.796875,194164.609375,194287.625,194515.078125,194358.265625,194451.875,-0.512939453125,-0.001953125,-0.808837890625,-0.6408690810203552,0.4882812201976776,0.5187987685203552,80.0,5643.0,1.0,O,M,O,0
194257.046875,194370.6875,194591.078125,194477.625,194600.734375,194828.28125,194671.453125,194765.0625,-0.51318359375,-0.00048828125,-0.809814453125,-0.6713866591453552,0.4577636420726776,0.4882812201976776,80.0,5644.0,1.0,O,M,O,0
193488.328125,193602.0625,193822.53125,193709.078125,193832.28125,194059.46875,193902.375,193995.71875,-0.513427734375,0.000732421875,-0.810546875,-0.7324218153953552,0.4577636420726776,0.5187987685203552,80.0,5645.0,1.0,O,M,O,0
193109.25,193222.703125,193443.265625,193329.90625,193453.109375,193679.9375,193523.46875,193616.71875,-0.514404296875,0.001220703125,-0.811279296875,-0.6713866591453552,0.4577636420726776,0.3967284858226776,80.0,5646.0,1.0,O,M,O,0
193858.125,193971.671875,194191.875,194079.140625,194201.984375,194429.25,194272.078125,194366.21875,-0.51416015625,0.00146484375,-0.814453125,-0.7019042372703552,0.4882812201976776,0.3662109076976776,80.0,5647.0,1.0,O,M,O,0
194361.65625,194475.296875,194695.421875,194582.3125,194705.25,194932.515625,194775.53125,194869.9375,-0.514892578125,0.000732421875,-0.810546875,-0.7324218153953552,0.4272460639476776,0.3967284858226776,80.0,5648.0,1.0,O,M,O,0
193703.796875,193816.984375,194037.109375,193924.28125,194047.21875,194274.390625,194117.40625,194211.28125,-0.512451171875,0.000732421875,-0.81005859375,-0.7934569716453552,0.4882812201976776,0.4577636420726776,80.0,5649.0,1.0,O,M,O,0
193144.921875,193258.015625,193477.953125,193365.21875,193488.421875,193715.421875,193558.421875,193652.125,-0.51220703125,0.002685546875,-0.812744140625,-0.7629393935203552,0.4882812201976776,0.4577636420726776,80.0,5650.0,1.0,O,M,O,0
193760.9375,193874.21875,194094.6875,193981.234375,194104.703125,194331.625,194174.796875,194268.40625,-0.514404296875,0.001708984375,-0.812744140625,-0.6408690810203552,0.5187987685203552,0.4272460639476776,80.0,5651.0,1.0,O,M,O,0
194424.953125,194538.5,194759.15625,194645.96875,194769.0,194996.265625,194839.09375,194933.0625,-0.514404296875,0.0009765625,-0.809326171875,-0.7629393935203552,0.4882812201976776,0.4882812201976776,80.0,5652.0,1.0,O,M,O,0
193923.203125,194036.84375,194257.328125,194144.125,194267.328125,194494.25,194337.4375,194431.21875,-0.516357421875,0.001708984375,-0.810302734375,-0.6713866591453552,0.3967284858226776,0.5493163466453552,80.0,5653.0,1.0,O,M,O,0
193223.0625,193336.421875,193556.734375,193443.890625,193566.828125,193793.5625,193637.015625,193730.453125,-0.514404296875,0.000732421875,-0.810791015625,-0.7324218153953552,0.4272460639476776,0.5187987685203552,80.0,5654.0,1.0,O,M,O,0
193661.15625,193774.796875,193994.734375,193881.640625,194004.921875,194231.84375,194075.109375,194168.625,-0.51416015625,0.000732421875,-0.81298828125,-0.6713866591453552,0.4272460639476776,0.4882812201976776,80.0,5655.0,1.0,O,M,O,0
194443.90625,194557.453125,194777.84375,194664.578125,194787.6875,195014.953125,194857.875,194951.65625,-0.51220703125,0.000244140625,-0.812744140625,-0.7019042372703552,0.5493163466453552,0.4577636420726776,80.0,5656.0,1.0,O,M,O,0
194134.390625,194247.75,194468.234375,194354.953125,194478.0625,194705.078125,194548.34375,194641.953125,-0.511474609375,0.000244140625,-0.811279296875,-0.6713866591453552,0.4882812201976776,0.4577636420726776,80.0,5657.0,1.0,O,M,O,0
193338.84375,193451.859375,193672.25,193559.234375,193682.53125,193909.171875,193752.4375,193845.609375,-0.51416015625,-0.000732421875,-0.814208984375,-0.6713866591453552,0.5187987685203552,0.4882812201976776,80.0,5658.0,1.0,O,M,O,0
193577.65625,193691.375,193911.5,193798.21875,193921.6875,194148.421875,193991.515625,194084.765625,-0.513916015625,0.000732421875,-0.813720703125,-0.5493163466453552,0.4882812201976776,0.4882812201976776,80.0,5659.0,1.0,O,M,O,0
194433.1875,194546.46875,194766.765625,194653.578125,194777.046875,195003.6875,194846.609375,194940.65625,-0.5146484375,0.0009765625,-0.814453125,-0.6103515028953552,0.4272460639476776,0.4577636420726776,80.0,5660.0,1.0,O,M,O,0
194331.796875,194445.078125,194665.28125,194551.921875,194675.484375,194902.21875,194745.484375,194839.359375,-0.513916015625,0.00146484375,-0.81396484375,-0.7324218153953552,0.3356933295726776,0.4272460639476776,80.0,5661.0,1.0,O,M,O,0
193491.546875,193604.828125,193825.03125,193711.84375,193835.140625,194062.140625,193905.5,193998.671875,-0.5146484375,-0.000244140625,-0.814453125,-0.7324218153953552,0.3662109076976776,0.3967284858226776,80.0,5662.0,1.0,O,M,O,0
193514.796875,193627.984375,193848.1875,193735.1875,193858.296875,194085.390625,193928.65625,194021.90625,-0.51416015625,0.002197265625,-0.8125,-0.7019042372703552,0.4577636420726776,0.3662109076976776,80.0,5663.0,1.0,O,M,O,0
194385.625,194499.171875,194719.375,194606.1875,194729.296875,194956.65625,194799.75,194893.359375,-0.514892578125,0.000732421875,-0.81103515625,-0.7019042372703552,0.4577636420726776,0.3662109076976776,80.0,5664.0,1.0,O,M,O,0
194500.6875,194614.5,194834.4375,194721.4375,194844.28125,195072.09375,194915.0,195008.609375,-0.51416015625,0.0,-0.808837890625,-0.7324218153953552,0.4272460639476776,0.5187987685203552,80.0,5665.0,1.0,O,M,O,0
193672.328125,193786.140625,194006.171875,193893.25,194016.453125,194243.546875,194086.90625,194180.078125,-0.51318359375,0.00146484375,-0.812744140625,-0.6408690810203552,0.4882812201976776,0.5493163466453552,80.0,5666.0,1.0,O,M,O,0
193480.015625,193593.203125,193813.421875,193700.578125,193823.703125,194050.703125,193894.15625,193987.484375,-0.514404296875,-0.00048828125,-0.81396484375,-0.7629393935203552,0.4577636420726776,0.4272460639476776,80.0,5667.0,1.0,O,M,O,0
194311.6875,194425.5,194645.53125,194532.0625,194655.546875,194882.71875,194726.0,194819.6875,-0.515869140625,0.001220703125,-0.812744140625,-0.7019042372703552,0.4272460639476776,0.3662109076976776,80.0,5668.0,1.0,O,M,O,0
194640.609375,194754.25,194974.09375,194860.546875,194984.375,195211.734375,195054.75,195148.4375,-0.514404296875,0.0,-0.812744140625,-0.7629393935203552,0.4577636420726776,0.3967284858226776,80.0,5669.0,1.0,O,M,O,0
193878.953125,193992.234375,194212.171875,194098.71875,194222.453125,194449.90625,194292.90625,194386.25,-0.515380859375,0.00048828125,-0.812744140625,-0.7324218153953552,0.4882812201976776,0.4272460639476776,80.0,5670.0,1.0,O,M,O,0
193483.234375,193596.421875,193816.71875,193703.171875,193826.5625,194053.828125,193897.375,193990.265625,-0.51416015625,-0.00048828125,-0.8125,-0.7629393935203552,0.5187987685203552,0.3967284858226776,80.0,5671.0,1.0,O,M,O,0
194223.890625,194337.4375,194557.546875,194444.359375,194567.390625,194794.75,194638.46875,194731.53125,-0.513671875,0.00048828125,-0.814453125,-0.7629393935203552,0.4577636420726776,0.4272460639476776,80.0,5672.0,1.0,O,M,O,0
194740.75,194854.375,195074.234375,194961.21875,195084.34375,195311.96875,195155.140625,195248.578125,-0.513671875,0.00146484375,-0.812255859375,-0.7629393935203552,0.4272460639476776,0.4882812201976776,80.0,5673.0,1.0,O,M,O,0
194093.4375,194206.890625,194426.921875,194313.734375,194436.9375,194664.21875,194507.578125,194600.828125,-0.513916015625,-0.00146484375,-0.811279296875,-0.6408690810203552,0.4272460639476776,0.4882812201976776,80.0,5674.0,1.0,O,M,O,0
193523.640625,193636.65625,193856.953125,193743.671875,193866.875,194094.15625,193937.515625,194030.671875,-0.51416015625,0.000732421875,-0.814208984375,-0.7324218153953552,0.3967284858226776,0.4577636420726776,80.0,5675.0,1.0,O,M,O,0
194124.90625,194238.28125,194458.390625,194344.9375,194468.40625,194695.859375,194539.125,194632.65625,-0.515625,-0.00048828125,-0.813720703125,-0.7934569716453552,0.4272460639476776,0.3967284858226776,80.0,5676.0,1.0,O,M,O,0
194802.171875,194915.53125,195135.65625,195022.375,195145.578125,195373.125,195216.125,195310.09375,-0.513671875,0.000732421875,-0.81201171875,-0.7019042372703552,0.4577636420726776,0.4272460639476776,80.0,5677.0,1.0,O,M,O,0
194316.953125,194430.140625,194650.53125,194537.34375,194660.546875,194887.640625,194731.453125,194824.515625,-0.5126953125,-0.00048828125,-0.81103515625,-0.6408690810203552,0.3662109076976776,0.4272460639476776,80.0,5678.0,1.0,O,M,O,0
193607.6875,193720.703125,193941.09375,193827.90625,193951.1875,194178.203125,194022.0,194114.984375,-0.513916015625,-0.0009765625,-0.81103515625,-0.7019042372703552,0.5493163466453552,0.4272460639476776,80.0,5679.0,1.0,O,M,O,0
194030.046875,194143.59375,194363.71875,194250.609375,194373.734375,194600.90625,194444.453125,194537.703125,-0.513916015625,-0.000732421875,-0.81103515625,-0.6408690810203552,0.4577636420726776,0.4272460639476776,80.0,5680.0,1.0,O,M,O,0
194821.296875,194935.109375,195155.328125,195041.6875,195165.25,195392.609375,195235.875,195329.3125,-0.512451171875,0.0,-0.81005859375,-0.6713866591453552,0.4577636420726776,0.4882812201976776,80.0,5681.0,1.0,O,M,O,0
194526.890625,194640.875,194861.0,194747.265625,194870.828125,195098.546875,194941.546875,195034.984375,-0.514404296875,-0.000732421875,-0.8095703125,-0.6713866591453552,0.4882812201976776,0.4882812201976776,80.0,5682.0,1.0,O,M,O,0
193724.546875,193838.453125,194058.84375,193945.109375,194068.5,194296.03125,194139.578125,194232.640625,-0.514404296875,0.0,-0.809814453125,-0.6408690810203552,0.4577636420726776,0.4577636420726776,80.0,5683.0,1.0,O,M,O,0
193945.734375,194059.46875,194279.671875,194166.3125,194289.234375,194517.140625,194360.5,194453.75,-0.513916015625,-0.000244140625,-0.810302734375,-0.6103515028953552,0.4577636420726776,0.5187987685203552,80.0,5684.0,1.0,O,M,O,0
194803.859375,194917.765625,195137.625,195024.515625,195147.375,195375.359375,195218.71875,195312.0625,-0.514404296875,-0.001708984375,-0.811279296875,-0.6103515028953552,0.4272460639476776,0.4577636420726776,80.0,5685.0,1.0,O,M,O,0
194720.890625,194834.71875,195054.828125,194941.546875,195064.84375,195292.203125,195135.203125,195229.171875,-0.514892578125,-0.000732421875,-0.812744140625,-0.6408690810203552,0.4272460639476776,0.4882812201976776,80.0,5686.0,1.0,O,M,O,0
193881.453125,193994.46875,194214.671875,194101.484375,194225.046875,194452.40625,194295.140625,194388.921875,-0.512451171875,0.001220703125,-0.808349609375,-0.7324218153953552,0.4882812201976776,0.4272460639476776,80.0,5687.0,1.0,O,M,O,0
193886.546875,193999.5625,194219.859375,194106.671875,194230.328125,194457.421875,194300.5,194394.109375,-0.5126953125,0.000244140625,-0.811767578125,-0.7324218153953552,0.3662109076976776,0.4577636420726776,80.0,5688.0,1.0,O,M,O,0
194755.671875,194869.140625,195089.34375,194975.703125,195099.359375,195326.71875,195169.625,195263.421875,-0.51318359375,-0.0009765625,-0.812255859375,-0.7629393935203552,0.4272460639476776,0.5493163466453552,80.0,5689.0,1.0,O,M,O,0
194888.453125,195002.078125,195222.109375,195108.296875,195231.859375,195459.21875,195302.484375,195396.1875,-0.513427734375,-0.000244140625,-0.81103515625,-0.7629393935203552,0.3967284858226776,0.5187987685203552,80.0,5690.0,1.0,O,M,O,0
194064.109375,194177.484375,194397.328125,194284.140625,194407.4375,194634.4375,194477.890625,194571.5,-0.51416015625,0.00048828125,-0.80908203125,-0.7934569716453552,0.4272460639476776,0.5493163466453552,80.0,5691.0,1.0,O,M,O,0
193854.546875,193968.453125,194188.203125,194075.109375,194198.40625,194425.5,194268.9375,194362.46875,-0.513427734375,0.000732421875,-0.811767578125,-0.6713866591453552,0.4272460639476776,0.4577636420726776,80.0,5692.0,1.0,O,M,O,0
194681.921875,194796.171875,195015.765625,194902.578125,195025.953125,195253.578125,195096.671875,195190.109375,-0.512939453125,-0.0009765625,-0.8125,-0.7019042372703552,0.4882812201976776,0.3967284858226776,80.0,5693.0,1.0,O,M,O,0
195024.703125,195139.046875,195358.640625,195245.265625,195368.296875,195596.453125,195439.28125,195532.71875,-0.51318359375,-0.001708984375,-0.811767578125,-0.7019042372703552,0.4272460639476776,0.3967284858226776,80.0,5694.0,1.0,O,M,O,0
194271.0,194384.8125,194604.484375,194491.203125,194614.234375,194842.046875,194684.953125,194778.5625,-0.5146484375,-0.000732421875,-0.812255859375,-0.7324218153953552,0.4577636420726776,0.4272460639476776,80.0,5695.0,1.0,O,M,O,0
193858.828125,193972.5625,194192.234375,194079.21875,194202.609375,194429.875,194272.875,194366.390625,-0.5126953125,0.000244140625,-0.81396484375,-0.7629393935203552,0.3662109076976776,0.4882812201976776,80.0,5696.0,1.0,O,M,O,0
194588.3125,194702.125,194921.609375,194808.515625,194931.71875,195159.265625,195002.34375,195096.140625,-0.513671875,0.0,-0.81005859375,-0.7019042372703552,0.4882812201976776,0.3967284858226776,80.0,5697.0,1.0,O,M,O,0
195118.671875,195232.578125,195452.0625,195339.140625,195462.265625,195690.25,195533.15625,195626.765625,-0.51171875,0.0,-0.8134765625,-0.7934569716453552,0.5187987685203552,0.4272460639476776,80.0,5698.0,1.0,O,M,O,0
194484.421875,194598.046875,194817.640625,194704.71875,194827.828125,195055.28125,194898.640625,194991.984375,-0.514404296875,0.002685546875,-0.813720703125,-0.7629393935203552,0.4882812201976776,0.4577636420726776,80.0,5699.0,1.0,O,M,O,0
193900.140625,194013.6875,194233.1875,194120.34375,194243.734375,194470.828125,194314.359375,194407.53125,-0.513427734375,0.001220703125,-0.812255859375,-0.7629393935203552,0.4882812201976776,0.4272460639476776,80.0,5700.0,1.0,O,M,O,0
194486.734375,194600.203125,194819.609375,194707.03125,194830.421875,195057.96875,194900.875,194994.03125,-0.512451171875,0.001220703125,-0.812744140625,-0.7019042372703552,0.3662109076976776,0.3662109076976776,80.0,5701.0,1.0,O,M,O,0
195174.90625,195288.1875,195507.953125,195394.578125,195518.140625,195745.765625,195588.40625,195682.109375,-0.5126953125,0.0,-0.814208984375,-0.7629393935203552,0.5187987685203552,0.3967284858226776,80.0,5702.0,1.0,O,M,O,0
194702.84375,194816.296875,195036.0625,194922.6875,195046.15625,195273.4375,195116.515625,195210.40625,-0.51318359375,0.0,-0.812255859375,-0.8239745497703552,0.4577636420726776,0.4577636420726776,80.0,5703.0,1.0,O,M,O,0
193981.5,194095.140625,194314.8125,194201.4375,194324.828125,194552.09375,194395.640625,194488.796875,-0.512939453125,-0.000244140625,-0.811767578125,-0.7934569716453552,0.5187987685203552,0.4272460639476776,80.0,5704.0,1.0,O,M,O,0
194389.375,194502.828125,194722.859375,194609.578125,194732.609375,194960.421875,194803.421875,194896.765625,-0.512451171875,0.00048828125,-0.813232421875,-0.7629393935203552,0.4272460639476776,0.3662109076976776,80.0,5705.0,1.0,O,M,O,0
195188.3125,195301.421875,195521.796875,195408.171875,195531.375,195759.359375,195602.0,195695.703125,-0.513671875,0.00146484375,-0.81103515625,-0.7629393935203552,0.4882812201976776,0.4272460639476776,80.0,5706.0,1.0,O,M,O,0
194909.359375,195022.640625,195243.03125,195129.390625,195252.421875,195480.40625,195323.5,195416.84375,-0.513916015625,0.002197265625,-0.80712890625,-0.6713866591453552,0.5187987685203552,0.4272460639476776,80.0,5707.0,1.0,O,M,O,0
194103.71875,194216.546875,194437.203125,194323.21875,194446.5,194674.140625,194517.234375,194610.5625,-0.512939453125,0.00146484375,-0.80859375,-0.5798339247703552,0.4272460639476776,0.4272460639476776,80.0,5708.0,1.0,O,M,O,0
194307.65625,194420.84375,194641.140625,194527.59375,194650.890625,194878.25,194721.515625,194814.953125,-0.51318359375,0.0029296875,-0.81494140625,-0.7019042372703552,0.4272460639476776,0.4272460639476776,80.0,5709.0,1.0,O,M,O,0
195169.453125,195283.359375,195503.125,195390.109375,195512.953125,195740.578125,195583.859375,195677.375,-0.513427734375,0.0009765625,-0.81494140625,-0.6713866591453552,0.3051757514476776,0.3967284858226776,80.0,5710.0,1.0,O,M,O,0
195102.84375,195217.109375,195436.78125,195323.328125,195446.25,195674.25,195517.515625,195610.859375,-0.5126953125,0.001220703125,-0.814453125,-0.7934569716453552,0.4272460639476776,0.4577636420726776,80.0,5711.0,1.0,O,M,O,0
194261.796875,194375.875,194595.453125,194482.359375,194605.65625,194833.109375,194676.546875,194769.53125,-0.513427734375,0.001708984375,-0.812255859375,-0.7019042372703552,0.4882812201976776,0.4577636420726776,80.0,5712.0,1.0,O,M,O,0
194251.0625,194365.0625,194585.171875,194471.71875,194594.75,194822.546875,194665.375,194758.71875,-0.51416015625,0.000244140625,-0.813232421875,-0.7629393935203552,0.5187987685203552,0.4577636420726776,80.0,5713.0,1.0,O,M,O,0
195119.5625,195233.46875,195453.40625,195339.765625,195463.0625,195690.78125,195533.609375,195627.3125,-0.514404296875,-0.001953125,-0.81298828125,-0.7019042372703552,0.5187987685203552,0.4577636420726776,80.0,5714.0,1.0,O,M,O,0
195269.046875,195383.140625,195602.71875,195489.265625,195612.46875,195840.265625,195683.359375,195776.96875,-0.51416015625,0.0,-0.81396484375,-0.7324218153953552,0.4577636420726776,0.5493163466453552,80.0,5715.0,1.0,O,M,O,0
194446.5,194560.046875,194779.90625,194666.625,194789.734375,195017.015625,194860.546875,194953.796875,-0.513427734375,0.000244140625,-0.8115234375,-0.6713866591453552,0.4272460639476776,0.4272460639476776,80.0,5716.0,1.0,O,M,O,0
194219.59375,194332.953125,194553.078125,194439.625,194562.640625,194790.359375,194633.09375,194726.796875,-0.51416015625,0.000732421875,-0.814453125,-0.7629393935203552,0.4272460639476776,0.4577636420726776,80.0,5717.0,1.0,O,M,O,0
195039.984375,195154.078125,195373.75,195260.109375,195383.40625,195611.296875,195454.03125,195547.90625,-0.51171875,0.0009765625,-0.8134765625,-0.7324218153953552,0.4272460639476776,0.4272460639476776,80.0,5718.0,1.0,O,M,O,0
195396.1875,195510.359375,195730.296875,195616.9375,195739.875,195967.953125,195810.765625,195904.640625,-0.513427734375,0.0,-0.809814453125,-0.7629393935203552,0.3662109076976776,0.4272460639476776,80.0,5719.0,1.0,O,M,O,0
194647.5,194761.3125,194980.984375,194867.875,194990.734375,195218.265625,195061.453125,195155.234375,-0.51513671875,0.000732421875,-0.8115234375,-0.7324218153953552,0.3356933295726776,0.4272460639476776,80.0,5720.0,1.0,O,M,O,0
194223.796875,194337.609375,194557.28125,194443.90625,194567.109375,194794.65625,194637.84375,194731.359375,-0.512939453125,0.002197265625,-0.810546875,-0.7324218153953552,0.4577636420726776,0.3967284858226776,80.0,5721.0,1.0,O,M,O,0
194945.21875,195059.03125,195278.703125,195165.25,195288.453125,195516.171875,195359.078125,195452.78125,-0.513671875,0.0009765625,-0.810546875,-0.7324218153953552,0.5187987685203552,0.4577636420726776,80.0,5722.0,1.0,O,M,O,0
195489.34375,195603.171875,195823.28125,195709.5625,195832.84375,196060.390625,195903.390625,195997.1875,-0.515625,0.0009765625,-0.811767578125,-0.7934569716453552,0.4577636420726776,0.4882812201976776,80.0,5723.0,1.0,O,M,O,0
194863.59375,194977.578125,195197.4375,195083.984375,195207.09375,195434.546875,195277.8125,195371.328125,-0.512939453125,0.001220703125,-0.812744140625,-0.7934569716453552,0.5187987685203552,0.5187987685203552,80.0,5724.0,1.0,O,M,O,0
194268.9375,194382.84375,194602.4375,194489.15625,194612.453125,194839.546875,194683.078125,194776.328125,-0.51171875,0.0009765625,-0.81396484375,-0.6713866591453552,0.4577636420726776,0.4577636420726776,80.0,5725.0,1.0,O,M,O,0
194844.28125,194957.921875,195177.3125,195064.21875,195187.421875,195414.96875,195258.328125,195351.578125,-0.511962890625,-0.001220703125,-0.814208984375,-0.6713866591453552,0.4882812201976776,0.3662109076976776,80.0,5726.0,1.0,O,M,O,0
195542.015625,195656.09375,195875.40625,195761.953125,195885.515625,196112.96875,195956.046875,196050.203125,-0.513916015625,0.000732421875,-0.813232421875,-0.6103515028953552,0.3967284858226776,0.4272460639476776,80.0,5727.0,1.0,O,M,O,0
195082.1875,195196.28125,195415.671875,195302.21875,195425.6875,195653.140625,195496.140625,195590.015625,-0.512939453125,-0.001220703125,-0.811767578125,-0.6408690810203552,0.3967284858226776,0.4577636420726776,80.0,5728.0,1.0,O,M,O,0
194355.21875,194468.765625,194688.625,194575.515625,194698.71875,194926.171875,194769.359375,194862.609375,-0.511962890625,0.000244140625,-0.808837890625,-0.6713866591453552,0.4577636420726776,0.4882812201976776,80.0,5729.0,1.0,O,M,O,0
194751.109375,194864.84375,195084.25,194971.5,195094.625,195322.15625,195165.078125,195258.6875,-0.51220703125,0.000244140625,-0.810546875,-0.7934569716453552,0.3967284858226776,0.4577636420726776,80.0,5730.0,1.0,O,M,O,0
195555.6875,195669.328125,195889.0,195775.71875,195898.65625,196126.828125,195969.28125,196063.515625,-0.513427734375,0.0009765625,-0.812255859375,-0.7934569716453552,0.4882812201976776,0.4882812201976776,80.0,5731.0,1.0,O,M,O,0
195291.578125,195405.390625,195625.25,195511.875,195634.8125,195862.890625,195705.53125,195799.328125,-0.512939453125,-0.0009765625,-0.81298828125,-0.7324218153953552,0.5187987685203552,0.5798339247703552,80.0,5732.0,1.0,O,M,O,0
194480.125,194593.765625,194813.703125,194700.328125,194823.625,195051.25,194894.078125,194987.78125,-0.512451171875,0.000732421875,-0.811279296875,-0.6713866591453552,0.5493163466453552,0.4577636420726776,80.0,5733.0,1.0,O,M,O,0
194669.21875,194782.765625,195003.15625,194889.609375,195013.078125,195240.625,195083.53125,195177.234375,-0.513916015625,-0.002197265625,-0.812255859375,-0.6408690810203552,0.5187987685203552,0.3967284858226776,80.0,5734.0,1.0,O,M,O,0
195531.8125,195645.453125,195865.484375,195752.03125,195875.40625,196102.765625,195946.3125,196040.09375,-0.51318359375,0.000732421875,-0.8125,-0.6713866591453552,0.3967284858226776,0.4272460639476776,80.0,5735.0,1.0,O,M,O,0
195481.390625,195595.296875,195815.0625,195701.6875,195824.890625,196052.609375,195895.609375,195989.578125,-0.51416015625,0.001708984375,-0.81201171875,-0.7324218153953552,0.4272460639476776,0.3356933295726776,80.0,5736.0,1.0,O,M,O,0
194638.828125,194752.453125,194972.84375,194859.03125,194982.328125,195209.6875,195053.046875,195146.5625,-0.513916015625,0.000732421875,-0.812744140625,-0.7629393935203552,0.4272460639476776,0.3662109076976776,80.0,5737.0,1.0,O,M,O,0
194610.75,194724.46875,194944.5,194831.046875,194954.15625,195181.609375,195024.796875,195118.21875,-0.513427734375,0.0,-0.814208984375,-0.7629393935203552,0.5187987685203552,0.4577636420726776,80.0,5738.0,1.0,O,M,O,0
195476.65625,195590.5625,195810.234375,195696.5,195819.796875,196047.703125,195890.78125,195984.21875,-0.51318359375,0.0,-0.814453125,-0.7019042372703552,0.4882812201976776,0.4272460639476776,80.0,5739.0,1.0,O,M,O,0
195644.828125,195759.1875,195978.9375,195865.03125,195988.421875,196216.234375,196059.140625,196152.75,-0.512939453125,-0.00048828125,-0.813232421875,-0.6713866591453552,0.5187987685203552,0.4272460639476776,80.0,5740.0,1.0,O,M,O,0
194828.90625,194942.984375,195162.75,195049.203125,195172.578125,195400.21875,195242.765625,195336.46875,-0.515625,0.000244140625,-0.81494140625,-0.6713866591453552,0.4577636420726776,0.4272460639476776,80.0,5741.0,1.0,O,M,O,0
194586.15625,194699.890625,194920.0,194806.453125,194929.484375,195157.375,194999.84375,195093.8125,-0.51318359375,0.0,-0.8125,-0.6713866591453552,0.4577636420726776,0.3967284858226776,80.0,5742.0,1.0,O,M,O,0
195399.765625,195514.109375,195733.875,195620.59375,195743.09375,195971.4375,195814.078125,195907.59375,-0.514892578125,0.001220703125,-0.812744140625,-0.7324218153953552,0.4272460639476776,0.4272460639476776,80.0,5743.0,1.0,O,M,O,0
195775.359375,195889.71875,196109.390625,195995.84375,196118.859375,196346.765625,196189.765625,196283.46875,-0.514404296875,0.001953125,-0.81103515625,-0.7019042372703552,0.4272460639476776,0.3967284858226776,80.0,5744.0,1.0,O,M,O,0
195039.1875,195153.359375,195372.859375,195259.578125,195382.6875,195610.5,195453.5,195547.015625,-0.514404296875,0.003662109375,-0.812744140625,-0.6713866591453552,0.4577636420726776,0.2746581733226776,80.0,5745.0,1.0,O,M,O,0
194597.6875,194711.515625,194931.09375,194818.171875,194941.203125,195168.5625,195011.921875,195105.078125,-0.514404296875,0.002685546875,-0.815185546875,-0.7934569716453552,0.4882812201976776,0.3662109076976776,80.0,5746.0,1.0,O,M,O,0
195306.6875,195420.953125,195640.53125,195527.171875,195650.375,195877.828125,195721.265625,195814.34375,-0.5126953125,0.00146484375,-0.813720703125,-0.7324218153953552,0.5493163466453552,0.3967284858226776,80.0,5747.0,1.0,O,M,O,0
195866.296875,195980.640625,196200.40625,196087.03125,196210.15625,196437.6875,196280.875,196374.484375,-0.514404296875,0.000244140625,-0.812255859375,-0.7629393935203552,0.4577636420726776,0.4882812201976776,80.0,5748.0,1.0,O,M,O,0
195256.71875,195371.15625,195590.640625,195477.28125,195600.65625,195828.015625,195671.375,195764.8125,-0.51416015625,-0.00146484375,-0.812744140625,-0.7934569716453552,0.4882812201976776,0.4577636420726776,80.0,5749.0,1.0,O,M,O,0
194648.125,194762.109375,194981.875,194868.78125,194992.0625,195219.078125,195062.4375,195156.125,-0.51416015625,-0.001220703125,-0.809814453125,-0.7934569716453552,0.4882812201976776,0.3967284858226776,80.0,5750.0,1.0,O,M,O,0
195209.5,195323.046875,195543.078125,195429.890625,195553.359375,195780.640625,195623.734375,195717.609375,-0.514892578125,0.0009765625,-0.809814453125,-0.7324218153953552,0.4577636420726776,0.4577636420726776,80.0,5751.0,1.0,O,F,O,0
195916.71875,196030.4375,196249.9375,196136.65625,196260.03125,196488.03125,196330.765625,196424.546875,-0.513916015625,0.001708984375,-0.80859375,-0.6103515028953552,0.4577636420726776,0.4272460639476776,80.0,5752.0,1.0,O,F,O,0
195474.15625,195588.234375,195808.0,195694.625,195817.734375,196046.09375,195888.375,195982.078125,-0.51220703125,0.0,-0.81298828125,-0.6713866591453552,0.3967284858226776,0.4577636420726776,80.0,5753.0,1.0,O,F,O,0
194737.265625,194850.984375,195070.75,194957.375,195080.765625,195308.484375,195151.21875,195244.828125,-0.513671875,-0.00146484375,-0.8125,-0.7019042372703552,0.4882812201976776,0.4272460639476776,80.0,5754.0,1.0,O,F,O,0
195114.015625,195227.75,195447.78125,195334.234375,195457.609375,195685.15625,195528.15625,195622.203125,-0.5126953125,-0.0009765625,-0.8115234375,-0.6713866591453552,0.3967284858226776,0.3967284858226776,80.0,5755.0,1.0,O,F,O,0
195925.390625,196039.296875,196259.40625,196145.5,196269.15625,196497.0625,196339.703125,196433.84375,-0.514404296875,0.000244140625,-0.812255859375,-0.7324218153953552,0.4272460639476776,0.4577636420726776,80.0,5756.0,1.0,O,F,O,0
195678.71875,195792.265625,196012.46875,195898.65625,196022.125,196250.03125,196093.109375,196186.546875,-0.51611328125,0.002197265625,-0.81298828125,-0.7324218153953552,0.5187987685203552,0.3662109076976776,80.0,5757.0,1.0,O,F,O,0
194862.78125,194976.15625,195196.28125,195082.734375,195206.28125,195433.734375,195276.828125,195370.53125,-0.51318359375,0.0,-0.810791015625,-0.7324218153953552,0.4577636420726776,0.4272460639476776,80.0,5758.0,1.0,O,F,O,0
195031.3125,195145.140625,195364.890625,195251.703125,195375.0,195602.453125,195445.546875,195539.234375,-0.513427734375,0.00048828125,-0.812744140625,-0.7019042372703552,0.5187987685203552,0.2746581733226776,80.0,5759.0,1.0,O,F,O,0
195897.140625,196010.859375,196230.984375,196117.34375,196240.71875,196468.359375,196311.359375,196405.5,-0.513427734375,0.0009765625,-0.81201171875,-0.7019042372703552,0.5798339247703552,0.3356933295726776,80.0,5760.0,1.0,O,F,O,0
195864.328125,195978.40625,196198.171875,196084.890625,196208.1875,196436.078125,196278.640625,196372.6875,-0.51416015625,0.001953125,-0.81396484375,-0.7629393935203552,0.4882812201976776,0.4577636420726776,80.0,5761.0,1.0,O,F,O,0
195021.484375,195135.296875,195355.0625,195241.6875,195365.4375,195592.96875,195435.703125,195529.3125,-0.5146484375,0.00146484375,-0.813720703125,-0.7324218153953552,0.4882812201976776,0.4882812201976776,80.0,5762.0,1.0,O,F,O,0
194976.15625,195089.875,195309.828125,195196.453125,195320.109375,195547.375,195390.375,195483.71875,-0.5146484375,0.00146484375,-0.81201171875,-0.7324218153953552,0.4272460639476776,0.4577636420726776,80.0,5763.0,1.0,O,F,O,0
195841.609375,195955.25,196175.015625,196061.828125,196185.203125,196412.921875,196255.484375,196349.265625,-0.51416015625,0.00048828125,-0.813232421875,-0.7629393935203552,0.4882812201976776,0.3967284858226776,80.0,5764.0,1.0,O,F,O,0
196025.34375,196139.0625,196358.65625,196245.46875,196368.84375,196596.921875,196438.859375,196533.359375,-0.513671875,0.000732421875,-0.813232421875,-0.7324218153953552,0.4577636420726776,0.4882812201976776,80.0,5765.0,1.0,O,F,O,0
195213.53125,195326.890625,195547.015625,195433.46875,195556.9375,195784.75,195626.953125,195721.265625,-0.512451171875,0.0,-0.8154296875,-0.8239745497703552,0.3967284858226776,0.4272460639476776,80.0,5766.0,1.0,O,F,O,0
194953.4375,195066.359375,195287.015625,195173.125,195296.859375,195524.125,195367.125,195461.0,-0.51318359375,0.0,-0.811279296875,-0.7629393935203552,0.4272460639476776,0.4272460639476776,80.0,5767.0,1.0,O,F,O,0
195760.515625,195873.796875,196093.734375,195980.46875,196104.015625,196331.5625,196174.203125,196268.53125,-0.51318359375,-0.00048828125,-0.8125,-0.7629393935203552,0.4272460639476776,0.3967284858226776,80.0,5768.0,1.0,O,F,O,0
196149.359375,196262.984375,196482.84375,196369.46875,196492.765625,196721.015625,196563.484375,196657.625,-0.513671875,0.002197265625,-0.81103515625,-0.8239745497703552,0.4272460639476776,0.4577636420726776,80.0,5769.0,1.0,O,F,O,0
195419.796875,195533.609375,195753.71875,195640.171875,195763.46875,195991.375,195834.109375,195927.796875,-0.5126953125,0.0009765625,-0.81201171875,-0.7629393935203552,0.5187987685203552,0.3967284858226776,80.0,5770.0,1.0,O,F,O,0
194964.078125,195077.8125,195297.75,195184.46875,195307.578125,195535.03125,195378.484375,195471.921875,-0.5126953125,0.000732421875,-0.81103515625,-0.7019042372703552,0.5798339247703552,0.4577636420726776,80.0,5771.0,1.0,O,F,O,0
195664.140625,195777.78125,195997.890625,195884.53125,196007.734375,196235.265625,196078.359375,196172.234375,-0.512939453125,0.002685546875,-0.814697265625,-0.7324218153953552,0.4882812201976776,0.3967284858226776,80.0,5772.0,1.0,O,F,O,0
196237.5,196351.046875,196571.0,196457.453125,196580.5625,196808.8125,196651.546875,196745.703125,-0.51220703125,0.002685546875,-0.814208984375,-0.7324218153953552,0.5187987685203552,0.4272460639476776,80.0,5773.0,1.0,O,F,O,0
195638.5625,195752.296875,195972.328125,195858.875,195982.078125,196209.796875,196052.875,196146.9375,-0.5126953125,0.001953125,-0.813720703125,-0.7629393935203552,0.4882812201976776,0.4577636420726776,80.0,5774.0,1.0,O,F,O,0
195016.203125,195129.75,195350.046875,195236.5,195359.890625,195587.421875,195430.609375,195524.21875,-0.5126953125,0.000244140625,-0.812255859375,-0.7324218153953552,0.5493163466453552,0.4272460639476776,80.0,5775.0,1.0,O,F,O,0
195564.625,195678.625,195898.46875,195785.109375,195908.21875,196136.03125,195979.125,196072.8125,-0.514404296875,0.001708984375,-0.813720703125,-0.7629393935203552,0.4272460639476776,0.4272460639476776,80.0,5776.0,1.0,O,F,O,0
196282.5625,196396.734375,196616.59375,196503.046875,196626.25,196853.796875,196696.609375,196790.84375,-0.515380859375,0.002197265625,-0.812744140625,-0.7934569716453552,0.3662109076976776,0.4272460639476776,80.0,5777.0,1.0,O,F,O,0
195855.203125,195969.203125,196189.3125,196075.59375,196198.890625,196426.421875,196269.34375,196363.578125,-0.515869140625,0.00048828125,-0.814697265625,-0.7629393935203552,0.5798339247703552,0.3967284858226776,80.0,5778.0,1.0,O,F,O,0
195109.90625,195223.546875,195443.484375,195329.671875,195453.140625,195680.859375,195524.125,195617.734375,-0.51513671875,-0.0009765625,-0.813720703125,-0.7629393935203552,0.5493163466453552,0.3662109076976776,80.0,5779.0,1.0,O,F,O,0
195470.84375,195584.390625,195804.234375,195690.6875,195814.171875,196041.96875,195884.96875,195978.671875,-0.513916015625,0.00048828125,-0.812744140625,-0.7934569716453552,0.4577636420726776,0.4272460639476776,80.0,5780.0,1.0,O,F,O,0
196289.0,196402.734375,196622.578125,196509.03125,196632.15625,196859.875,196702.78125,196797.1875,-0.512451171875,-0.0009765625,-0.810791015625,-0.7629393935203552,0.4577636420726776,0.4577636420726776,80.0,5781.0,1.0,O,F,O,0
196058.6875,196172.859375,196392.625,196278.90625,196402.1875,196629.46875,196472.375,196566.96875,-0.513671875,0.000244140625,-0.811767578125,-0.6103515028953552,0.4577636420726776,0.4577636420726776,80.0,5782.0,1.0,O,F,O,0
195239.1875,195353.1875,195573.125,195459.484375,195582.6875,195810.234375,195652.96875,195747.375,-0.512451171875,0.000732421875,-0.8125,-0.6408690810203552,0.4577636420726776,0.3967284858226776,80.0,5783.0,1.0,O,F,O,0
195391.359375,195505.4375,195725.03125,195611.5625,195734.953125,195962.40625,195805.21875,195899.453125,-0.51318359375,0.002197265625,-0.81298828125,-0.7324218153953552,0.3662109076976776,0.4882812201976776,80.0,5784.0,1.0,O,F,O,0
196259.234375,196373.5,196593.078125,196479.53125,196602.375,196830.453125,196673.28125,196767.6875,-0.513427734375,0.001953125,-0.81201171875,-0.7629393935203552,0.3662109076976776,0.4272460639476776,80.0,5785.0,1.0,O,F,O,0
196243.671875,196358.125,196578.0625,196463.96875,196587.171875,196815.4375,196658.078125,196752.484375,-0.51416015625,0.0029296875,-0.81201171875,-0.7324218153953552,0.4272460639476776,0.4272460639476776,80.0,5786.0,1.0,O,F,O,0
195402.984375,195516.796875,195736.734375,195623.28125,195746.578125,195974.375,195817.03125,195911.34375,-0.5146484375,0.00048828125,-0.815185546875,-0.7324218153953552,0.4577636420726776,0.4882812201976776,80.0,5787.0,1.0,O,F,O,0
195339.5,195453.3125,195673.34375,195559.53125,195682.828125,195910.8125,195753.71875,195847.6875,-0.515625,0.00244140625,-0.814453125,-0.7019042372703552,0.4882812201976776,0.4577636420726776,80.0,5788.0,1.0,O,F,O,0
196203.0,196317.265625,196536.9375,196423.390625,196546.3125,196774.484375,196617.484375,196711.1875,-0.513427734375,0.002197265625,-0.81494140625,-0.7019042372703552,0.4577636420726776,0.3662109076976776,80.0,5789.0,1.0,O,F,O,0
196405.234375,196519.046875,196739.078125,196625.71875,196748.5625,196976.8125,196819.453125,196913.515625,-0.513671875,0.000732421875,-0.81396484375,-0.6713866591453552,0.5493163466453552,0.4272460639476776,80.0,5790.0,1.0,O,F,O,0
195595.203125,195708.84375,195928.96875,195815.5,195938.796875,196166.421875,196009.25,196103.390625,-0.513916015625,0.002685546875,-0.812255859375,-0.6408690810203552,0.4577636420726776,0.4577636420726776,80.0,5791.0,1.0,O,F,O,0
195318.84375,195432.9375,195652.703125,195539.5,195662.53125,195889.625,195732.8125,195826.859375,-0.513671875,0.000732421875,-0.8115234375,-0.7019042372703552,0.5187987685203552,0.3051757514476776,80.0,5792.0,1.0,O,F,O,0
196118.15625,196232.5,196452.4375,196339.078125,196462.015625,196689.8125,196532.546875,196626.421875,-0.5126953125,0.001220703125,-0.810546875,-0.7019042372703552,0.4882812201976776,0.3662109076976776,80.0,5793.0,1.0,O,F,O,0
196524.5,196638.765625,196858.625,196745.25,196868.359375,197096.171875,196938.8125,197033.3125,-0.513671875,-0.00048828125,-0.81201171875,-0.6408690810203552,0.5187987685203552,0.4272460639476776,80.0,5794.0,1.0,O,F,O,0
195801.375,195915.640625,196135.578125,196022.21875,196145.328125,196372.875,196215.78125,196310.015625,-0.5126953125,-0.00048828125,-0.81494140625,-0.6103515028953552,0.5187987685203552,0.3967284858226776,80.0,5795.0,1.0,O,F,O,0
195333.78125,195448.140625,195667.984375,195554.265625,195677.546875,195905.546875,195748.265625,195842.0625,-0.514404296875,-0.00048828125,-0.812255859375,-0.6713866591453552,0.4272460639476776,0.5187987685203552,80.0,5796.0,1.0,O,F,O,0
196024.1875,196138.71875,196358.296875,196244.65625,196367.953125,196596.125,196438.671875,196532.90625,-0.513671875,0.0,-0.8134765625,-0.7019042372703552,0.4272460639476776,0.4577636420726776,80.0,5797.0,1.0,O,F,O,0
196609.796875,196724.328125,196944.09375,196830.28125,196953.484375,197181.640625,197024.109375,197118.703125,-0.514404296875,0.00048828125,-0.8125,-0.7629393935203552,0.4882812201976776,0.4882812201976776,80.0,5798.0,1.0,O,F,O,0
196021.59375,196135.765625,196355.703125,196241.984375,196364.828125,196593.34375,196435.546875,196530.046875,-0.51416015625,-0.0009765625,-0.81298828125,-0.8239745497703552,0.3967284858226776,0.4272460639476776,80.0,5799.0,1.0,O,F,O,0
195388.953125,195503.203125,195722.96875,195609.609375,195732.171875,195960.53125,195802.90625,195897.140625,-0.5146484375,0.000732421875,-0.8125,-0.7934569716453552,0.4272460639476776,0.4272460639476776,80.0,5800.0,1.0,O,F,O,0
195926.8125,196041.265625,196260.9375,196147.46875,196270.140625,196498.578125,196340.953125,196435.28125,-0.5146484375,0.00048828125,-0.8134765625,-0.7324218153953552,0.5187987685203552,0.3967284858226776,80.0,5801.0,1.0,O,F,O,0
196653.609375,196768.3125,196987.8125,196874.359375,196997.203125,197225.640625,197067.921875,197162.421875,-0.514892578125,0.000732421875,-0.810546875,-0.7324218153953552,0.4272460639476776,0.4272460639476776,80.0,5802.0,1.0,O,F,O,0
196235.71875,196350.25,196569.75,196456.28125,196579.40625,196807.484375,196649.9375,196744.359375,-0.513916015625,0.001220703125,-0.811279296875,-0.7019042372703552,0.4882812201976776,0.5187987685203552,80.0,5803.0,1.0,O,F,O,0
195483.53125,195598.0625,195817.390625,195704.015625,195826.953125,196055.109375,195897.671875,195991.734375,-0.514404296875,0.001220703125,-0.8125,-0.7019042372703552,0.4577636420726776,0.4577636420726776,80.0,5804.0,1.0,O,F,O,0
195829.8125,195944.4375,196163.84375,196050.5625,196173.3125,196401.5625,196244.296875,196338.265625,-0.513916015625,0.001953125,-0.810791015625,-0.7019042372703552,0.4882812201976776,0.3662109076976776,80.0,5805.0,1.0,O,F,O,0
196655.125,196769.84375,196989.234375,196875.78125,196998.890625,197227.25,197069.53125,197164.125,-0.5126953125,0.000244140625,-0.81201171875,-0.6408690810203552,0.4577636420726776,0.3662109076976776,80.0,5806.0,1.0,O,F,O,0
196438.140625,196552.84375,196772.34375,196658.609375,196781.8125,197010.15625,196852.53125,196947.125,-0.5126953125,0.00048828125,-0.810791015625,-0.7019042372703552,0.4882812201976776,0.4272460639476776,80.0,5807.0,1.0,O,F,O,0
195613.796875,195728.0625,195948.0,195834.28125,195957.21875,196185.203125,196028.46875,196122.34375,-0.51220703125,0.0009765625,-0.811279296875,-0.6103515028953552,0.4577636420726776,0.3356933295726776,80.0,5808.0,1.0,O,F,O,0
195752.46875,195866.734375,196086.671875,195973.125,196095.96875,196323.78125,196167.140625,196261.109375,-0.51416015625,0.000244140625,-0.8134765625,-0.6713866591453552,0.4882812201976776,0.3662109076976776,80.0,5809.0,1.0,O,F,O,0
196621.421875,196736.125,196955.796875,196842.171875,196965.015625,197193.171875,197036.09375,197130.140625,-0.513427734375,-0.000244140625,-0.814453125,-0.7324218153953552,0.4577636420726776,0.3356933295726776,80.0,5810.0,1.0,O,F,O,0
196623.75,196738.359375,196957.859375,196844.484375,196967.421875,197195.765625,197038.5,197132.734375,-0.513427734375,0.002685546875,-0.812255859375,-0.6103515028953552,0.3967284858226776,0.4577636420726776,80.0,5811.0,1.0,O,F,O,0
195781.984375,195896.234375,196116.0,196003.0,196125.75,196354.0,196196.828125,196290.34375,-0.514892578125,0.001708984375,-0.81103515625,-0.7019042372703552,0.4272460639476776,0.4577636420726776,80.0,5812.0,1.0,O,F,O,0
195700.53125,195814.703125,196034.46875,195921.28125,196044.390625,196272.015625,196114.75,196208.625,-0.514404296875,-0.002197265625,-0.811279296875,-0.7019042372703552,0.3356933295726776,0.4577636420726776,80.0,5813.0,1.0,O,F,O,0
196560.796875,196675.15625,196894.828125,196781.8125,196904.65625,197132.734375,196975.390625,197069.796875,-0.513427734375,0.00048828125,-0.8115234375,-0.7019042372703552,0.3967284858226776,0.4272460639476776,80.0,5814.0,1.0,O,F,O,0
196775.921875,196890.09375,197109.578125,196996.578125,197119.328125,197347.859375,197190.40625,197284.734375,-0.512451171875,0.00048828125,-0.8115234375,-0.7934569716453552,0.4272460639476776,0.4577636420726776,80.0,5815.0,1.0,O,F,O,0
195970.09375,196084.359375,196303.9375,196190.75,196313.40625,196541.84375,196384.40625,196478.453125,-0.5146484375,0.00341796875,-0.811279296875,-0.7019042372703552,0.5187987685203552,0.4882812201976776,80.0,5816.0,1.0,O,F,O,0
195679.515625,195793.25,196013.1875,195900.078125,196022.9375,196251.015625,196093.828125,196187.625,-0.514404296875,0.00146484375,-0.812744140625,-0.6713866591453552,0.5187987685203552,0.4272460639476776,80.0,5817.0,1.0,O,F,O,0
196473.09375,196587.265625,196806.765625,196693.21875,196816.59375,197044.671875,196887.3125,196981.546875,-0.51513671875,0.000244140625,-0.809814453125,-0.7629393935203552,0.4577636420726776,0.4272460639476776,80.0,5818.0,1.0,O,F,O,0
196891.703125,197006.3125,197225.8125,197112.171875,197235.5625,197463.90625,197306.375,197400.875,-0.512451171875,-0.000244140625,-0.81005859375,-0.7324218153953552,0.5798339247703552,0.3967284858226776,80.0,5819.0,1.0,O,F,O,0
196178.671875,196293.390625,196512.875,196399.515625,196522.71875,196750.875,196593.609375,196687.578125,-0.51416015625,0.001220703125,-0.813720703125,-0.7324218153953552,0.5187987685203552,0.3662109076976776,80.0,5820.0,1.0,O,F,O,0
195695.875,195810.234375,196030.4375,195916.53125,196039.921875,196267.453125,196110.734375,196204.421875,-0.513916015625,0.0009765625,-0.812744140625,-0.7324218153953552,0.4272460639476776,0.3662109076976776,80.0,5821.0,1.0,O,F,O,0
196376.171875,196490.4375,196710.921875,196596.921875,196720.3125,196948.203125,196790.671875,196885.0,-0.514404296875,0.001220703125,-0.8134765625,-0.7934569716453552,0.5493163466453552,0.5187987685203552,80.0,5822.0,1.0,O,F,O,0
196975.46875,197089.828125,197309.859375,197196.046875,197319.328125,197547.671875,197389.609375,197484.203125,-0.5146484375,0.00146484375,-0.814453125,-0.7324218153953552,0.4882812201976776,0.3967284858226776,80.0,5823.0,1.0,O,F,O,0
196399.6875,196513.6875,196733.8125,196620.4375,196743.734375,196971.53125,196813.828125,196908.328125,-0.5146484375,0.001708984375,-0.815673828125,-0.7629393935203552,0.4577636420726776,0.4882812201976776,80.0,5824.0,1.0,O,F,O,0
195753.71875,195867.90625,196088.203125,195974.5625,196098.21875,196325.390625,196168.21875,196262.625,-0.51416015625,0.0029296875,-0.8125,-0.7019042372703552,0.4577636420726776,0.4577636420726776,80.0,5825.0,1.0,O,F,O,0
196273.890625,196388.25,196608.453125,196494.734375,196618.296875,196845.828125,196688.296875,196782.71875,-0.513671875,0.001953125,-0.81103515625,-0.7934569716453552,0.5187987685203552,0.4882812201976776,80.0,5826.0,1.0,O,F,O,0
197012.578125,197127.015625,197346.78125,197233.40625,197356.4375,197584.421875,197426.984375,197521.390625,-0.512451171875,0.001220703125,-0.81103515625,-0.7324218153953552,0.3967284858226776,0.4577636420726776,80.0,5827.0,1.0,O,F,O,0
196614.09375,196728.359375,196948.296875,196834.5625,196958.03125,197186.109375,197028.3125,197122.640625,-0.512451171875,0.001708984375,-0.811767578125,-0.7324218153953552,0.4577636420726776,0.5187987685203552,80.0,5828.0,1.0,O,F,O,0
195853.859375,195968.03125,196188.0625,196074.421875,196197.546875,196425.703125,196267.8125,196362.234375,-0.512939453125,0.00244140625,-0.815673828125,-0.7324218153953552,0.5493163466453552,0.4882812201976776,80.0,5829.0,1.0,O,F,O,0
196182.875,196297.234375,196517.078125,196403.53125,196526.828125,196754.453125,196596.828125,196691.25,-0.515380859375,0.000732421875,-0.81201171875,-0.6408690810203552,0.4882812201976776,0.4577636420726776,80.0,5830.0,1.0,O,F,O,0
197012.84375,197127.015625,197347.046875,197233.40625,197356.796875,197584.78125,197426.984375,197522.015625,-0.515380859375,0.000732421875,-0.810791015625,-0.6408690810203552,0.4882812201976776,0.4882812201976776,80.0,5831.0,1.0,O,F,O,0
196816.78125,196931.390625,197151.0625,197037.4375,197160.546875,197388.984375,197231.265625,197326.03125,-0.514404296875,0.0009765625,-0.810302734375,-0.6408690810203552,0.5798339247703552,0.3967284858226776,80.0,5832.0,1.0,O,F,O,0
195990.75,196104.734375,196324.859375,196211.40625,196334.25,196562.859375,196405.0625,196499.734375,-0.51416015625,-0.000732421875,-0.812744140625,-0.6408690810203552,0.5493163466453552,0.3967284858226776,80.0,5833.0,1.0,O,F,O,0
196110.28125,196224.09375,196444.3125,196330.9375,196454.046875,196682.125,196524.765625,196619.28125,-0.512451171875,0.000244140625,-0.81298828125,-0.7629393935203552,0.5187987685203552,0.4272460639476776,80.0,5834.0,1.0,O,F,O,0
196980.484375,197094.921875,197314.765625,197200.953125,197323.984375,197552.59375,197394.875,197489.734375,-0.512451171875,0.0,-0.812744140625,-0.7629393935203552,0.4272460639476776,0.4577636420726776,80.0,5835.0,1.0,O,F,O,0
196999.078125,197113.25,197333.09375,197219.46875,197342.3125,197570.921875,197413.03125,197507.984375,-0.51220703125,0.00146484375,-0.8125,-0.7019042372703552,0.4882812201976776,0.4882812201976776,80.0,5836.0,1.0,O,F,O,0
196157.046875,196271.296875,196490.96875,196377.515625,196500.546875,196728.984375,196571.078125,196665.671875,-0.514892578125,0.0009765625,-0.8134765625,-0.7019042372703552,0.5493163466453552,0.4577636420726776,80.0,5837.0,1.0,O,F,O,0
196059.859375,196174.296875,196393.96875,196280.59375,196403.71875,196631.796875,196474.171875,196568.484375,-0.51513671875,0.00048828125,-0.810546875,-0.6713866591453552,0.4577636420726776,0.4577636420726776,80.0,5838.0,1.0,O,F,O,0
196917.984375,197032.515625,197251.921875,197138.546875,197261.578125,197490.015625,197332.296875,197426.890625,-0.514892578125,0.000244140625,-0.81201171875,-0.7019042372703552,0.4577636420726776,0.4272460639476776,80.0,5839.0,1.0,O,F,O,0
197153.125,197267.390625,197487.234375,197373.78125,197496.53125,197725.15625,197567.53125,197662.203125,-0.513427734375,0.00244140625,-0.812744140625,-0.7629393935203552,0.4577636420726776,0.3662109076976776,80.0,5840.0,1.0,O,F,O,0
196353.46875,196467.28125,196687.40625,196573.953125,196696.796875,196925.046875,196767.328125,196862.015625,-0.51416015625,0.0009765625,-0.8134765625,-0.7019042372703552,0.5187987685203552,0.3356933295726776,80.0,5841.0,1.0,O,F,O,0
196046.359375,196160.265625,196380.203125,196266.75,196389.59375,196618.03125,196460.3125,196554.8125,-0.51513671875,0.000244140625,-0.811767578125,-0.7019042372703552,0.3967284858226776,0.4577636420726776,80.0,5842.0,1.0,O,F,O,0
196832.328125,196947.046875,197166.453125,197053.078125,197176.015625,197404.625,197246.640625,197341.5,-0.5146484375,0.000732421875,-0.81298828125,-0.7324218153953552,0.4577636420726776,0.3967284858226776,80.0,5843.0,1.0,O,F,O,0
197268.640625,197383.703125,197602.84375,197489.46875,197612.765625,197840.84375,197683.21875,197778.265625,-0.5126953125,0.000244140625,-0.8125,-0.8239745497703552,0.4577636420726776,0.4882812201976776,80.0,5844.0,1.0,O,F,O,0
196565.0,196679.359375,196899.03125,196785.390625,196908.859375,197136.40625,196979.046875,197074.0,-0.51171875,0.000732421875,-0.812255859375,-0.8544921278953552,0.5187987685203552,0.3662109076976776,80.0,5845.0,1.0,O,F,O,0
196066.734375,196180.90625,196400.5,196286.859375,196410.421875,196638.234375,196480.421875,196575.375,-0.514892578125,0.00048828125,-0.810302734375,-0.7934569716453552,0.4577636420726776,0.3967284858226776,80.0,5846.0,1.0,O,F,O,0
196733.265625,196847.53125,197066.9375,196953.296875,197077.03125,197305.03125,197146.953125,197241.90625,-0.514404296875,-0.000732421875,-0.81298828125,-0.7324218153953552,0.4272460639476776,0.5187987685203552,80.0,5847.0,1.0,O,F,O,0
197345.265625,197459.875,197679.28125,197565.640625,197688.9375,197917.28125,197759.21875,197854.34375,-0.51416015625,0.001708984375,-0.81494140625,-0.6713866591453552,0.4272460639476776,0.4272460639476776,80.0,5848.0,1.0,O,F,O,0
196784.59375,196899.03125,197118.703125,197005.0625,197128.359375,197355.90625,197198.546875,197293.40625,-0.5146484375,0.00244140625,-0.812255859375,-0.8544921278953552,0.3967284858226776,0.4577636420726776,80.0,5849.0,1.0,O,F,O,0
196128.875,196243.046875,196462.546875,196349.0,196472.375,196700.1875,196542.5625,196637.25,-0.512939453125,0.001953125,-0.8125,-0.8544921278953552,0.3967284858226776,0.4272460639476776,80.0,5850.0,1.0,O,F,O,0
196634.296875,196748.5625,196968.40625,196854.765625,196977.890625,197206.140625,197048.34375,197142.75,-0.514404296875,0.001220703125,-0.811767578125,-0.7629393935203552,0.4272460639476776,0.4272460639476776,80.0,5851.0,1.0,O,F,O,0
197379.859375,197494.5625,197714.15625,197600.703125,197723.8125,197951.625,197794.078125,197888.765625,-0.513671875,0.00146484375,-0.810302734375,-0.8239745497703552,0.4272460639476776,0.5493163466453552,80.0,5852.0,1.0,O,F,O,0
196997.28125,197111.640625,197331.578125,197218.03125,197341.234375,197569.3125,197411.328125,197506.1875,-0.51318359375,-0.00048828125,-0.809814453125,-0.7934569716453552,0.4272460639476776,0.4577636420726776,80.0,5853.0,1.0,O,F,O,0
196227.671875,196342.109375,196561.78125,196448.234375,196571.171875,196799.34375,196641.8125,196736.21875,-0.513427734375,-0.001708984375,-0.810302734375,-0.7019042372703552,0.5187987685203552,0.4577636420726776,80.0,5854.0,1.0,O,F,O,0
196539.53125,196653.875,196873.640625,196760.0,196882.75,197111.015625,196953.75,197047.890625,-0.5126953125,0.00048828125,-0.81201171875,-0.6713866591453552,0.4577636420726776,0.3051757514476776,80.0,5855.0,1.0,O,F,O,0
197373.609375,197488.125,197707.71875,197594.171875,197717.1875,197945.625,197787.828125,197883.046875,-0.512939453125,0.000732421875,-0.81201171875,-0.6713866591453552,0.4577636420726776,0.3051757514476776,80.0,5856.0,1.0,O,F,O,0
197193.796875,197308.328125,197528.1875,197414.546875,197537.84375,197766.09375,197608.46875,197703.515625,-0.51416015625,0.00341796875,-0.813720703125,-0.6713866591453552,0.5493163466453552,0.3051757514476776,80.0,5857.0,1.0,O,F,O,0
196364.203125,196478.453125,196697.859375,196584.578125,196708.0625,196935.953125,196778.234375,196873.015625,-0.5146484375,0.000732421875,-0.811767578125,-0.6713866591453552,0.5493163466453552,0.3967284858226776,80.0,5858.0,1.0,O,F,O,0
196467.1875,196581.640625,196801.390625,196687.578125,196811.046875,197039.046875,196881.328125,196976.1875,-0.513916015625,0.0029296875,-0.81298828125,-0.7019042372703552,0.5493163466453552,0.3356933295726776,80.0,5859.0,1.0,O,F,O,0
197337.75,197452.375,197671.953125,197558.046875,197681.78125,197909.78125,197752.0625,197846.75,-0.514892578125,0.00244140625,-0.813232421875,-0.7324218153953552,0.4882812201976776,0.3356933295726776,80.0,5860.0,1.0,O,F,O,0
197372.703125,197487.328125,197707.09375,197593.1875,197716.65625,197944.90625,197787.109375,197881.609375,-0.513916015625,0.0009765625,-0.814697265625,-0.7934569716453552,0.4882812201976776,0.4882812201976776,80.0,5861.0,1.0,O,F,O,0
196533.4375,196648.25,196867.5625,196754.015625,196877.03125,197105.734375,196947.84375,197041.984375,-0.5146484375,0.0029296875,-0.8125,-0.8544921278953552,0.4577636420726776,0.4272460639476776,80.0,5862.0,1.0,O,F,O,0
196419.8125,196534.25,196753.75,196640.015625,196763.21875,196991.65625,196834.03125,196928.53125,-0.515625,-0.000244140625,-0.8134765625,-0.7934569716453552,0.4272460639476776,0.5187987685203552,80.0,5863.0,1.0,O,F,O,0
197273.5625,197387.734375,197607.40625,197494.03125,197616.96875,197845.21875,197687.78125,197782.375,-0.51416015625,-0.002197265625,-0.812255859375,-0.8239745497703552,0.4272460639476776,0.4272460639476776,80.0,5864.0,1.0,O,F,O,0
197525.859375,197639.859375,197859.625,197746.34375,197869.09375,198097.53125,197940.0,198034.765625,-0.513671875,0.0009765625,-0.81298828125,-0.7934569716453552,0.4577636420726776,0.4882812201976776,80.0,5865.0,1.0,O,F,O,0
196732.109375,196846.71875,197066.21875,196952.671875,197075.78125,197304.3125,197146.515625,197240.921875,-0.51416015625,0.000244140625,-0.810302734375,-0.7629393935203552,0.3967284858226776,0.4577636420726776,80.0,5866.0,1.0,O,F,O,0
196406.671875,196521.546875,196741.046875,196627.671875,196751.0625,196978.953125,196821.25,196915.390625,-0.51416015625,0.000244140625,-0.810546875,-0.7324218153953552,0.4882812201976776,0.4272460639476776,80.0,5867.0,1.0,O,F,O,0
197185.40625,197300.109375,197519.609375,197406.0625,197529.4375,197757.515625,197599.796875,197694.125,-0.5126953125,0.000244140625,-0.81298828125,-0.7019042372703552,0.5798339247703552,0.5187987685203552,80.0,5868.0,1.0,O,F,O,0
197636.8125,197751.4375,197971.375,197857.46875,197980.859375,198209.203125,198051.390625,198146.25,-0.512939453125,0.00048828125,-0.8115234375,-0.7324218153953552,0.4882812201976776,0.4577636420726776,80.0,5869.0,1.0,O,F,O,0
196944.0,197058.265625,197278.203125,197164.390625,197287.765625,197516.109375,197358.21875,197453.171875,-0.512451171875,0.0,-0.812744140625,-0.7629393935203552,0.5493163466453552,0.3662109076976776,80.0,5870.0,1.0,O,F,O,0
196431.703125,196545.609375,196765.1875,196651.8125,196775.109375,197003.1875,196845.828125,196940.328125,-0.513427734375,0.001220703125,-0.812744140625,-0.7324218153953552,0.6103515028953552,0.3662109076976776,80.0,5871.0,1.0,O,F,O,0
197087.765625,197201.765625,197421.25,197307.890625,197431.09375,197659.34375,197501.71875,197596.5,-0.513916015625,0.001708984375,-0.81201171875,-0.7324218153953552,0.4882812201976776,0.3967284858226776,80.0,5872.0,1.0,O,F,O,0
197710.9375,197825.109375,198044.953125,197931.5,198054.703125,198283.140625,198125.25,198220.109375,-0.512451171875,0.001220703125,-0.811279296875,-0.6103515028953552,0.3662109076976776,0.3662109076976776,80.0,5873.0,1.0,O,F,O,0
197162.59375,197276.59375,197496.453125,197382.90625,197505.921875,197734.359375,197576.734375,197671.421875,-0.5146484375,0.0029296875,-0.80859375,-0.7019042372703552,0.4882812201976776,0.3967284858226776,80.0,5874.0,1.0,O,F,O,0
196496.078125,196610.0625,196829.828125,196716.109375,196839.390625,197067.65625,196910.390625,197004.53125,-0.51220703125,0.000732421875,-0.81103515625,-0.7629393935203552,0.4577636420726776,0.4577636420726776,80.0,5875.0,1.0,O,F,O,0
196987.0,197101.359375,197321.296875,197207.9375,197331.140625,197559.03125,197401.3125,197496.265625,-0.5146484375,0.000244140625,-0.81005859375,-0.7324218153953552,0.4272460639476776,0.5493163466453552,80.0,5876.0,1.0,O,F,O,0
197742.671875,197856.84375,198076.609375,197963.234375,198086.4375,198314.703125,198156.71875,198252.03125,-0.51416015625,-0.0009765625,-0.811279296875,-0.7934569716453552,0.3356933295726776,0.5187987685203552,80.0,5877.0,1.0,O,F,O,0
197375.390625,197489.296875,197708.96875,197595.515625,197718.890625,197947.140625,197789.34375,197884.03125,-0.51416015625,0.000244140625,-0.810302734375,-0.7629393935203552,0.3356933295726776,0.4882812201976776,80.0,5878.0,1.0,O,F,O,0
196601.03125,196714.84375,196934.96875,196821.0625,196944.53125,197172.609375,197014.71875,197109.40625,-0.512939453125,0.001708984375,-0.810791015625,-0.7934569716453552,0.4577636420726776,0.4882812201976776,80.0,5879.0,1.0,O,F,O,0
196897.78125,197011.765625,197231.625,197117.71875,197241.28125,197469.265625,197311.46875,197406.234375,-0.513916015625,0.0029296875,-0.8115234375,-0.7629393935203552,0.5493163466453552,0.4577636420726776,80.0,5880.0,1.0,O,F,O,0
197736.859375,197851.296875,198070.796875,197957.421875,198080.359375,198308.625,198150.8125,198245.765625,-0.51416015625,0.001953125,-0.81005859375,-0.7324218153953552,0.4882812201976776,0.5187987685203552,80.0,5881.0,1.0,O,F,O,0
197573.96875,197687.953125,197907.359375,197794.171875,197917.109375,198145.359375,197987.5625,198082.515625,-0.51513671875,0.00146484375,-0.81201171875,-0.7019042372703552,0.5187987685203552,0.4577636420726776,80.0,5882.0,1.0,O,F,O,0
196740.15625,196853.96875,197073.8125,196960.265625,197083.03125,197311.46875,197153.65625,197248.4375,-0.51318359375,0.001708984375,-0.812744140625,-0.6103515028953552,0.5187987685203552,0.4272460639476776,80.0,5883.0,1.0,O,F,O,0
196824.46875,196938.640625,197158.484375,197045.03125,197167.96875,197396.40625,197238.421875,197333.09375,-0.513916015625,0.00048828125,-0.8115234375,-0.6713866591453552,0.5798339247703552,0.3662109076976776,80.0,5884.0,1.0,O,F,O,0
197696.453125,197810.71875,198030.46875,197917.015625,198039.953125,198268.5625,198110.671875,198205.796875,-0.5146484375,0.001220703125,-0.811767578125,-0.6408690810203552,0.5493163466453552,0.4577636420726776,80.0,5885.0,1.0,O,F,O,0
197748.484375,197862.84375,198082.59375,197968.96875,198091.71875,198321.046875,198162.625,198257.921875,-0.5146484375,0.00048828125,-0.814208984375,-0.7629393935203552,0.4272460639476776,0.3967284858226776,80.0,5886.0,1.0,O,F,O,0
196908.859375,197022.953125,197242.984375,197129.25,197252.453125,197481.0625,197322.90625,197417.671875,-0.51513671875,0.00048828125,-0.81201171875,-0.7934569716453552,0.4272460639476776,0.4272460639476776,80.0,5887.0,1.0,O,F,O,0
196778.953125,196893.390625,197112.796875,196999.609375,197123.0,197351.078125,197193.265625,197287.859375,-0.51513671875,0.00048828125,-0.81298828125,-0.8544921278953552,0.4272460639476776,0.4882812201976776,80.0,5888.0,1.0,O,F,O,0
197630.640625,197744.640625,197964.140625,197850.859375,197974.234375,198202.3125,198044.515625,198139.375,-0.512451171875,-0.000244140625,-0.810791015625,-0.8544921278953552,0.4882812201976776,0.3967284858226776,80.0,5889.0,1.0,O,F,O,0
197896.8125,198011.078125,198230.296875,198116.84375,198240.40625,198468.390625,198310.671875,198405.625,-0.51513671875,0.0,-0.81298828125,-0.7019042372703552,0.4882812201976776,0.3662109076976776,80.0,5890.0,1.0,O,F,O,0
197108.421875,197222.6875,197442.0,197328.71875,197452.09375,197680.09375,197522.203125,197616.875,-0.513427734375,0.000732421875,-0.813232421875,-0.7019042372703552,0.4577636420726776,0.4577636420726776,80.0,5891.0,1.0,O,F,O,0
196770.46875,196884.453125,197104.125,196990.765625,197114.046875,197341.953125,197183.96875,197278.734375,-0.5146484375,0.0009765625,-0.814453125,-0.7324218153953552,0.4577636420726776,0.4577636420726776,80.0,5892.0,1.0,O,F,O,0
197543.5625,197657.640625,197877.59375,197763.6875,197887.15625,198115.140625,197957.421875,198052.203125,-0.5146484375,0.0,-0.816162109375,-0.6408690810203552,0.4882812201976776,0.3967284858226776,80.0,5893.0,1.0,O,F,O,0
198006.96875,198121.3125,198341.25,198227.265625,198350.46875,198578.890625,198421.0,198515.953125,-0.513671875,-0.0009765625,-0.8154296875,-0.6103515028953552,0.6103515028953552,0.3967284858226776,80.0,5894.0,1.0,O,F,O,0
197322.90625,197436.90625,197657.015625,197543.125,197666.328125,197894.578125,197737.046875,197832.078125,-0.515380859375,0.002197265625,-0.810546875,-0.6713866591453552,0.6103515028953552,0.3967284858226776,80.0,5895.0,1.0,O,F,O,0
196797.1875,196911.28125,197131.125,197017.5,197140.875,197368.859375,197211.234375,197306.015625,-0.51513671875,0.00146484375,-0.8095703125,-0.7324218153953552,0.5493163466453552,0.4272460639476776,80.0,5896.0,1.0,O,F,O,0
197442.171875,197556.625,197776.5625,197662.5625,197786.03125,198014.03125,197856.21875,197951.4375,-0.514892578125,0.001953125,-0.81005859375,-0.6713866591453552,0.5798339247703552,0.3967284858226776,80.0,5897.0,1.0,O,F,O,0
198076.875,198191.5,198411.171875,198297.4375,198420.828125,198649.265625,198491.375,198586.5,-0.514404296875,0.001953125,-0.810546875,-0.7019042372703552,0.5187987685203552,0.3967284858226776,80.0,5898.0,1.0,O,F,O,0
197539.1875,197653.71875,197873.390625,197760.015625,197883.3125,198111.484375,197953.671875,198048.796875,-0.51513671875,0.001220703125,-0.80859375,-0.7934569716453552,0.5187987685203552,0.5187987685203552,80.0,5899.0,1.0,O,F,O,0
196864.15625,196978.421875,197198.453125,197084.734375,197208.203125,197436.09375,197278.390625,197373.609375,-0.515869140625,-0.000244140625,-0.81005859375,-0.7629393935203552,0.5187987685203552,0.5187987685203552,80.0,5900.0,1.0,O,F,O,0
197343.921875,197458.09375,197678.21875,197564.3125,197687.59375,197915.765625,197758.234375,197853.265625,-0.5166015625,0.0,-0.8095703125,-0.7324218153953552,0.5798339247703552,0.5187987685203552,80.0,5901.0,1.0,O,F,O,0
198107.90625,198222.078125,198441.75,198328.015625,198451.40625,198679.65625,198521.59375,198617.078125,-0.513427734375,0.00048828125,-0.813232421875,-0.7629393935203552,0.5187987685203552,0.4882812201976776,80.0,5902.0,1.0,O,F,O,0
197753.84375,197868.203125,198087.703125,197973.875,198097.4375,198325.78125,198167.890625,198262.75,-0.513916015625,0.001220703125,-0.810791015625,-0.7324218153953552,0.5187987685203552,0.4577636420726776,80.0,5903.0,1.0,O,F,O,0
196973.6875,197087.671875,197307.078125,197193.625,197317.0,197545.078125,197387.640625,197482.046875,-0.513671875,0.001708984375,-0.80908203125,-0.7934569716453552,0.5493163466453552,0.4577636420726776,80.0,5904.0,1.0,O,F,O,0
197256.65625,197371.015625,197590.6875,197477.21875,197600.34375,197828.5,197670.515625,197765.828125,-0.514892578125,0.001220703125,-0.810546875,-0.6713866591453552,0.4577636420726776,0.3967284858226776,80.0,5905.0,1.0,O,F,O,0
198100.484375,198214.921875,198434.6875,198321.5,198444.34375,198672.6875,198514.4375,198610.28125,-0.515625,0.00146484375,-0.811279296875,-0.7629393935203552,0.4882812201976776,0.3967284858226776,80.0,5906.0,1.0,O,F,O,0
197952.328125,198067.046875,198286.71875,198173.171875,198296.546875,198524.53125,198366.46875,198462.21875,-0.51416015625,0.001708984375,-0.812744140625,-0.7019042372703552,0.5493163466453552,0.3967284858226776,80.0,5907.0,1.0,O,F,O,0
197117.0,197231.265625,197451.125,197337.21875,197460.78125,197688.578125,197530.78125,197626.0,-0.512939453125,0.001953125,-0.812744140625,-0.7324218153953552,0.6408690810203552,0.4577636420726776,80.0,5908.0,1.0,O,F,O,0
197185.40625,197299.65625,197519.515625,197405.96875,197528.90625,197757.609375,197599.359375,197694.390625,-0.514892578125,0.001220703125,-0.81103515625,-0.6713866591453552,0.5187987685203552,0.4577636420726776,80.0,5909.0,1.0,O,F,O,0
198057.46875,198172.0,198391.671875,198278.046875,198400.703125,198630.03125,198471.703125,198567.1875,-0.5126953125,0.001708984375,-0.8134765625,-0.7934569716453552,0.5187987685203552,0.3967284858226776,80.0,5910.0,1.0,O,F,O,0
198128.109375,198243.078125,198462.484375,198348.859375,198472.140625,198700.9375,198542.328125,198638.0,-0.513427734375,0.00048828125,-0.810791015625,-0.7019042372703552,0.3967284858226776,0.3662109076976776,80.0,5911.0,1.0,O,F,O,0
197291.34375,197405.78125,197625.640625,197511.640625,197635.203125,197863.375,197705.125,197800.34375,-0.51416015625,0.00048828125,-0.81103515625,-0.7324218153953552,0.4272460639476776,0.5187987685203552,80.0,5912.0,1.0,O,F,O,0
197143.828125,197257.8125,197477.84375,197363.765625,197487.234375,197714.953125,197557.515625,197652.375,-0.513671875,0.00146484375,-0.8115234375,-0.7324218153953552,0.3967284858226776,0.5798339247703552,80.0,5913.0,1.0,O,F,O,0
197988.0,198102.0,198322.203125,198208.3125,198331.78125,198559.765625,198401.78125,198497.359375,-0.5146484375,0.00146484375,-0.810791015625,-0.6408690810203552,0.4882812201976776,0.5187987685203552,80.0,5914.0,1.0,O,F,O,0
198271.515625,198385.6875,198605.265625,198491.8125,198614.921875,198843.1875,198685.65625,198781.046875,-0.51416015625,0.00146484375,-0.8115234375,-0.7324218153953552,0.5187987685203552,0.5187987685203552,80.0,5915.0,1.0,O,F,O,0
197490.09375,197604.453125,197824.125,197710.578125,197833.421875,198061.765625,197904.40625,197999.265625,-0.51220703125,0.0009765625,-0.811279296875,-0.7934569716453552,0.4272460639476776,0.4577636420726776,80.0,5916.0,1.0,O,F,O,0
197135.953125,197250.046875,197470.34375,197356.25,197479.8125,197707.984375,197550.0,197645.21875,-0.513427734375,0.002197265625,-0.81298828125,-0.5798339247703552,0.5493163466453552,0.3356933295726776,80.0,5917.0,1.0,O,F,O,0
197899.40625,198013.484375,198233.515625,198119.609375,198243.078125,198471.078125,198313.453125,198408.9375,-0.512939453125,0.002685546875,-0.81103515625,-0.6408690810203552,0.5798339247703552,0.3662109076976776,80.0,5918.0,1.0,O,F,O,0
198376.921875,198491.375,198711.3125,198597.3125,198720.609375,198948.953125,198791.15625,198886.546875,-0.51318359375,0.00146484375,-0.812744140625,-0.6103515028953552,0.4882812201976776,0.3967284858226776,80.0,5919.0,1.0,O,F,O,0
197700.5625,197814.828125,198034.40625,197920.859375,198043.96875,198272.328125,198114.609375,198209.5625,-0.515380859375,0.00048828125,-0.811767578125,-0.6103515028953552,0.4882812201976776,0.4272460639476776,80.0,5920.0,1.0,O,F,O,0
197163.234375,197277.671875,197497.15625,197383.890625,197506.8125,197734.8125,197577.359375,197672.40625,-0.515625,-0.00048828125,-0.81005859375,-0.5798339247703552,0.4882812201976776,0.5187987685203552,80.0,5921.0,1.0,O,F,O,0
197799.0,197913.890625,198133.375,198019.65625,198142.765625,198371.203125,198213.484375,198308.53125,-0.515625,0.00244140625,-0.8125,-0.7019042372703552,0.5493163466453552,0.4577636420726776,80.0,5922.0,1.0,O,F,O,0
198443.09375,198557.625,198777.375,198663.296875,198786.671875,199015.296875,198857.484375,198952.703125,-0.514404296875,0.002197265625,-0.8134765625,-0.6103515028953552,0.4577636420726776,0.4272460639476776,80.0,5923.0,1.0,O,F,O,0
197918.265625,198032.4375,198252.5625,198138.484375,198261.765625,198490.296875,198332.765625,198427.703125,-0.514404296875,0.002197265625,-0.8154296875,-0.6103515028953552,0.5187987685203552,0.3967284858226776,80.0,5924.0,1.0,O,F,O,0
197234.75,197348.75,197568.6875,197454.96875,197578.34375,197806.59375,197649.15625,197743.65625,-0.51416015625,0.001220703125,-0.81103515625,-0.6713866591453552,0.4882812201976776,0.4577636420726776,80.0,5925.0,1.0,O,F,O,0
197699.21875,197813.578125,198033.25,197919.515625,198042.984375,198271.0625,198113.359375,198208.390625,-0.514404296875,0.001953125,-0.810791015625,-0.7629393935203552,0.4272460639476776,0.4882812201976776,80.0,5926.0,1.0,O,F,O,0
198469.375,198584.0,198803.125,198689.578125,198812.609375,199041.21875,198883.328125,198978.640625,-0.51416015625,0.003173828125,-0.8115234375,-0.7019042372703552,0.5187987685203552,0.4272460639476776,80.0,5927.0,1.0,O,F,O,0
198131.140625,198245.3125,198464.8125,198351.53125,198474.296875,198702.8125,198545.1875,198640.140625,-0.513427734375,0.002685546875,-0.813720703125,-0.7324218153953552,0.4882812201976776,0.4577636420726776,80.0,5928.0,1.0,O,F,O,0
197343.296875,197457.5625,197677.140625,197563.59375,197686.609375,197914.6875,197757.25,197851.921875,-0.51416015625,0.001953125,-0.8134765625,-0.7324218153953552,0.4577636420726776,0.5187987685203552,80.0,5929.0,1.0,O,F,O,0
197607.84375,197722.296875,197941.78125,197828.328125,197951.0,198179.421875,198021.796875,198117.015625,-0.515380859375,0.002685546875,-0.811767578125,-0.7629393935203552,0.4882812201976776,0.4577636420726776,80.0,5930.0,1.0,O,F,O,0
198456.671875,198570.9375,198790.796875,198676.984375,198800.09375,199028.703125,198870.546875,198966.203125,-0.514404296875,0.001220703125,-0.81591796875,-0.7019042372703552,0.4577636420726776,0.5493163466453552,80.0,5931.0,1.0,O,F,O,0
198325.515625,198440.234375,198659.546875,198546.265625,198669.28125,198898.171875,198739.5625,198835.40625,-0.515869140625,-0.002197265625,-0.81201171875,-0.6713866591453552,0.4272460639476776,0.5493163466453552,80.0,5932.0,1.0,O,F,O,0
197486.796875,197601.40625,197820.90625,197707.53125,197830.65625,198059.359375,197900.921875,197996.328125,-0.51318359375,0.0,-0.812255859375,-0.6103515028953552,0.4272460639476776,0.5493163466453552,80.0,5933.0,1.0,O,F,O,0
197538.640625,197652.8125,197872.578125,197758.953125,197882.59375,198110.3125,197952.6875,198047.8125,-0.51318359375,0.000732421875,-0.810791015625,-0.6713866591453552,0.5798339247703552,0.4577636420726776,80.0,5934.0,1.0,O,F,O,0
198412.421875,198527.125,198746.625,198632.546875,198756.015625,198984.53125,198826.375,198921.953125,-0.5126953125,0.00244140625,-0.81396484375,-0.7629393935203552,0.5187987685203552,0.3662109076976776,80.0,5935.0,1.0,O,F,O,0
198500.578125,198615.640625,198835.234375,198720.78125,198844.171875,199073.234375,198914.890625,199010.46875,-0.515625,0.00244140625,-0.814208984375,-0.6713866591453552,0.4882812201976776,0.3662109076976776,80.0,5936.0,1.0,O,F,O,0
197665.15625,197779.953125,197999.8125,197885.71875,198009.015625,198237.453125,198079.46875,198174.875,-0.513427734375,0.0009765625,-0.815185546875,-0.7019042372703552,0.5493163466453552,0.3662109076976776,80.0,5937.0,1.0,O,F,O,0
197499.3125,197613.75,197833.59375,197719.875,197842.984375,198071.421875,197913.703125,198008.5625,-0.512939453125,0.000732421875,-0.81396484375,-0.7019042372703552,0.4882812201976776,0.4577636420726776,80.0,5938.0,1.0,O,F,O,0
198339.109375,198453.546875,198673.671875,198559.234375,198682.78125,198911.40625,198753.421875,198848.453125,-0.51416015625,0.00146484375,-0.812255859375,-0.7324218153953552,0.4577636420726776,0.5187987685203552,80.0,5939.0,1.0,O,F,O,0
198640.3125,198754.765625,198974.25,198860.625,198984.09375,199212.96875,199054.71875,199150.125,-0.515625,0.0029296875,-0.81201171875,-0.6408690810203552,0.4882812201976776,0.4272460639476776,80.0,5940.0,1.0,O,F,O,0
197865.4375,197979.875,198199.453125,198085.734375,198209.109375,198437.71875,198279.734375,198375.140625,-0.51416015625,0.00146484375,-0.81298828125,-0.5798339247703552,0.4577636420726776,0.3967284858226776,80.0,5941.0,1.0,O,F,O,0
197493.046875,197607.21875,197826.890625,197712.90625,197836.734375,198065.078125,197907.1875,198002.40625,-0.51416015625,0.00244140625,-0.8125,-0.5493163466453552,0.4272460639476776,0.5187987685203552,80.0,5942.0,1.0,O,F,O,0
198247.5625,198362.0,198581.484375,198467.578125,198590.96875,198819.9375,198661.953125,198757.171875,-0.513916015625,0.0009765625,-0.813232421875,-0.5798339247703552,0.4882812201976776,0.5493163466453552,80.0,5943.0,1.0,O,F,O,0
198742.0625,198856.421875,199076.171875,198962.1875,199085.75,199314.1875,199156.203125,199251.78125,-0.5146484375,-0.001220703125,-0.81494140625,-0.7019042372703552,0.5187987685203552,0.3662109076976776,80.0,5944.0,1.0,O,F,O,0
198076.34375,198190.515625,198410.453125,198296.546875,198420.109375,198648.015625,198490.390625,198585.328125,-0.51611328125,0.000244140625,-0.8125,-0.6713866591453552,0.4577636420726776,0.4272460639476776,80.0,5945.0,1.0,O,F,O,0
197523.890625,197637.703125,197857.65625,197744.015625,197867.125,198095.65625,197937.84375,198032.890625,-0.512451171875,0.000732421875,-0.813720703125,-0.7019042372703552,0.4882812201976776,0.3967284858226776,80.0,5946.0,1.0,O,F,O,0
198146.34375,198260.609375,198480.1875,198366.640625,198489.578125,198718.46875,198560.484375,198655.703125,-0.511962890625,0.00244140625,-0.810546875,-0.6713866591453552,0.4272460639476776,0.4882812201976776,80.0,5947.0,1.0,O,F,O,0
198806.4375,198920.703125,199140.640625,199026.734375,199150.125,199378.546875,199220.484375,199315.609375,-0.513427734375,-0.0009765625,-0.813232421875,-0.7324218153953552,0.4272460639476776,0.5493163466453552,80.0,5948.0,1.0,O,F,O,0
198298.78125,198413.3125,198633.078125,198519.625,198642.5625,198871.078125,198713.015625,198808.046875,-0.51318359375,-0.001220703125,-0.814208984375,-0.7019042372703552,0.3967284858226776,0.4272460639476776,80.0,5949.0,1.0,O,F,O,0
197602.75,197717.546875,197937.046875,197823.765625,197946.796875,198175.046875,198017.25,198112.1875,-0.513671875,-0.000732421875,-0.81005859375,-0.7019042372703552,0.3967284858226776,0.4577636420726776,80.0,5950.0,1.0,O,F,O,0
198049.703125,198164.3125,198383.8125,198270.359375,198393.46875,198622.265625,198464.1875,198559.3125,-0.514404296875,0.001220703125,-0.8095703125,-0.7629393935203552,0.4272460639476776,0.4577636420726776,80.0,5951.0,1.0,O,F,O,0
198830.046875,198944.65625,199164.25,199050.515625,199173.71875,199402.78125,199244.4375,199339.75,-0.513427734375,0.0,-0.81298828125,-0.7324218153953552,0.4882812201976776,0.5187987685203552,80.0,5952.0,1.0,O,F,O,0
198506.390625,198620.65625,198840.59375,198726.6875,198849.984375,199078.59375,198920.34375,199015.734375,-0.5146484375,0.000244140625,-0.8125,-0.6713866591453552,0.5493163466453552,0.3662109076976776,80.0,5953.0,1.0,O,F,O,0
197712.1875,197826.71875,198046.296875,197932.65625,198055.78125,198284.296875,198126.140625,198221.359375,-0.513671875,-0.0009765625,-0.811767578125,-0.6408690810203552,0.5493163466453552,0.4272460639476776,80.0,5954.0,1.0,O,F,O,0
197960.734375,198075.0,198294.9375,198181.390625,198304.15625,198533.03125,198374.6875,198470.171875,-0.512451171875,-0.000732421875,-0.81298828125,-0.7629393935203552,0.5493163466453552,0.5187987685203552,80.0,5955.0,1.0,O,F,O,0
198814.484375,198928.84375,199148.78125,199035.140625,199158.171875,199387.21875,199228.53125,199324.375,-0.513916015625,0.0009765625,-0.81396484375,-0.8239745497703552,0.4882812201976776,0.4882812201976776,80.0,5956.0,1.0,O,F,O,0
198701.828125,198816.359375,199036.296875,198922.40625,199045.25,199274.21875,199115.96875,199211.8125,-0.514892578125,0.001220703125,-0.814453125,-0.7324218153953552,0.4577636420726776,0.4272460639476776,80.0,5957.0,1.0,O,F,O,0
197861.234375,197975.9375,198195.703125,198081.796875,198204.8125,198433.4375,198275.359375,198370.765625,-0.512451171875,-0.00048828125,-0.817138671875,-0.6713866591453552,0.4577636420726776,0.3967284858226776,80.0,5958.0,1.0,O,F,O,0
197893.328125,198007.671875,198227.4375,198113.4375,198236.640625,198465.53125,198307.28125,198402.5,-0.51318359375,0.0,-0.8125,-0.6713866591453552,0.4272460639476776,0.4272460639476776,80.0,5959.0,1.0,O,F,O,0
198765.671875,198879.84375,199099.78125,198985.78125,199108.984375,199338.140625,199179.4375,199275.203125,-0.51416015625,0.0,-0.812255859375,-0.7324218153953552,0.3967284858226776,0.4882812201976776,80.0,5960.0,1.0,O,F,O,0
198873.140625,198987.578125,199207.703125,199093.796875,199216.453125,199445.78125,199287.171875,199382.84375,-0.511962890625,0.001708984375,-0.8115234375,-0.7629393935203552,0.4882812201976776,0.3662109076976776,80.0,5961.0,1.0,O,F,O,0
198042.1875,198156.359375,198376.5625,198262.9375,198385.421875,198614.578125,198456.234375,198551.453125,-0.5126953125,0.00341796875,-0.810302734375,-0.7629393935203552,0.4577636420726776,0.3662109076976776,80.0,5962.0,1.0,O,F,O,0
197857.109375,197971.46875,198191.234375,198077.5,198200.703125,198429.234375,198270.984375,198366.734375,-0.512451171875,-0.000244140625,-0.8134765625,-0.7629393935203552,0.3967284858226776,0.4272460639476776,80.0,5963.0,1.0,O,F,O,0
198691.453125,198806.078125,199025.578125,198911.765625,199035.40625,199263.75,199105.328125,199201.34375,-0.51318359375,0.001708984375,-0.810302734375,-0.7019042372703552,0.3356933295726776,0.3662109076976776,80.0,5964.0,1.0,O,F,O,0
199010.734375,199125.359375,199344.84375,199230.9375,199354.328125,199582.9375,199424.859375,199520.703125,-0.51416015625,0.0,-0.812255859375,-0.6713866591453552,0.3967284858226776,0.5187987685203552,80.0,5965.0,1.0,O,F,O,0
198244.609375,198358.59375,198578.71875,198464.8125,198588.109375,198816.453125,198658.46875,198754.21875,-0.515380859375,0.000244140625,-0.8115234375,-0.7324218153953552,0.4882812201976776,0.4882812201976776,80.0,5966.0,1.0,O,F,O,0
197859.796875,197973.703125,198193.734375,198079.734375,198202.859375,198431.46875,198273.484375,198368.875,-0.513427734375,0.001708984375,-0.809814453125,-0.7629393935203552,0.4577636420726776,0.4577636420726776,80.0,5967.0,1.0,O,F,O,0
198605.71875,198719.796875,198939.65625,198825.578125,198948.6875,199177.75,199019.3125,199115.078125,-0.51513671875,0.00048828125,-0.8125,-0.7629393935203552,0.3662109076976776,0.3662109076976776,80.0,5968.0,1.0,O,F,O,0
199113.46875,199227.984375,199447.3125,199333.40625,199456.96875,199685.84375,199527.234375,199622.8125,-0.513671875,0.00146484375,-0.810302734375,-0.7019042372703552,0.3662109076976776,0.4577636420726776,80.0,5969.0,1.0,O,F,O,0
198459.8125,198573.984375,198793.203125,198679.84375,198803.390625,199031.921875,198873.578125,198969.0625,-0.514404296875,0.00146484375,-0.8125,-0.7934569716453552,0.4577636420726776,0.4272460639476776,80.0,5970.0,1.0,O,F,O,0
197892.609375,198006.609375,198226.1875,198113.0,198236.203125,198464.546875,198306.46875,198401.6875,-0.513671875,0.000732421875,-0.812744140625,-0.6713866591453552,0.4577636420726776,0.3967284858226776,80.0,5971.0,1.0,O,F,O,0
198500.84375,198615.46875,198834.953125,198721.40625,198844.609375,199072.78125,198914.4375,199010.375,-0.513427734375,-0.00048828125,-0.813232421875,-0.7019042372703552,0.5187987685203552,0.3967284858226776,80.0,5972.0,1.0,O,F,O,0
199171.75,199286.109375,199505.6875,199392.234375,199515.4375,199743.953125,199585.359375,199681.46875,-0.514892578125,-0.000244140625,-0.81103515625,-0.7324218153953552,0.5187987685203552,0.4577636420726776,80.0,5973.0,1.0,O,F,O,0
198675.375,198789.453125,199009.21875,198895.578125,199019.234375,199247.75,199088.96875,199184.984375,-0.514404296875,0.002685546875,-0.813720703125,-0.6713866591453552,0.6103515028953552,0.3967284858226776,80.0,5974.0,1.0,O,F,O,0
197971.015625,198085.109375,198304.953125,198191.234375,198314.796875,198543.40625,198384.796875,198480.1875,-0.512451171875,0.001953125,-0.810791015625,-0.7019042372703552,0.4577636420726776,0.4577636420726776,80.0,5975.0,1.0,O,F,O,0
198404.203125,198518.453125,198738.125,198624.578125,198747.96875,198976.671875,198818.0625,198913.453125,-0.511962890625,0.00146484375,-0.810546875,-0.7629393935203552,0.3967284858226776,0.4272460639476776,80.0,5976.0,1.0,O,F,O,0
199189.8125,199304.609375,199524.203125,199410.734375,199533.671875,199762.734375,199604.21875,199699.96875,-0.513916015625,0.00146484375,-0.81005859375,-0.7019042372703552,0.4272460639476776,0.3662109076976776,80.0,5977.0,1.0,O,F,O,0
198884.765625,198999.203125,199218.78125,199105.6875,199228.4375,199457.046875,199299.078125,199394.828125,-0.51416015625,0.00244140625,-0.810546875,-0.5798339247703552,0.5187987685203552,0.3356933295726776,80.0,5978.0,1.0,O,F,O,0
198086.796875,198200.796875,198420.734375,198307.28125,198430.125,198658.65625,198500.75,198596.0625,-0.512451171875,0.0009765625,-0.80859375,-0.5798339247703552,0.4882812201976776,0.4272460639476776,80.0,5979.0,1.0,O,F,O,0
198317.65625,198432.0,198651.765625,198538.390625,198661.234375,198889.859375,198731.515625,198827.09375,-0.514892578125,0.00244140625,-0.8115234375,-0.6408690810203552,0.3967284858226776,0.4577636420726776,80.0,5980.0,1.0,O,F,O,0
199174.4375,199288.96875,199508.546875,199394.921875,199518.203125,199747.09375,199588.484375,199684.5,-0.5146484375,0.0009765625,-0.810302734375,-0.6408690810203552,0.4272460639476776,0.3662109076976776,80.0,5981.0,1.0,O,F,O,0
199077.703125,199191.875,199411.640625,199298.0,199421.296875,199650.265625,199491.65625,199587.5,-0.513671875,0.001220703125,-0.81103515625,-0.6408690810203552,0.3967284858226776,0.4272460639476776,80.0,5982.0,1.0,O,F,O,0
198235.125,198349.125,198569.0625,198455.421875,198578.8125,198807.15625,198648.90625,198744.5625,-0.51318359375,0.001708984375,-0.81103515625,-0.6713866591453552,0.3662109076976776,0.4577636420726776,80.0,5983.0,1.0,O,F,O,0
198247.203125,198361.546875,198581.671875,198467.859375,198591.0625,198819.671875,198661.234375,198756.734375,-0.513671875,0.001708984375,-0.815185546875,-0.7019042372703552,0.4577636420726776,0.4272460639476776,80.0,5984.0,1.0,O,F,O,0
199116.5,199230.578125,199450.53125,199337.15625,199460.1875,199689.0625,199530.28125,199626.03125,-0.51318359375,0.000732421875,-0.814453125,-0.7019042372703552,0.4882812201976776,0.4882812201976776,80.0,5985.0,1.0,O,F,O,0
199239.890625,199354.328125,199573.90625,199460.546875,199583.46875,199812.625,199653.921875,199749.765625,-0.512939453125,-0.00048828125,-0.811767578125,-0.6713866591453552,0.4577636420726776,0.3356933295726776,80.0,5986.0,1.0,O,F,O,0
198412.15625,198526.140625,198746.0,198632.265625,198755.390625,198984.09375,198826.015625,198921.421875,-0.51416015625,0.000244140625,-0.811279296875,-0.7324218153953552,0.4577636420726776,0.3356933295726776,80.0,5987.0,1.0,O,F,O,0
198211.796875,198326.046875,198545.640625,198432.0,198555.296875,198784.0,198625.921875,198720.96875,-0.5126953125,0.00146484375,-0.811279296875,-0.7934569716453552,0.5493163466453552,0.3967284858226776,80.0,5988.0,1.0,O,F,O,0
199040.5,199154.59375,199374.078125,199260.359375,199384.0,199612.984375,199454.546875,199550.03125,-0.51416015625,0.00146484375,-0.81396484375,-0.7324218153953552,0.4577636420726776,0.4577636420726776,80.0,5989.0,1.0,O,F,O,0
199375.25,199489.234375,199709.1875,199595.1875,199718.75,199947.546875,199789.109375,199885.21875,-0.512451171875,0.001220703125,-0.8115234375,-0.7324218153953552,0.3662109076976776,0.4577636420726776,80.0,5990.0,1.0,O,F,O,0
198616.1875,198730.171875,198950.03125,198836.125,198959.328125,199188.03125,199030.140625,199125.4375,-0.511962890625,0.000732421875,-0.811279296875,-0.7629393935203552,0.4577636420726776,0.4272460639476776,80.0,5991.0,1.0,O,F,O,0
198215.375,198329.625,198549.125,198434.953125,198558.515625,198787.21875,198629.234375,198724.71875,-0.51318359375,0.000732421875,-0.81298828125,-0.7019042372703552,0.3967284858226776,0.4882812201976776,80.0,5992.0,1.0,O,F,O,0
198949.9375,199064.640625,199283.78125,199169.96875,199293.34375,199522.234375,199363.796875,199459.640625,-0.51318359375,0.00146484375,-0.812255859375,-0.6103515028953552,0.4577636420726776,0.4272460639476776,80.0,5993.0,1.0,O,F,O,0
199473.6875,199588.484375,199807.796875,199693.890625,199817.28125,200046.328125,199887.90625,199983.75,-0.5146484375,-0.001220703125,-0.8125,-0.7629393935203552,0.4272460639476776,0.4577636420726776,80.0,5994.0,1.0,O,F,O,0
198831.5625,198946.453125,199165.765625,199051.59375,199174.96875,199404.125,199245.609375,199341.453125,-0.513916015625,-0.00048828125,-0.813720703125,-0.7324218153953552,0.4882812201976776,0.4272460639476776,80.0,5995.0,1.0,O,F,O,0
198253.546875,198368.25,198587.484375,198473.390625,198596.953125,198825.578125,198667.59375,198763.078125,-0.513916015625,0.00146484375,-0.811767578125,-0.7934569716453552,0.4882812201976776,0.4882812201976776,80.0,5996.0,1.0,O,F,O,0
198848.375,198962.546875,199182.3125,199068.046875,199191.6875,199420.21875,199262.328125,199357.8125,-0.51416015625,0.001953125,-0.80859375,-0.7324218153953552,0.5187987685203552,0.5187987685203552,80.0,5997.0,1.0,O,F,O,0
199529.203125,199643.828125,199863.5,199749.0625,199872.703125,200101.40625,199943.34375,200038.734375,-0.51220703125,0.000732421875,-0.80810546875,-0.7629393935203552,0.4882812201976776,0.4272460639476776,80.0,5998.0,1.0,O,F,O,0
199046.671875,199161.203125,199380.78125,199266.703125,199390.09375,199618.875,199460.984375,199556.65625,-0.513671875,0.001953125,-0.810546875,-0.6713866591453552,0.4882812201976776,0.4272460639476776,80.0,5999.0,1.0,O,F,O,0
198331.0625,198445.234375,198665.265625,198551.09375,198674.734375,198903.171875,198745.28125,198840.6875,-0.514404296875,0.002197265625,-0.811767578125,-0.6713866591453552,0.4882812201976776,0.4882812201976776,80.0,6000.0,1.0,O,F,O,0
198749.9375,198864.1875,199083.953125,198969.703125,199093.609375,199322.5,199163.984375,199259.1875,-0.512939453125,0.001953125,-0.809814453125,-0.7934569716453552,0.4272460639476776,0.4272460639476776,80.0,6001.0,1.0,O,M,O,0
199546.015625,199660.453125,199880.21875,199766.125,199889.515625,200118.9375,199960.328125,200055.8125,-0.51318359375,0.000732421875,-0.810302734375,-0.7629393935203552,0.4272460639476776,0.3967284858226776,80.0,6002.0,1.0,O,M,O,0
199255.265625,199369.4375,199589.546875,199475.5625,199598.765625,199827.90625,199669.578125,199764.96875,-0.514892578125,0.002685546875,-0.811767578125,-0.7324218153953552,0.3967284858226776,0.3356933295726776,80.0,6003.0,1.0,O,M,O,0
198448.453125,198562.53125,198782.390625,198668.75,198792.21875,199020.921875,198862.859375,198957.890625,-0.51513671875,0.001708984375,-0.811767578125,-0.7629393935203552,0.5187987685203552,0.3356933295726776,80.0,6004.0,1.0,O,M,O,0
198663.65625,198777.921875,198997.59375,198883.78125,199007.515625,199236.125,199078.0625,199172.921875,-0.514404296875,0.00244140625,-0.811767578125,-0.7934569716453552,0.4577636420726776,0.4577636420726776,80.0,6005.0,1.0,O,M,O,0
199523.21875,199637.828125,199857.328125,199743.6875,199866.984375,200096.046875,199937.796875,200033.28125,-0.515380859375,0.001953125,-0.809814453125,-0.7629393935203552,0.3967284858226776,0.4577636420726776,80.0,6006.0,1.0,O,M,O,0
199445.609375,199560.046875,199779.546875,199666.09375,199789.203125,200017.90625,199859.921875,199955.671875,-0.5146484375,-0.0009765625,-0.8095703125,-0.6408690810203552,0.3662109076976776,0.4577636420726776,80.0,6007.0,1.0,O,M,O,0
198603.21875,198717.484375,198937.328125,198823.609375,198947.171875,199175.515625,199017.625,199112.828125,-0.513671875,-0.000244140625,-0.811767578125,-0.6408690810203552,0.4577636420726776,0.3967284858226776,80.0,6008.0,1.0,O,M,O,0
198602.40625,198717.203125,198936.609375,198822.984375,198946.53125,199175.15625,199016.984375,199112.296875,-0.514892578125,0.00244140625,-0.81201171875,-0.7324218153953552,0.4577636420726776,0.3967284858226776,80.0,6009.0,1.0,O,M,O,0
199470.734375,199585.4375,199804.84375,199691.03125,199814.59375,200043.296875,199885.046875,199980.53125,-0.516357421875,0.0009765625,-0.814697265625,-0.6713866591453552,0.4882812201976776,0.3967284858226776,80.0,6010.0,1.0,O,M,O,0
199608.6875,199723.3125,199943.25,199828.71875,199952.453125,200181.25,200023.171875,200118.84375,-0.513427734375,0.0009765625,-0.81494140625,-0.6713866591453552,0.4882812201976776,0.4272460639476776,80.0,6011.0,1.0,O,M,O,0
198784.171875,198898.171875,199118.015625,199004.03125,199127.765625,199356.375,199198.578125,199293.796875,-0.513671875,0.001708984375,-0.81298828125,-0.6408690810203552,0.4577636420726776,0.3967284858226776,80.0,6012.0,1.0,O,M,O,0
198568.265625,198682.703125,198902.46875,198788.5625,198912.03125,199140.734375,198982.75,199078.234375,-0.513671875,0.001953125,-0.813232421875,-0.6103515028953552,0.4882812201976776,0.4272460639476776,80.0,6013.0,1.0,O,M,O,0
199392.140625,199506.3125,199726.078125,199612.359375,199735.734375,199964.609375,199806.359375,199902.03125,-0.514892578125,0.000732421875,-0.812744140625,-0.7629393935203552,0.4882812201976776,0.4882812201976776,80.0,6014.0,1.0,O,M,O,0
199738.234375,199852.40625,200072.078125,199958.359375,200081.65625,200310.625,200152.28125,200248.484375,-0.51123046875,-0.00048828125,-0.8095703125,-0.7934569716453552,0.4577636420726776,0.3967284858226776,80.0,6015.0,1.0,O,M,O,0
198985.078125,199099.328125,199318.65625,199204.921875,199328.390625,199557.09375,199399.109375,199494.875,-0.513916015625,0.0,-0.813232421875,-0.6713866591453552,0.4882812201976776,0.4882812201976776,80.0,6016.0,1.0,O,M,O,0
198568.34375,198682.4375,198901.828125,198788.375,198911.84375,199140.1875,198982.484375,199077.609375,-0.514404296875,0.001220703125,-0.813232421875,-0.7019042372703552,0.4882812201976776,0.5187987685203552,80.0,6017.0,1.0,O,M,O,0
199296.125,199410.46875,199630.0625,199516.234375,199639.359375,199868.328125,199710.34375,199805.921875,-0.514404296875,0.001708984375,-0.811767578125,-0.7019042372703552,0.4272460639476776,0.5187987685203552,80.0,6018.0,1.0,O,M,O,0
199835.6875,199950.484375,200169.71875,200055.90625,200179.375,200408.078125,200249.828125,200345.9375,-0.514404296875,0.001220703125,-0.80908203125,-0.7629393935203552,0.4272460639476776,0.4882812201976776,80.0,6019.0,1.0,O,M,O,0
199204.65625,199319.28125,199538.765625,199425.046875,199548.15625,199777.046875,199618.609375,199714.71875,-0.51513671875,-0.0009765625,-0.808349609375,-0.6408690810203552,0.4882812201976776,0.4577636420726776,80.0,6020.0,1.0,O,M,O,0
198613.5,198728.390625,198948.0625,198834.328125,198957.359375,199186.15625,199028.078125,199123.828125,-0.513427734375,0.000244140625,-0.81005859375,-0.7324218153953552,0.5493163466453552,0.4272460639476776,80.0,6021.0,1.0,O,M,O,0
199197.859375,199312.578125,199532.515625,199418.515625,199541.71875,199770.609375,199612.53125,199708.46875,-0.51123046875,-0.00048828125,-0.80859375,-0.7324218153953552,0.5493163466453552,0.3967284858226776,80.0,6022.0,1.0,O,M,O,0
199889.6875,200004.40625,200224.34375,200110.078125,200233.109375,200462.34375,200303.921875,200400.390625,-0.51318359375,0.0009765625,-0.80712890625,-0.7324218153953552,0.4577636420726776,0.4577636420726776,80.0,6023.0,1.0,O,M,O,0
199418.515625,199532.78125,199752.625,199638.546875,199761.9375,199990.984375,199832.296875,199928.5,-0.513671875,0.002685546875,-0.8056640625,-0.7019042372703552,0.5187987685203552,0.5187987685203552,80.0,6024.0,1.0,O,M,O,0
198691.8125,198805.71875,199025.671875,198911.9375,199034.96875,199264.296875,199105.6875,199201.34375,-0.514404296875,0.003173828125,-0.81005859375,-0.6713866591453552,0.5187987685203552,0.4272460639476776,80.0,6025.0,1.0,O,M,O,0
199096.46875,199210.46875,199430.671875,199316.59375,199439.703125,199668.953125,199510.25,199606.546875,-0.515380859375,0.001708984375,-0.8115234375,-0.7019042372703552,0.6713866591453552,0.4577636420726776,80.0,6026.0,1.0,O,M,O,0
199900.6875,200015.21875,200235.25,200121.078125,200244.015625,200473.609375,200314.734375,200411.46875,-0.51611328125,-0.001220703125,-0.81201171875,-0.6713866591453552,0.5798339247703552,0.5187987685203552,80.0,6027.0,1.0,O,M,O,0
199627.015625,199741.71875,199961.484375,199847.578125,199970.421875,200200.03125,200040.875,200137.34375,-0.515625,-0.000732421875,-0.81103515625,-0.7629393935203552,0.5187987685203552,0.4577636420726776,80.0,6028.0,1.0,O,M,O,0
198818.234375,198932.59375,199152.625,199038.625,199161.46875,199390.625,199231.921875,199327.953125,-0.515869140625,0.0,-0.809326171875,-0.6408690810203552,0.5187987685203552,0.4272460639476776,80.0,6029.0,1.0,O,M,O,0
199015.296875,199129.5625,199349.9375,199235.765625,199358.796875,199588.125,199429.25,199525.1875,-0.51611328125,0.0009765625,-0.81005859375,-0.6713866591453552,0.4882812201976776,0.4272460639476776,80.0,6030.0,1.0,O,M,O,0
199877.4375,199992.0625,200211.921875,200097.65625,200221.03125,200450.359375,200291.40625,200387.78125,-0.514892578125,0.00146484375,-0.811767578125,-0.6408690810203552,0.4882812201976776,0.4882812201976776,80.0,6031.0,1.0,O,M,O,0
199817.8125,199932.78125,200152.375,200038.375,200161.40625,200390.8125,200231.9375,200328.0625,-0.5146484375,-0.000244140625,-0.81298828125,-0.7019042372703552,0.4272460639476776,0.4882812201976776,80.0,6032.0,1.0,O,M,O,0
198974.34375,199089.328125,199308.90625,199194.828125,199318.03125,199547.0,199388.390625,199484.40625,-0.514892578125,0.0009765625,-0.812255859375,-0.6713866591453552,0.4882812201976776,0.4577636420726776,80.0,6033.0,1.0,O,M,O,0
198955.84375,199070.546875,199290.3125,199175.875,199299.421875,199528.3125,199369.703125,199465.546875,-0.513916015625,0.0009765625,-0.813720703125,-0.7324218153953552,0.3662109076976776,0.4577636420726776,80.0,6034.0,1.0,O,M,O,0
199823.984375,199938.6875,200158.8125,200044.640625,200167.65625,200396.71875,200238.203125,200334.5,-0.514404296875,0.001708984375,-0.813232421875,-0.7324218153953552,0.3356933295726776,0.4272460639476776,80.0,6035.0,1.0,O,M,O,0
199980.0,200094.609375,200314.640625,200200.65625,200323.3125,200552.640625,200394.21875,200490.6875,-0.5126953125,0.00048828125,-0.810791015625,-0.6713866591453552,0.4577636420726776,0.3967284858226776,80.0,6036.0,1.0,O,M,O,0
199158.96875,199273.40625,199493.0,199379.359375,199502.46875,199731.4375,199572.828125,199669.390625,-0.5126953125,0.00146484375,-0.813720703125,-0.7019042372703552,0.5187987685203552,0.3051757514476776,80.0,6037.0,1.0,O,M,O,0
198924.453125,199039.078125,199258.5625,199144.75,199267.875,199496.84375,199338.328125,199434.34375,-0.51318359375,0.003662109375,-0.81201171875,-0.6408690810203552,0.5187987685203552,0.4577636420726776,80.0,6038.0,1.0,O,M,O,0
199741.71875,199856.609375,200076.203125,199962.109375,200085.5,200314.5625,200155.859375,200251.796875,-0.513427734375,-0.000244140625,-0.813232421875,-0.6408690810203552,0.6103515028953552,0.3967284858226776,80.0,6039.0,1.0,O,M,O,0
200105.875,200220.5,200440.34375,200326.171875,200449.65625,200678.796875,200520.015625,200616.21875,-0.5146484375,0.0,-0.812744140625,-0.6713866591453552,0.4882812201976776,0.3356933295726776,80.0,6040.0,1.0,O,M,O,0
199361.828125,199476.09375,199696.03125,199582.21875,199705.609375,199934.671875,199776.0625,199872.078125,-0.5146484375,0.000244140625,-0.81591796875,-0.6713866591453552,0.4882812201976776,0.4272460639476776,80.0,6041.0,1.0,O,M,O,0
198929.375,199043.90625,199263.9375,199149.9375,199273.328125,199502.296875,199343.859375,199439.625,-0.515869140625,0.0009765625,-0.81298828125,-0.5798339247703552,0.4272460639476776,0.3662109076976776,80.0,6042.0,1.0,O,M,O,0
199645.796875,199760.59375,199980.0,199866.265625,199989.65625,200218.078125,200059.828125,200155.859375,-0.51220703125,0.00048828125,-0.811279296875,-0.4882812201976776,0.3662109076976776,0.4577636420726776,80.0,6043.0,1.0,O,M,O,0
200196.1875,200311.15625,200530.390625,200416.921875,200540.390625,200769.015625,200610.3125,200706.6875,-0.5126953125,0.0009765625,-0.809814453125,-0.7019042372703552,0.3967284858226776,0.5187987685203552,80.0,6044.0,1.0,O,M,O,0
199577.84375,199692.375,199911.6875,199798.40625,199921.4375,200150.3125,199992.15625,200088.0,-0.511962890625,0.001953125,-0.807861328125,-0.7934569716453552,0.4577636420726776,0.5493163466453552,80.0,6045.0,1.0,O,M,O,0
198975.6875,199089.859375,199309.703125,199196.078125,199319.1875,199548.15625,199389.640625,199485.21875,-0.511962890625,0.002685546875,-0.809814453125,-0.7934569716453552,0.4577636420726776,0.5187987685203552,80.0,6046.0,1.0,O,M,O,0
199546.015625,199660.1875,199880.125,199766.3125,199889.515625,200118.671875,199960.140625,200055.8125,-0.512939453125,0.002197265625,-0.811767578125,-0.7019042372703552,0.4882812201976776,0.5493163466453552,80.0,6047.0,1.0,O,M,O,0
200246.875,200361.3125,200581.078125,200467.265625,200590.28125,200819.796875,200661.28125,200757.390625,-0.512451171875,0.000732421875,-0.8134765625,-0.6713866591453552,0.4577636420726776,0.4272460639476776,80.0,6048.0,1.0,O,M,O,0
199793.3125,199908.203125,200127.515625,200013.796875,200137.171875,200366.234375,200207.625,200303.734375,-0.511962890625,-0.000732421875,-0.81201171875,-0.7019042372703552,0.3967284858226776,0.4272460639476776,80.0,6049.0,1.0,O,M,O,0
199058.828125,199173.28125,199392.859375,199279.046875,199402.6875,199631.3125,199473.0625,199568.625,-0.511962890625,0.000244140625,-0.81591796875,-0.6408690810203552,0.3967284858226776,0.4577636420726776,80.0,6050.0,1.0,O,M,O,0
199445.15625,199559.609375,199779.09375,199665.28125,199788.75,200017.546875,199859.109375,199955.234375,-0.513427734375,0.000244140625,-0.815673828125,-0.6713866591453552,0.4577636420726776,0.3967284858226776,80.0,6051.0,1.0,O,M,O,0
200253.84375,200368.46875,200588.3125,200473.96875,200597.53125,200826.40625,200667.984375,200764.546875,-0.51025390625,0.0,-0.8115234375,-0.6713866591453552,0.4577636420726776,0.3967284858226776,80.0,6052.0,1.0,O,M,O,0
199997.25,200111.6875,200331.453125,200217.640625,200341.015625,200569.90625,200411.390625,200507.859375,-0.510498046875,-0.000732421875,-0.8115234375,-0.6713866591453552,0.4272460639476776,0.4272460639476776,80.0,6053.0,1.0,O,M,O,0
199181.671875,199295.859375,199515.796875,199401.796875,199525.1875,199753.796875,199595.640625,199691.5625,-0.512451171875,0.001220703125,-0.810791015625,-0.6408690810203552,0.4882812201976776,0.3967284858226776,80.0,6054.0,1.0,O,M,O,0
199361.828125,199476.0,199695.859375,199581.859375,199705.15625,199933.6875,199775.703125,199871.640625,-0.512451171875,0.0,-0.81201171875,-0.6408690810203552,0.4882812201976776,0.3967284858226776,80.0,6055.0,1.0,O,M,O,0
200227.03125,200341.375,200561.234375,200447.328125,200570.796875,200799.3125,200640.796875,200737.09375,-0.51220703125,0.00048828125,-0.811279296875,-0.7324218153953552,0.4272460639476776,0.3662109076976776,80.0,6056.0,1.0,O,M,O,0
200185.453125,200299.453125,200519.5625,200405.578125,200528.78125,200757.484375,200599.140625,200695.421875,-0.514404296875,0.000732421875,-0.809814453125,-0.7629393935203552,0.4577636420726776,0.3662109076976776,80.0,6057.0,1.0,O,M,O,0
199342.078125,199456.6875,199676.546875,199562.734375,199685.75,199914.375,199756.203125,199852.328125,-0.513916015625,-0.000244140625,-0.809326171875,-0.7629393935203552,0.4577636420726776,0.4577636420726776,80.0,6058.0,1.0,O,M,O,0
199303.8125,199418.34375,199638.28125,199524.46875,199647.578125,199876.46875,199717.859375,199814.0625,-0.513916015625,0.002685546875,-0.81201171875,-0.8544921278953552,0.5798339247703552,0.4272460639476776,80.0,6059.0,1.0,O,M,O,0
200168.203125,200282.71875,200502.40625,200388.578125,200511.609375,200740.765625,200581.875,200678.265625,-0.515380859375,0.001953125,-0.810546875,-0.7629393935203552,0.4272460639476776,0.4882812201976776,80.0,6060.0,1.0,O,M,O,0
200342.453125,200456.890625,200676.46875,200562.921875,200685.953125,200915.015625,200756.578125,200852.875,-0.5146484375,0.001708984375,-0.809814453125,-0.6713866591453552,0.3662109076976776,0.4272460639476776,80.0,6061.0,1.0,O,M,O,0
199526.703125,199641.328125,199860.546875,199747.171875,199870.46875,200099.265625,199940.75,200036.859375,-0.513916015625,-0.0009765625,-0.8095703125,-0.7019042372703552,0.4272460639476776,0.4577636420726776,80.0,6062.0,1.0,O,M,O,0
199276.984375,199391.609375,199611.375,199497.640625,199620.75,199849.734375,199691.203125,199786.96875,-0.515869140625,-0.000244140625,-0.810791015625,-0.7324218153953552,0.3967284858226776,0.4577636420726776,80.0,6063.0,1.0,O,M,O,0
200087.375,200202.078125,200421.671875,200307.9375,200430.875,200659.9375,200501.765625,200597.34375,-0.51318359375,0.000244140625,-0.81005859375,-0.7629393935203552,0.4882812201976776,0.3967284858226776,80.0,6064.0,1.0,O,M,O,0
200467.359375,200582.234375,200802.0,200687.5625,200811.390625,201040.1875,200881.75,200977.6875,-0.513427734375,-0.00146484375,-0.8134765625,-0.8239745497703552,0.4577636420726776,0.3356933295726776,80.0,6065.0,1.0,O,M,O,0
199732.34375,199846.875,200066.984375,199952.546875,200076.109375,200305.171875,200146.828125,200242.5,-0.511962890625,0.00146484375,-0.81298828125,-0.7324218153953552,0.4882812201976776,0.3662109076976776,80.0,6066.0,1.0,O,M,O,0
199284.046875,199398.671875,199618.4375,199504.625,199627.734375,199856.96875,199698.90625,199794.203125,-0.514892578125,0.0009765625,-0.8134765625,-0.7629393935203552,0.4577636420726776,0.3356933295726776,80.0,6067.0,1.0,O,M,O,0
199991.265625,200106.140625,200326.0,200211.640625,200334.671875,200564.359375,200405.84375,200501.59375,-0.513427734375,0.00146484375,-0.81591796875,-0.7934569716453552,0.5798339247703552,0.3356933295726776,80.0,6068.0,1.0,O,M,O,0
200556.484375,200671.375,200890.875,200776.875,200899.8125,201129.328125,200971.15625,201066.828125,-0.5126953125,0.0009765625,-0.812744140625,-0.6103515028953552,0.6103515028953552,0.4577636420726776,80.0,6069.0,1.0,O,M,O,0
199948.25,200062.703125,200282.1875,200168.28125,200291.3125,200520.546875,200362.484375,200458.5,-0.513671875,-0.00048828125,-0.8154296875,-0.6103515028953552,0.6103515028953552,0.4577636420726776,80.0,6070.0,1.0,O,M,O,0
199333.578125,199448.015625,199667.703125,199553.515625,199676.8125,199905.875,199747.53125,199843.5625,-0.51220703125,0.00048828125,-0.814697265625,-0.5798339247703552,0.4882812201976776,0.4272460639476776,80.0,6071.0,1.0,O,M,O,0
199891.65625,200006.375,200225.953125,200111.421875,200234.796875,200464.21875,200305.875,200401.546875,-0.513671875,0.00048828125,-0.810791015625,-0.6408690810203552,0.4882812201976776,0.3967284858226776,80.0,6072.0,1.0,O,M,O,0
200602.171875,200716.796875,200936.46875,200822.296875,200945.40625,201175.015625,201016.40625,201112.609375,-0.513427734375,0.0009765625,-0.811279296875,-0.7324218153953552,0.5493163466453552,0.3356933295726776,80.0,6073.0,1.0,O,M,O,0
200162.5625,200277.0,200496.40625,200382.234375,200505.96875,200735.03125,200576.421875,200672.546875,-0.513427734375,0.001220703125,-0.8095703125,-0.7019042372703552,0.5187987685203552,0.4882812201976776,80.0,6074.0,1.0,O,M,O,0
199422.359375,199537.078125,199756.5625,199642.484375,199766.046875,199995.28125,199836.765625,199932.34375,-0.512451171875,0.000732421875,-0.809326171875,-0.6713866591453552,0.4882812201976776,0.5187987685203552,80.0,6075.0,1.0,O,M,O,0
199794.203125,199908.921875,200128.40625,200014.5,200137.625,200367.21875,200208.515625,200304.546875,-0.513671875,0.003662109375,-0.8125,-0.7324218153953552,0.4577636420726776,0.5187987685203552,80.0,6076.0,1.0,O,M,O,0
200611.125,200726.28125,200945.59375,200831.328125,200954.625,201184.125,201025.515625,201121.984375,-0.513916015625,0.003173828125,-0.813720703125,-0.7324218153953552,0.4577636420726776,0.4577636420726776,80.0,6077.0,1.0,O,M,O,0
200369.1875,200484.34375,200703.921875,200589.65625,200712.78125,200942.28125,200783.9375,200880.140625,-0.515380859375,0.00244140625,-0.8134765625,-0.6713866591453552,0.4882812201976776,0.3967284858226776,80.0,6078.0,1.0,O,M,O,0
199549.671875,199664.5625,199884.15625,199770.15625,199893.265625,200122.515625,199964.53125,200060.28125,-0.514892578125,0.00048828125,-0.8095703125,-0.7019042372703552,0.4272460639476776,0.3967284858226776,80.0,6079.0,1.0,O,M,O,0
199714.015625,199828.53125,200048.125,199934.3125,200057.59375,200286.65625,200128.671875,200224.171875,-0.513427734375,0.002197265625,-0.8095703125,-0.7629393935203552,0.4882812201976776,0.4882812201976776,80.0,6080.0,1.0,O,M,O,0
200581.53125,200695.96875,200915.375,200801.5625,200925.03125,201154.625,200995.75,201092.03125,-0.513916015625,0.0009765625,-0.81005859375,-0.6408690810203552,0.4882812201976776,0.4577636420726776,80.0,6081.0,1.0,O,M,O,0
200553.8125,200668.515625,200888.015625,200773.921875,200897.40625,201126.8125,200968.03125,201064.234375,-0.515869140625,0.0009765625,-0.810302734375,-0.7629393935203552,0.5187987685203552,0.4577636420726776,80.0,6082.0,1.0,O,M,O,0
199709.984375,199825.046875,200044.453125,199930.375,200053.671875,200282.71875,200124.828125,200220.234375,-0.512939453125,-0.00048828125,-0.810791015625,-0.7629393935203552,0.5798339247703552,0.3967284858226776,80.0,6083.0,1.0,O,M,O,0
199656.4375,199771.046875,199990.8125,199876.546875,199999.65625,200229.265625,200071.015625,200166.5,-0.513916015625,0.0,-0.81201171875,-0.6713866591453552,0.5187987685203552,0.3967284858226776,80.0,6084.0,1.0,O,M,O,0
200518.9375,200633.375,200853.328125,200739.0625,200862.4375,201091.859375,200933.34375,201029.1875,-0.515380859375,0.0,-0.8115234375,-0.6713866591453552,0.6408690810203552,0.4577636420726776,80.0,6085.0,1.0,O,M,O,0
200710.453125,200825.15625,201044.828125,200930.84375,201053.59375,201283.1875,201124.671875,201220.96875,-0.514404296875,0.000732421875,-0.81103515625,-0.7934569716453552,0.5493163466453552,0.4577636420726776,80.0,6086.0,1.0,O,M,O,0
199898.1875,200012.453125,200232.390625,200118.390625,200241.421875,200470.390625,200312.3125,200408.25,-0.513916015625,-0.0009765625,-0.81201171875,-0.8239745497703552,0.5493163466453552,0.3967284858226776,80.0,6087.0,1.0,O,M,O,0
199629.078125,199743.515625,199963.71875,199849.453125,199972.484375,200201.28125,200043.390625,200138.875,-0.513916015625,-0.000732421875,-0.8134765625,-0.7629393935203552,0.5493163466453552,0.4272460639476776,80.0,6088.0,1.0,O,M,O,0
200433.5625,200548.265625,200768.390625,200653.9375,200777.140625,201005.9375,200847.78125,200943.796875,-0.514404296875,0.0009765625,-0.811279296875,-0.6713866591453552,0.5187987685203552,0.3662109076976776,80.0,6089.0,1.0,O,M,O,0
200830.078125,200944.96875,201164.640625,201050.28125,201173.578125,201402.734375,201244.296875,201340.859375,-0.514404296875,-0.000244140625,-0.810546875,-0.6103515028953552,0.5187987685203552,0.4577636420726776,80.0,6090.0,1.0,O,M,O,0
200102.578125,200216.921875,200436.6875,200322.6875,200445.796875,200675.21875,200516.703125,200612.90625,-0.5126953125,-0.0009765625,-0.806884765625,-0.6713866591453552,0.4882812201976776,0.4272460639476776,80.0,6091.0,1.0,O,M,O,0
199640.6875,199755.140625,199974.71875,199860.90625,199984.109375,200213.4375,200054.734375,200150.765625,-0.513427734375,0.001220703125,-0.810791015625,-0.7019042372703552,0.4272460639476776,0.4882812201976776,80.0,6092.0,1.0,O,M,O,0
200335.65625,200450.359375,200669.859375,200555.859375,200679.25,200908.578125,200749.703125,200845.984375,-0.514892578125,0.000244140625,-0.81103515625,-0.7324218153953552,0.4577636420726776,0.4272460639476776,80.0,6093.0,1.0,O,M,O,0
200914.125,201029.0,201248.140625,201134.5,201257.359375,201486.953125,201328.078125,201424.453125,-0.5146484375,0.0,-0.81201171875,-0.7324218153953552,0.4882812201976776,0.4577636420726776,80.0,6094.0,1.0,O,M,O,0
200321.078125,200435.796875,200655.015625,200541.109375,200664.40625,200893.5625,200734.953125,200831.15625,-0.51513671875,0.0,-0.814208984375,-0.7019042372703552,0.4882812201976776,0.4272460639476776,80.0,6095.0,1.0,O,M,O,0
199695.046875,199810.03125,200029.53125,199915.265625,200039.09375,200267.53125,200109.28125,200205.125,-0.51416015625,0.001220703125,-0.8115234375,-0.7324218153953552,0.4577636420726776,0.4577636420726776,80.0,6096.0,1.0,O,M,O,0
200236.140625,200351.125,200570.703125,200456.53125,200580.1875,200809.25,200650.71875,200746.484375,-0.512939453125,0.00146484375,-0.81005859375,-0.7324218153953552,0.3967284858226776,0.4577636420726776,80.0,6097.0,1.0,O,M,O,0
200957.484375,201072.453125,201292.21875,201177.59375,201301.15625,201530.484375,201371.875,201468.265625,-0.513916015625,0.00048828125,-0.8134765625,-0.7019042372703552,0.4577636420726776,0.3967284858226776,80.0,6098.0,1.0,O,M,O,0
200535.5625,200650.546875,200870.125,200755.59375,200879.25,201108.40625,200950.0625,201046.171875,-0.513427734375,0.0009765625,-0.810546875,-0.6103515028953552,0.3662109076976776,0.4272460639476776,80.0,6099.0,1.0,O,M,O,0
199786.25,199900.875,200120.359375,200006.1875,200129.578125,200358.984375,200200.46875,200296.140625,-0.51123046875,0.002197265625,-0.80908203125,-0.6103515028953552,0.3967284858226776,0.4272460639476776,80.0,6100.0,1.0,O,M,O,0
200139.671875,200254.5625,200473.96875,200359.796875,200483.265625,200713.125,200553.8125,200650.09375,-0.5126953125,0.002197265625,-0.811767578125,-0.7934569716453552,0.4882812201976776,0.4272460639476776,80.0,6101.0,1.0,O,M,O,0
200961.953125,201076.84375,201296.515625,201182.25,201305.625,201535.3125,201376.078125,201473.0,-0.51318359375,0.002197265625,-0.811767578125,-0.8239745497703552,0.5187987685203552,0.4882812201976776,80.0,6102.0,1.0,O,M,O,0
200739.234375,200853.953125,201073.625,200959.453125,201082.921875,201311.984375,201153.453125,201249.84375,-0.512451171875,0.00146484375,-0.81201171875,-0.7324218153953552,0.5493163466453552,0.3967284858226776,80.0,6103.0,1.0,O,M,O,0
199916.609375,200031.5,200251.34375,200136.71875,200260.375,200488.984375,200331.0,200426.84375,-0.5146484375,0.001708984375,-0.810546875,-0.6713866591453552,0.4882812201976776,0.5187987685203552,80.0,6104.0,1.0,O,M,O,0
200062.703125,200177.3125,200396.90625,200282.90625,200406.015625,200635.4375,200476.921875,200573.03125,-0.513916015625,0.00048828125,-0.81005859375,-0.7019042372703552,0.4577636420726776,0.5493163466453552,80.0,6105.0,1.0,O,M,O,0
200931.015625,201045.546875,201265.390625,201150.953125,201274.25,201503.75,201345.15625,201441.34375,-0.51513671875,0.0,-0.81396484375,-0.7324218153953552,0.4272460639476776,0.4577636420726776,80.0,6106.0,1.0,O,M,O,0
200921.265625,201035.984375,201255.46875,201140.9375,201264.5,201494.015625,201335.5,201431.515625,-0.514892578125,0.000244140625,-0.814208984375,-0.6713866591453552,0.4272460639476776,0.3967284858226776,80.0,6107.0,1.0,O,M,O,0
200077.53125,200192.421875,200411.734375,200297.75,200421.21875,200650.546875,200492.125,200587.875,-0.513671875,0.001220703125,-0.8134765625,-0.7019042372703552,0.4577636420726776,0.4577636420726776,80.0,6108.0,1.0,O,M,O,0
200005.65625,200120.546875,200339.671875,200225.6875,200348.984375,200578.484375,200419.875,200515.8125,-0.512451171875,0.002197265625,-0.81103515625,-0.8239745497703552,0.4577636420726776,0.4577636420726776,80.0,6109.0,1.0,O,M,O,0
200865.65625,200980.640625,201199.78125,201085.515625,201208.625,201438.484375,201279.703125,201376.171875,-0.512939453125,0.003173828125,-0.812744140625,-0.7324218153953552,0.4882812201976776,0.3662109076976776,80.0,6110.0,1.0,O,M,O,0
201072.1875,201187.25,201406.65625,201292.40625,201415.421875,201645.46875,201486.765625,201582.96875,-0.513427734375,0.001953125,-0.814697265625,-0.6713866591453552,0.5493163466453552,0.4577636420726776,80.0,6111.0,1.0,O,M,O,0
200263.5,200378.21875,200597.796875,200483.4375,200607.0,200836.0625,200678.078125,200773.75,-0.51318359375,0.00244140625,-0.814208984375,-0.6713866591453552,0.5798339247703552,0.3662109076976776,80.0,6112.0,1.0,O,M,O,0
199979.015625,200093.359375,200312.859375,200198.765625,200321.96875,200551.125,200393.140625,200488.8125,-0.512451171875,0.003173828125,-0.812255859375,-0.6408690810203552,0.5187987685203552,0.3051757514476776,80.0,6113.0,1.0,O,M,O,0
200776.796875,200891.3125,201111.078125,200997.265625,201120.203125,201349.4375,201190.828125,201287.390625,-0.512939453125,0.001220703125,-0.81201171875,-0.6408690810203552,0.4577636420726776,0.3662109076976776,80.0,6114.0,1.0,O,M,O,0
201189.484375,201304.375,201524.140625,201409.609375,201532.8125,201762.40625,201603.71875,201700.71875,-0.51416015625,0.00244140625,-0.812255859375,-0.6713866591453552,0.4272460639476776,0.3967284858226776,80.0,6115.0,1.0,O,M,O,0
200471.734375,200586.625,200806.203125,200691.5,200814.703125,201044.296875,200885.78125,200982.515625,-0.513671875,-0.001220703125,-0.810546875,-0.6408690810203552,0.5187987685203552,0.4577636420726776,80.0,6116.0,1.0,O,M,O,0
199995.734375,200110.625,200330.015625,200215.84375,200338.875,200568.296875,200409.6875,200506.15625,-0.513427734375,0.0,-0.809326171875,-0.7324218153953552,0.3967284858226776,0.3967284858226776,80.0,6117.0,1.0,O,M,O,0
200679.6875,200794.84375,201014.34375,200899.546875,201023.109375,201252.53125,201093.734375,201190.125,-0.512451171875,0.00048828125,-0.809326171875,-0.7324218153953552,0.4272460639476776,0.4577636420726776,80.0,6118.0,1.0,O,M,O,0
201269.25,201384.484375,201603.71875,201489.1875,201612.65625,201842.34375,201683.734375,201780.375,-0.513671875,0.00146484375,-0.8095703125,-0.8239745497703552,0.4272460639476776,0.3662109076976776,80.0,6119.0,1.0,O,M,O,0
200687.296875,200802.359375,201022.03125,200907.5,201030.796875,201260.125,201101.515625,201198.25,-0.516357421875,0.000244140625,-0.8095703125,-0.7324218153953552,0.4577636420726776,0.3356933295726776,80.0,6120.0,1.0,O,M,O,0
200050.71875,200165.6875,200385.09375,200270.828125,200394.03125,200623.71875,200464.578125,200560.953125,-0.51416015625,0.0009765625,-0.81103515625,-0.7019042372703552,0.5493163466453552,0.4577636420726776,80.0,6121.0,1.0,O,M,O,0
200579.015625,200693.640625,200913.140625,200799.046875,200922.25,201151.765625,200992.796875,201089.359375,-0.513671875,0.0009765625,-0.809814453125,-0.6408690810203552,0.5798339247703552,0.3967284858226776,80.0,6122.0,1.0,O,M,O,0
201309.828125,201424.1875,201643.953125,201529.953125,201652.625,201882.21875,201723.78125,201820.4375,-0.514892578125,0.00048828125,-0.8134765625,-0.7019042372703552,0.5798339247703552,0.4577636420726776,80.0,6123.0,1.0,O,M,O,0
200900.890625,201015.0625,201234.90625,201120.828125,201243.5,201473.1875,201314.75,201410.859375,-0.51513671875,0.00390625,-0.8154296875,-0.7324218153953552,0.5493163466453552,0.4577636420726776,80.0,6124.0,1.0,O,M,O,0
200144.0625,200258.40625,200478.34375,200364.09375,200487.375,200716.53125,200558.1875,200654.03125,-0.512451171875,0.001708984375,-0.8134765625,-0.7324218153953552,0.5187987685203552,0.5493163466453552,80.0,6125.0,1.0,O,M,O,0
200483.71875,200598.59375,200818.453125,200704.28125,200827.125,201056.8125,200897.84375,200994.3125,-0.512939453125,0.001953125,-0.810546875,-0.6713866591453552,0.4882812201976776,0.4577636420726776,80.0,6126.0,1.0,O,M,O,0
201310.640625,201425.171875,201644.9375,201530.84375,201653.6875,201883.734375,201724.765625,201821.421875,-0.512939453125,0.00048828125,-0.80859375,-0.6103515028953552,0.4272460639476776,0.4577636420726776,80.0,6127.0,1.0,O,M,O,0
201100.0,201214.96875,201434.46875,201320.46875,201443.671875,201673.1875,201514.484375,201610.78125,-0.51513671875,0.003173828125,-0.80859375,-0.7324218153953552,0.5493163466453552,0.4577636420726776,80.0,6128.0,1.0,O,M,O,0
200273.78125,200388.859375,200608.25,200494.265625,200617.734375,200846.796875,200688.28125,200784.484375,-0.515869140625,0.000244140625,-0.814208984375,-0.7324218153953552,0.4272460639476776,0.4882812201976776,80.0,6129.0,1.0,O,M,O,0
200403.34375,200518.21875,200737.8125,200624.0,200746.75,200976.25,200817.640625,200913.84375,-0.515625,-0.000244140625,-0.812744140625,-0.7934569716453552,0.3967284858226776,0.3662109076976776,80.0,6130.0,1.0,O,M,O,0
201272.90625,201387.53125,201607.015625,201493.203125,201616.140625,201846.0,201687.125,201783.328125,-0.5146484375,0.001220703125,-0.814208984375,-0.6408690810203552,0.4577636420726776,0.3967284858226776,80.0,6131.0,1.0,O,M,O,0
201282.203125,201396.921875,201616.40625,201502.59375,201625.4375,201855.21875,201696.421875,201792.546875,-0.513427734375,0.001953125,-0.8115234375,-0.6408690810203552,0.3967284858226776,0.4272460639476776,80.0,6132.0,1.0,O,M,O,0
200440.703125,200555.6875,200774.828125,200661.09375,200784.203125,201013.453125,200854.9375,200950.78125,-0.512939453125,0.000244140625,-0.81201171875,-0.6103515028953552,0.4577636420726776,0.3967284858226776,80.0,6133.0,1.0,O,M,O,0
200352.28125,200467.359375,200686.40625,200572.3125,200696.0625,200925.109375,200766.78125,200862.625,-0.51220703125,0.0009765625,-0.81396484375,-0.5493163466453552,0.4577636420726776,0.4272460639476776,80.0,6134.0,1.0,O,M,O,0
201209.78125,201324.5,201544.078125,201430.0,201553.109375,201782.796875,201624.1875,201720.390625,-0.512451171875,0.00244140625,-0.814697265625,-0.6103515028953552,0.4577636420726776,0.4577636420726776,80.0,6135.0,1.0,O,M,O,0
201433.484375,201548.375,201768.21875,201653.78125,201777.078125,202006.40625,201848.15625,201943.90625,-0.51318359375,0.002197265625,-0.8115234375,-0.6103515028953552,0.4272460639476776,0.4272460639476776,80.0,6136.0,1.0,O,M,O,0
200630.515625,200745.765625,200965.078125,200851.4375,200974.296875,201203.53125,201045.375,201141.21875,-0.515625,0.001953125,-0.81298828125,-0.6103515028953552,0.5187987685203552,0.4272460639476776,80.0,6137.0,1.0,O,M,O,0
200331.546875,200446.34375,200665.484375,200551.84375,200674.953125,200904.1875,200745.765625,200841.875,-0.5166015625,0.0009765625,-0.8115234375,-0.6713866591453552,0.4882812201976776,0.4577636420726776,80.0,6138.0,1.0,O,M,O,0
201124.046875,201238.9375,201458.15625,201344.171875,201467.09375,201696.609375,201538.0,201634.5625,-0.5146484375,0.00048828125,-0.810302734375,-0.7019042372703552,0.3967284858226776,0.4272460639476776,80.0,6139.0,1.0,O,M,O,0
201550.15625,201665.578125,201884.453125,201770.375,201893.65625,202123.171875,201964.375,202061.03125,-0.51513671875,0.00146484375,-0.81103515625,-0.7019042372703552,0.5187987685203552,0.3356933295726776,80.0,6140.0,1.0,O,M,O,0
200842.859375,200957.75,201176.890625,201062.984375,201186.359375,201415.875,201257.0,201353.203125,-0.514404296875,0.001953125,-0.810546875,-0.7934569716453552,0.4577636420726776,0.3967284858226776,80.0,6141.0,1.0,O,M,O,0
200349.328125,200463.953125,200683.359375,200569.453125,200692.84375,200921.984375,200763.46875,200859.484375,-0.512939453125,0.001953125,-0.80859375,-0.7934569716453552,0.3967284858226776,0.3662109076976776,80.0,6142.0,1.0,O,M,O,0
201022.84375,201137.8125,201357.125,201243.3125,201366.609375,201595.84375,201437.234375,201533.703125,-0.513916015625,0.001708984375,-0.811767578125,-0.7324218153953552,0.4272460639476776,0.3662109076976776,80.0,6143.0,1.0,O,M,O,0
201627.3125,201742.390625,201961.609375,201847.796875,201970.734375,202200.5,202041.71875,202138.546875,-0.512939453125,0.001953125,-0.81103515625,-0.7324218153953552,0.4577636420726776,0.4272460639476776,80.0,6144.0,1.0,O,M,O,0
201056.453125,201171.34375,201390.484375,201276.484375,201400.046875,201629.203125,201470.40625,201567.0625,-0.513427734375,0.0,-0.813232421875,-0.7019042372703552,0.4577636420726776,0.3967284858226776,80.0,6145.0,1.0,O,M,O,0
200409.5,200524.296875,200743.796875,200630.078125,200753.0,200982.328125,200823.640625,200919.9375,-0.514892578125,0.00048828125,-0.814453125,-0.6713866591453552,0.4882812201976776,0.4272460639476776,80.0,6146.0,1.0,O,M,O,0
200924.046875,201039.109375,201258.6875,201144.78125,201267.90625,201497.5,201338.53125,201434.828125,-0.51513671875,0.000244140625,-0.8115234375,-0.7019042372703552,0.5187987685203552,0.4577636420726776,80.0,6147.0,1.0,O,M,O,0
201665.21875,201780.203125,201999.703125,201885.703125,202008.90625,202238.5,202079.53125,202176.09375,-0.514404296875,0.0009765625,-0.809814453125,-0.6713866591453552,0.5493163466453552,0.4272460639476776,80.0,6148.0,1.0,O,M,O,0
201271.65625,201386.8125,201606.03125,201491.953125,201615.0625,201844.671875,201686.140625,201782.53125,-0.513427734375,0.000732421875,-0.8115234375,-0.6713866591453552,0.4272460639476776,0.3967284858226776,80.0,6149.0,1.0,O,M,O,0
200506.59375,200621.484375,200841.078125,200726.8125,200850.1875,201079.34375,200921.09375,201017.203125,-0.5146484375,0.0,-0.814208984375,-0.7019042372703552,0.4577636420726776,0.4577636420726776,80.0,6150.0,1.0,O,M,O,0
200829.1875,200944.34375,201163.65625,201049.390625,201172.765625,201402.015625,201243.578125,201339.875,-0.51416015625,0.002685546875,-0.811767578125,-0.6408690810203552,0.5493163466453552,0.3967284858226776,80.0,6151.0,1.0,O,M,O,0
201661.296875,201776.53125,201995.671875,201881.328125,202004.703125,202234.03125,202075.34375,202172.4375,-0.5146484375,0.00244140625,-0.81005859375,-0.6713866591453552,0.5187987685203552,0.4272460639476776,80.0,6152.0,1.0,O,M,O,0
201471.390625,201586.28125,201805.78125,201691.953125,201814.890625,202044.3125,201885.796875,201982.625,-0.51513671875,0.002197265625,-0.8134765625,-0.8239745497703552,0.5187987685203552,0.3662109076976776,80.0,6153.0,1.0,O,M,O,0
200640.09375,200754.890625,200974.46875,200860.390625,200983.671875,201212.640625,201054.3125,201150.6875,-0.515625,0.000244140625,-0.81298828125,-0.7324218153953552,0.4882812201976776,0.4272460639476776,80.0,6154.0,1.0,O,M,O,0
200751.125,200866.203125,201085.59375,200971.515625,201094.984375,201323.6875,201165.359375,201261.828125,-0.51416015625,-0.00048828125,-0.810546875,-0.7629393935203552,0.4577636420726776,0.4272460639476776,80.0,6155.0,1.0,O,M,O,0
201622.84375,201738.09375,201957.40625,201842.875,201966.265625,202195.765625,202036.984375,202133.71875,-0.513671875,0.00146484375,-0.809814453125,-0.7019042372703552,0.3967284858226776,0.4577636420726776,80.0,6156.0,1.0,O,M,O,0
201649.3125,201764.203125,201983.875,201869.515625,201992.546875,202222.59375,202063.359375,202160.265625,-0.51171875,0.00244140625,-0.811279296875,-0.7019042372703552,0.3967284858226776,0.4577636420726776,80.0,6157.0,1.0,O,M,O,0
200807.453125,200922.34375,201141.921875,201027.84375,201151.046875,201380.46875,201221.859375,201318.328125,-0.513916015625,0.0009765625,-0.810302734375,-0.7629393935203552,0.4882812201976776,0.4272460639476776,80.0,6158.0,1.0,O,M,O,0
200702.671875,200817.375,201036.78125,200922.96875,201046.0,201275.765625,201116.984375,201213.359375,-0.51220703125,0.00048828125,-0.813720703125,-0.6408690810203552,0.3662109076976776,0.4272460639476776,80.0,6159.0,1.0,O,M,O,0
201555.875,201670.6875,201889.8125,201775.828125,201899.203125,202129.15625,201970.1875,202067.203125,-0.51318359375,0.001708984375,-0.811767578125,-0.6408690810203552,0.3662109076976776,0.3967284858226776,80.0,6160.0,1.0,O,M,O,0
201796.390625,201911.1875,202130.953125,202016.421875,202139.625,202369.484375,202210.703125,202307.703125,-0.51513671875,0.000244140625,-0.812744140625,-0.6713866591453552,0.3967284858226776,0.4272460639476776,80.0,6161.0,1.0,O,M,O,0
200999.140625,201113.671875,201333.96875,201219.265625,201342.5625,201571.890625,201413.71875,201509.84375,-0.5146484375,0.0029296875,-0.811767578125,-0.6103515028953552,0.3967284858226776,0.3967284858226776,80.0,6162.0,1.0,O,M,O,0
200683.890625,200798.6875,201018.640625,200904.640625,201027.390625,201256.71875,201098.296875,201194.765625,-0.514404296875,0.0,-0.8115234375,-0.6713866591453552,0.3967284858226776,0.5187987685203552,80.0,6163.0,1.0,O,M,O,0
201470.3125,201585.296875,201804.875,201690.96875,201813.734375,202043.59375,201884.546875,201981.375,-0.516845703125,0.001220703125,-0.8115234375,-0.6713866591453552,0.4272460639476776,0.4882812201976776,80.0,6164.0,1.0,O,M,O,0
201911.984375,202026.78125,202246.1875,202132.28125,202255.484375,202485.171875,202326.5625,202422.6875,-0.514404296875,0.0009765625,-0.812255859375,-0.7019042372703552,0.4882812201976776,0.3662109076976776,80.0,6165.0,1.0,O,M,O,0
201210.140625,201324.671875,201544.265625,201430.171875,201553.640625,201783.25,201624.8125,201721.015625,-0.514404296875,-0.00048828125,-0.813232421875,-0.6408690810203552,0.5493163466453552,0.3356933295726776,80.0,6166.0,1.0,O,M,O,0
200705.984375,200820.234375,201040.0,200926.015625,201049.296875,201278.8125,201120.015625,201216.578125,-0.514404296875,0.00048828125,-0.815185546875,-0.6103515028953552,0.4882812201976776,0.3967284858226776,80.0,6167.0,1.0,O,M,O,0
201368.125,201482.84375,201702.0625,201588.15625,201711.546875,201941.046875,201782.265625,201878.734375,-0.515625,-0.000732421875,-0.81591796875,-0.7019042372703552,0.3967284858226776,0.4272460639476776,80.0,6168.0,1.0,O,M,O,0
201984.953125,202099.390625,202319.0625,202204.53125,202328.0,202558.046875,202398.984375,202495.734375,-0.51220703125,0.00048828125,-0.812744140625,-0.7934569716453552,0.5187987685203552,0.3967284858226776,80.0,6169.0,1.0,O,M,O,0
201427.3125,201541.75,201761.515625,201647.4375,201770.453125,202000.6875,201841.53125,201938.0,-0.511962890625,0.000732421875,-0.8115234375,-0.7324218153953552,0.4272460639476776,0.4577636420726776,80.0,6170.0,1.0,O,M,O,0
200767.046875,200881.65625,201101.421875,200987.25,201110.453125,201339.875,201181.171875,201277.5625,-0.51220703125,0.00048828125,-0.81201171875,-0.7019042372703552,0.4882812201976776,0.4882812201976776,80.0,6171.0,1.0,O,M,O,0
201268.4375,201382.875,201603.0,201488.640625,201611.9375,201841.265625,201682.84375,201779.578125,-0.512451171875,0.0009765625,-0.8125,-0.7324218153953552,0.5493163466453552,0.4882812201976776,80.0,6172.0,1.0,O,M,O,0
202019.8125,202134.796875,202354.640625,202240.03125,202363.5,202592.828125,202434.484375,202531.21875,-0.5126953125,0.0,-0.81103515625,-0.7324218153953552,0.6103515028953552,0.4272460639476776,80.0,6173.0,1.0,O,M,O,0
201641.171875,201756.328125,201975.828125,201861.5625,201985.03125,202214.1875,202056.03125,202152.578125,-0.513427734375,-0.002197265625,-0.810302734375,-0.7324218153953552,0.4882812201976776,0.4272460639476776,80.0,6174.0,1.0,O,M,O,0
200868.25,200983.140625,201202.546875,201088.90625,201212.015625,201441.171875,201282.921875,201379.21875,-0.51318359375,0.000732421875,-0.812255859375,-0.7324218153953552,0.5798339247703552,0.4272460639476776,80.0,6175.0,1.0,O,M,O,0
201174.828125,201289.8125,201509.125,201395.578125,201518.328125,201747.921875,201588.96875,201685.703125,-0.511962890625,-0.00048828125,-0.81396484375,-0.6408690810203552,0.5493163466453552,0.3967284858226776,80.0,6176.0,1.0,O,M,O,0
202012.390625,202127.734375,202347.21875,202233.140625,202356.078125,202586.03125,202426.703125,202523.71875,-0.512939453125,-0.00048828125,-0.81005859375,-0.6713866591453552,0.4272460639476776,0.4272460639476776,80.0,6177.0,1.0,O,M,O,0
201837.25,201952.40625,202172.078125,202057.90625,202180.390625,202410.703125,202252.0,202348.296875,-0.513671875,-0.000732421875,-0.809326171875,-0.6408690810203552,0.3356933295726776,0.3662109076976776,80.0,6178.0,1.0,O,M,O,0
201003.078125,201117.78125,201337.546875,201223.640625,201345.953125,201575.734375,201417.65625,201513.6875,-0.513671875,-0.000732421875,-0.810302734375,-0.7629393935203552,0.4272460639476776,0.4882812201976776,80.0,6179.0,1.0,O,M,O,0
201098.828125,201213.453125,201433.3125,201319.3125,201442.0625,201671.75,201512.96875,201609.53125,-0.51318359375,0.000732421875,-0.812255859375,-0.7934569716453552,0.5187987685203552,0.5493163466453552,80.0,6180.0,1.0,O,M,O,0
201970.109375,202085.34375,202304.75,202190.40625,202313.6875,202543.5625,202384.234375,202481.25,-0.513427734375,0.00048828125,-0.814208984375,-0.6713866591453552,0.4272460639476776,0.4272460639476776,80.0,6181.0,1.0,O,M,O,0
202014.984375,202130.046875,202350.0,202235.375,202358.75,202588.4375,202429.03125,202526.125,-0.514404296875,0.000244140625,-0.811767578125,-0.7324218153953552,0.4272460639476776,0.3662109076976776,80.0,6182.0,1.0,O,M,O,0
201174.375,201289.1875,201508.9375,201394.859375,201517.796875,201747.125,201588.421875,201684.984375,-0.513427734375,0.001708984375,-0.81591796875,-0.6103515028953552,0.5493163466453552,0.4272460639476776,80.0,6183.0,1.0,O,M,O,0
201050.203125,201165.171875,201384.84375,201270.859375,201393.96875,201622.84375,201464.421875,201560.890625,-0.512939453125,0.00146484375,-0.810791015625,-0.6408690810203552,0.4577636420726776,0.4577636420726776,80.0,6184.0,1.0,O,M,O,0
201899.828125,202014.890625,202235.015625,202120.484375,202243.59375,202473.015625,202314.140625,202411.328125,-0.513671875,0.001708984375,-0.812255859375,-0.7019042372703552,0.4882812201976776,0.3662109076976776,80.0,6185.0,1.0,O,M,O,0
202158.03125,202273.1875,202493.046875,202378.609375,202501.359375,202731.40625,202572.34375,202669.53125,-0.513427734375,-0.000244140625,-0.81005859375,-0.6408690810203552,0.5187987685203552,0.4577636420726776,80.0,6186.0,1.0,O,M,O,0
201365.4375,201480.6875,201700.625,201585.828125,201708.953125,201938.71875,201780.109375,201876.3125,-0.51416015625,-0.000244140625,-0.810791015625,-0.7019042372703552,0.5187987685203552,0.4577636420726776,80.0,6187.0,1.0,O,M,O,0
201032.3125,201147.46875,201367.59375,201253.15625,201376.359375,201605.59375,201446.890625,201543.1875,-0.5126953125,0.001708984375,-0.811767578125,-0.6713866591453552,0.5798339247703552,0.4577636420726776,80.0,6188.0,1.0,O,M,O,0
201809.078125,201924.328125,202144.265625,202029.65625,202152.859375,202382.359375,202223.65625,202320.484375,-0.51220703125,-0.0009765625,-0.810791015625,-0.6713866591453552,0.5187987685203552,0.3967284858226776,80.0,6189.0,1.0,O,M,O,0
202266.84375,202381.828125,202601.671875,202487.234375,202609.984375,202839.765625,202681.0625,202777.984375,-0.513916015625,0.000244140625,-0.8115234375,-0.6408690810203552,0.5187987685203552,0.5187987685203552,80.0,6190.0,1.0,O,M,O,0
201574.921875,201689.90625,201909.84375,201795.140625,201918.421875,202148.203125,201989.140625,202085.703125,-0.513916015625,0.00146484375,-0.813232421875,-0.6103515028953552,0.4882812201976776,0.4272460639476776,80.0,6191.0,1.0,O,M,O,0
201056.90625,201171.609375,201391.640625,201277.203125,201400.5,201630.0,201471.390625,201567.859375,-0.513916015625,0.001708984375,-0.813232421875,-0.7019042372703552,0.5493163466453552,0.4272460639476776,80.0,6192.0,1.0,O,M,O,0
201709.390625,201824.015625,202043.953125,201929.6875,202052.53125,202282.3125,202123.703125,202220.53125,-0.513427734375,0.002197265625,-0.81396484375,-0.8239745497703552,0.5187987685203552,0.4882812201976776,80.0,6193.0,1.0,O,M,O,0
202336.5,202451.203125,202671.0625,202556.96875,202679.453125,202909.5,202750.71875,202847.640625,-0.51220703125,0.003173828125,-0.811767578125,-0.8239745497703552,0.3662109076976776,0.5493163466453552,80.0,6194.0,1.0,O,M,O,0
201793.25,201908.328125,202128.0,202014.0,202136.484375,202366.453125,202207.75,202304.390625,-0.51220703125,0.00146484375,-0.809814453125,-0.7019042372703552,0.3967284858226776,0.4882812201976776,80.0,6195.0,1.0,O,M,O,0
201123.515625,201238.3125,201457.625,201343.984375,201466.65625,201696.25,201537.734375,201633.84375,-0.51171875,0.001708984375,-0.810546875,-0.7629393935203552,0.4272460639476776,0.4577636420726776,80.0,6196.0,1.0,O,M,O,0
201608.8125,201723.515625,201943.109375,201829.28125,201952.40625,202181.8125,202023.21875,202119.5,-0.511962890625,0.000732421875,-0.808837890625,-0.7324218153953552,0.4577636420726776,0.4882812201976776,80.0,6197.0,1.0,O,M,O,0
202366.796875,202481.515625,202701.359375,202587.1875,202710.125,202940.171875,202781.109375,202877.859375,-0.514404296875,-0.001220703125,-0.81201171875,-0.6713866591453552,0.5493163466453552,0.4882812201976776,80.0,6198.0,1.0,O,M,O,0
202001.9375,202116.640625,202336.578125,202222.140625,202345.34375,202575.125,202416.0625,202512.984375,-0.514892578125,0.0009765625,-0.81396484375,-0.7019042372703552,0.5187987685203552,0.4882812201976776,80.0,6199.0,1.0,O,M,O,0
201223.109375,201337.734375,201557.671875,201443.234375,201566.515625,201796.125,201637.328125,201733.984375,-0.51416015625,0.00146484375,-0.81201171875,-0.7324218153953552,0.4577636420726776,0.4577636420726776,80.0,6200.0,1.0,O,M,O,0
201516.1875,201631.15625,201850.65625,201736.21875,201859.6875,202089.640625,201930.859375,202027.234375,-0.51171875,0.001220703125,-0.814208984375,-0.6408690810203552,0.5493163466453552,0.3967284858226776,80.0,6201.0,1.0,O,M,O,0
202359.109375,202474.359375,202693.765625,202579.5,202702.53125,202932.84375,202773.875,202870.515625,-0.51318359375,0.00048828125,-0.81103515625,-0.7629393935203552,0.5187987685203552,0.3662109076976776,80.0,6202.0,1.0,O,M,O,0
202201.578125,202315.9375,202535.96875,202421.515625,202544.71875,202774.671875,202616.25,202712.71875,-0.51318359375,-0.000732421875,-0.81103515625,-0.7629393935203552,0.5187987685203552,0.3967284858226776,80.0,6203.0,1.0,O,M,O,0
201365.09375,201479.4375,201698.9375,201584.671875,201708.046875,201937.921875,201779.40625,201875.59375,-0.5146484375,0.00048828125,-0.812744140625,-0.7324218153953552,0.5493163466453552,0.3967284858226776,80.0,6204.0,1.0,O,M,O,0
201443.234375,201557.578125,201777.15625,201663.171875,201786.28125,202016.234375,201857.265625,201953.5625,-0.515869140625,0.0,-0.81494140625,-0.6713866591453552,0.5187987685203552,0.3356933295726776,80.0,6205.0,1.0,O,M,O,0
202314.234375,202428.9375,202648.703125,202534.265625,202657.546875,202887.6875,202728.359375,202825.375,-0.514892578125,0.000732421875,-0.812744140625,-0.7324218153953552,0.5493163466453552,0.3967284858226776,80.0,6206.0,1.0,O,M,O,0
202373.78125,202488.75,202708.34375,202593.8125,202717.09375,202947.234375,202787.828125,202884.921875,-0.513427734375,0.000244140625,-0.80810546875,-0.7019042372703552,0.5187987685203552,0.4577636420726776,80.0,6207.0,1.0,O,M,O,0
201535.046875,201649.9375,201869.4375,201755.078125,201878.375,202108.421875,201949.265625,202046.015625,-0.512451171875,0.00146484375,-0.808837890625,-0.6103515028953552,0.4882812201976776,0.4272460639476776,80.0,6208.0,1.0,O,M,O,0
201396.296875,201511.171875,201730.671875,201616.40625,201739.609375,201969.5625,201810.6875,201906.890625,-0.51416015625,0.0,-0.81201171875,-0.6713866591453552,0.5493163466453552,0.4882812201976776,80.0,6209.0,1.0,O,M,O,0
202241.984375,202356.796875,202576.1875,202461.65625,202584.953125,202815.0,202655.9375,202752.765625,-0.515869140625,0.002197265625,-0.80908203125,-0.7324218153953552,0.4577636420726776,0.4577636420726776,80.0,6210.0,1.0,O,M,O,0
202516.375,202631.53125,202850.859375,202736.046875,202859.609375,203089.5625,202930.25,203027.515625,-0.513916015625,0.0,-0.813720703125,-0.7629393935203552,0.5493163466453552,0.4272460639476776,80.0,6211.0,1.0,O,M,O,0
201730.84375,201846.0,202065.046875,201950.609375,202074.0,202303.5,202144.8125,202241.640625,-0.51416015625,0.001220703125,-0.812255859375,-0.6713866591453552,0.5187987685203552,0.3662109076976776,80.0,6212.0,1.0,O,M,O,0
201383.140625,201497.953125,201717.34375,201602.546875,201726.203125,201955.703125,201797.1875,201894.015625,-0.513916015625,0.001220703125,-0.815673828125,-0.6713866591453552,0.5187987685203552,0.4272460639476776,80.0,6213.0,1.0,O,M,O,0
202151.78125,202266.40625,202486.078125,202371.453125,202494.65625,202724.875,202565.90625,202662.734375,-0.514404296875,-0.00048828125,-0.813232421875,-0.7019042372703552,0.4577636420726776,0.3967284858226776,80.0,6214.0,1.0,O,M,O,0
202621.609375,202736.6875,202956.265625,202841.546875,202964.9375,203195.15625,203035.921875,203133.015625,-0.51416015625,0.0,-0.811279296875,-0.7324218153953552,0.3967284858226776,0.4272460639476776,80.0,6215.0,1.0,O,M,O,0
201940.953125,202055.84375,202275.78125,202160.8125,202284.453125,202514.5,202355.359375,202452.1875,-0.511474609375,0.000244140625,-0.8125,-0.8850097060203552,0.4577636420726776,0.4272460639476776,80.0,6216.0,1.0,O,M,O,0
201409.875,201524.765625,201744.53125,201630.0,201753.296875,201982.984375,201824.109375,201920.578125,-0.512939453125,0.0029296875,-0.812255859375,-0.8239745497703552,0.4272460639476776,0.4882812201976776,80.0,6217.0,1.0,O,M,O,0
202048.15625,202163.3125,202382.890625,202268.453125,202391.390625,202621.171875,202462.734375,202559.46875,-0.514404296875,0.0009765625,-0.811767578125,-0.6408690810203552,0.5187987685203552,0.4272460639476776,80.0,6218.0,1.0,O,M,O,0
202686.171875,202801.234375,203020.546875,202906.109375,203029.484375,203259.4375,203100.65625,203197.578125,-0.511962890625,0.000244140625,-0.812255859375,-0.7324218153953552,0.4272460639476776,0.4272460639476776,80.0,6219.0,1.0,O,M,O,0
202154.734375,202269.703125,202489.203125,202374.765625,202498.234375,202728.0,202568.953125,202665.953125,-0.51171875,0.001708984375,-0.81298828125,-0.7934569716453552,0.3967284858226776,0.4577636420726776,80.0,6220.0,1.0,O,M,O,0
201475.234375,201590.03125,201809.703125,201695.453125,201818.734375,202048.0625,201889.28125,201985.921875,-0.511474609375,0.001220703125,-0.816650390625,-0.7324218153953552,0.5187987685203552,0.5187987685203552,80.0,6221.0,1.0,O,M,O,0
201947.3125,202062.375,202282.21875,202167.421875,202290.984375,202520.5,202361.703125,202458.359375,-0.51416015625,0.0029296875,-0.81396484375,-0.7934569716453552,0.3967284858226776,0.3967284858226776,80.0,6222.0,1.0,O,M,O,0
202714.6875,202830.109375,203049.6875,202934.265625,203058.015625,203288.140625,203128.90625,203225.734375,-0.514404296875,-0.00048828125,-0.81201171875,-0.7934569716453552,0.4272460639476776,0.3662109076976776,80.0,6223.0,1.0,O,M,O,0
202366.265625,202481.15625,202700.921875,202586.03125,202709.59375,202939.546875,202780.3125,202877.5,-0.514404296875,0.000244140625,-0.81103515625,-0.7934569716453552,0.5187987685203552,0.3662109076976776,80.0,6224.0,1.0,O,M,O,0
201581.453125,201696.15625,201916.109375,201801.65625,201925.046875,202154.46875,201995.671875,202092.328125,-0.513427734375,0.0009765625,-0.811279296875,-0.8239745497703552,0.5187987685203552,0.3662109076976776,80.0,6225.0,1.0,O,M,O,0
201856.375,201971.53125,202190.9375,202076.59375,202199.609375,202429.390625,202270.875,202367.421875,-0.513427734375,0.00048828125,-0.809326171875,-0.7934569716453552,0.4272460639476776,0.3051757514476776,80.0,6226.0,1.0,O,M,O,0
202700.46875,202815.984375,203035.203125,202920.859375,203043.796875,203273.75,203115.046875,203211.875,-0.5126953125,0.001220703125,-0.81005859375,-0.7934569716453552,0.5493163466453552,0.4272460639476776,80.0,6227.0,1.0,O,M,O,0
202556.96875,202672.484375,202891.796875,202777.53125,202900.203125,203130.34375,202971.375,203068.296875,-0.513671875,0.00048828125,-0.81103515625,-0.7324218153953552,0.5187987685203552,0.3967284858226776,80.0,6228.0,1.0,O,M,O,0
201719.3125,201834.203125,202053.796875,201939.609375,202062.375,202292.234375,202133.625,202230.1875,-0.513916015625,0.001708984375,-0.814697265625,-0.7019042372703552,0.3662109076976776,0.4272460639476776,80.0,6229.0,1.0,O,M,O,0
201781.640625,201896.703125,202116.46875,202001.9375,202124.875,202354.90625,202196.390625,202292.59375,-0.513916015625,0.001220703125,-0.81298828125,-0.7324218153953552,0.4272460639476776,0.4272460639476776,80.0,6230.0,1.0,O,M,O,0
202653.703125,202768.859375,202988.453125,202873.65625,202996.671875,203226.984375,203068.375,203164.9375,-0.514404296875,-0.000244140625,-0.812744140625,-0.7629393935203552,0.4272460639476776,0.3662109076976776,80.0,6231.0,1.0,O,M,O,0
202731.578125,202846.734375,203066.140625,202951.34375,203074.453125,203304.6875,203145.8125,203242.71875,-0.51171875,-0.0009765625,-0.8125,-0.7324218153953552,0.5187987685203552,0.3356933295726776,80.0,6232.0,1.0,O,M,O,0
201896.078125,202010.609375,202230.28125,202116.015625,202238.953125,202468.734375,202310.03125,202406.765625,-0.513427734375,0.00048828125,-0.8095703125,-0.7324218153953552,0.3967284858226776,0.3356933295726776,80.0,6233.0,1.0,O,M,O,0
201737.828125,201852.625,202071.9375,201957.765625,202080.703125,202310.65625,202151.953125,202248.78125,-0.513916015625,-0.000244140625,-0.810546875,-0.7629393935203552,0.4577636420726776,0.4272460639476776,80.0,6234.0,1.0,O,M,O,0
202578.515625,202693.40625,202912.71875,202798.375,202921.125,203151.703125,202992.5625,203089.84375,-0.51416015625,0.000244140625,-0.81201171875,-0.7629393935203552,0.4882812201976776,0.4577636420726776,80.0,6235.0,1.0,O,M,O,0
202869.71875,202984.515625,203203.65625,203089.390625,203212.59375,203443.0,203283.5,203380.859375,-0.513427734375,0.000244140625,-0.813232421875,-0.5798339247703552,0.4577636420726776,0.3662109076976776,80.0,6236.0,1.0,O,M,O,0
202091.15625,202205.78125,202425.28125,202310.828125,202434.21875,202664.078125,202505.296875,202601.859375,-0.5126953125,0.00048828125,-0.812744140625,-0.6103515028953552,0.4577636420726776,0.3662109076976776,80.0,6237.0,1.0,O,M,O,0
201730.21875,201845.03125,202064.34375,201949.890625,202073.09375,202303.328125,202144.625,202240.921875,-0.514404296875,0.00146484375,-0.810791015625,-0.7324218153953552,0.3662109076976776,0.3967284858226776,80.0,6238.0,1.0,O,M,O,0
202490.0,202604.796875,202824.484375,202709.40625,202832.96875,203063.28125,202904.5,203000.96875,-0.51318359375,-0.000732421875,-0.8134765625,-0.6713866591453552,0.4272460639476776,0.3967284858226776,80.0,6239.0,1.0,O,M,O,0
202974.0625,203088.765625,203308.4375,203193.8125,203317.203125,203547.328125,203388.546875,203485.28125,-0.51220703125,0.0009765625,-0.812255859375,-0.7019042372703552,0.3967284858226776,0.3967284858226776,80.0,6240.0,1.0,O,M,O,0
202302.4375,202417.3125,202637.171875,202522.28125,202645.65625,202875.796875,202717.015625,202813.65625,-0.51416015625,0.001708984375,-0.81201171875,-0.6713866591453552,0.5187987685203552,0.4272460639476776,80.0,6241.0,1.0,O,M,O,0
201757.5,201872.828125,202092.328125,201977.609375,202101.0,202330.953125,202172.25,202268.453125,-0.5146484375,0.00244140625,-0.810302734375,-0.7019042372703552,0.4272460639476776,0.3967284858226776,80.0,6242.0,1.0,O,M,O,0
202385.484375,202500.90625,202720.765625,202605.703125,202729.078125,202959.21875,202800.25,202896.984375,-0.51416015625,0.001708984375,-0.812744140625,-0.7019042372703552,0.4577636420726776,0.3051757514476776,80.0,6243.0,1.0,O,M,O,0
203036.46875,203151.796875,203371.640625,203256.484375,203379.78125,203610.453125,203451.125,203547.875,-0.513671875,0.001220703125,-0.812255859375,-0.7324218153953552,0.4882812201976776,0.4272460639476776,80.0,6244.0,1.0,O,M,O,0
202520.046875,202634.671875,202854.703125,202739.625,202862.921875,203093.59375,202934.09375,203030.5625,-0.51416015625,-0.000244140625,-0.8115234375,-0.7324218153953552,0.4272460639476776,0.3662109076976776,80.0,6245.0,1.0,O,M,O,0
201830.625,201945.421875,202165.1875,202050.484375,202174.046875,202404.265625,202244.765625,202341.5,-0.5146484375,0.0009765625,-0.812744140625,-0.8239745497703552,0.3967284858226776,0.4272460639476776,80.0,6246.0,1.0,O,M,O,0
202287.59375,202402.75,202622.0625,202507.265625,202630.90625,202861.21875,202702.078125,202799.078125,-0.514892578125,0.001220703125,-0.813720703125,-0.8544921278953552,0.3662109076976776,0.4272460639476776,80.0,6247.0,1.0,O,M,O,0
203061.9375,203177.015625,203396.5,203281.796875,203404.8125,203635.84375,203476.25,203573.625,-0.5146484375,-0.001220703125,-0.8125,-0.7629393935203552,0.3662109076976776,0.4882812201976776,80.0,6248.0,1.0,O,M,O,0
202729.078125,202844.0625,203064.09375,202949.375,203072.40625,203302.8125,203143.75,203240.484375,-0.51318359375,0.00146484375,-0.811279296875,-0.7019042372703552,0.3967284858226776,0.4577636420726776,80.0,6249.0,1.0,O,M,O,0
201937.921875,202052.53125,202272.75,202157.953125,202281.328125,202510.84375,202352.5,202448.515625,-0.5126953125,-0.00048828125,-0.811767578125,-0.6713866591453552,0.4577636420726776,0.4272460639476776,80.0,6250.0,1.0,O,M,O,0
202196.125,202310.921875,202530.59375,202415.890625,202539.53125,202769.3125,202610.53125,202706.90625,-0.5146484375,-0.000732421875,-0.81201171875,-0.6408690810203552,0.5187987685203552,0.4577636420726776,80.0,6251.0,1.0,O,M,I,0
203046.203125,203161.453125,203380.59375,203265.96875,203389.4375,203619.65625,203460.515625,203557.53125,-0.516357421875,-0.000732421875,-0.81103515625,-0.6408690810203552,0.4577636420726776,0.3967284858226776,80.0,6252.0,1.0,O,M,I,0
202922.203125,203037.265625,203256.40625,203141.6875,203265.515625,203495.390625,203336.328125,203433.34375,-0.513427734375,0.00048828125,-0.8115234375,-0.6103515028953552,0.4882812201976776,0.4272460639476776,80.0,6253.0,1.0,O,M,I,0
202082.484375,202197.109375,202416.78125,202301.984375,202425.546875,202655.59375,202496.625,202593.453125,-0.513916015625,0.001220703125,-0.81494140625,-0.6103515028953552,0.3967284858226776,0.3662109076976776,80.0,6254.0,1.0,O,M,I,0
202126.203125,202241.28125,202460.859375,202345.96875,202469.625,202699.578125,202540.515625,202637.4375,-0.513671875,-0.0009765625,-0.814453125,-0.7629393935203552,0.4577636420726776,0.3967284858226776,80.0,6255.0,1.0,O,M,I,0
202997.296875,203112.71875,203332.125,203217.15625,203340.625,203571.03125,203411.875,203508.703125,-0.513427734375,-0.001953125,-0.81005859375,-0.6408690810203552,0.4577636420726776,0.4577636420726776,80.0,6256.0,1.0,O,M,I,0
203090.109375,203205.703125,203425.109375,203310.046875,203433.609375,203663.5625,203504.953125,203601.875,-0.514892578125,-0.00048828125,-0.812255859375,-0.7019042372703552,0.4272460639476776,0.3662109076976776,80.0,6257.0,1.0,O,M,I,0
202258.0,202373.0625,202593.0,202478.296875,202601.5,202831.0,202672.578125,202769.140625,-0.515625,-0.000732421875,-0.8125,-0.6713866591453552,0.4577636420726776,0.4577636420726776,80.0,6258.0,1.0,O,M,I,0
202085.625,202200.59375,202420.453125,202305.921875,202429.125,202658.890625,202500.203125,202596.578125,-0.513916015625,0.0,-0.8095703125,-0.7629393935203552,0.4272460639476776,0.4272460639476776,80.0,6259.0,1.0,O,M,I,0
202922.734375,203037.71875,203257.5625,203142.671875,203266.234375,203496.375,203337.21875,203434.234375,-0.5146484375,0.002197265625,-0.806884765625,-0.7324218153953552,0.3051757514476776,0.4272460639476776,80.0,6260.0,1.0,O,M,I,0
203226.8125,203341.875,203561.546875,203446.75,203570.3125,203800.53125,203641.390625,203738.578125,-0.513671875,0.0009765625,-0.8134765625,-0.6713866591453552,0.3967284858226776,0.3662109076976776,80.0,6261.0,1.0,O,M,I,0
202453.625,202568.59375,202788.09375,202673.375,202796.9375,203026.984375,202868.375,202964.671875,-0.513427734375,-0.000244140625,-0.811767578125,-0.7324218153953552,0.4577636420726776,0.4577636420726776,80.0,6262.0,1.0,O,M,I,0
202077.75,202192.640625,202412.40625,202297.609375,202421.078125,202651.03125,202492.328125,202588.796875,-0.513427734375,0.001220703125,-0.81103515625,-0.6713866591453552,0.5493163466453552,0.3662109076976776,80.0,6263.0,1.0,O,M,I,0
202829.390625,202944.375,203164.21875,203049.78125,203172.984375,203403.03125,203243.96875,203340.796875,-0.51318359375,0.00048828125,-0.81298828125,-0.6713866591453552,0.5798339247703552,0.4577636420726776,80.0,6264.0,1.0,O,M,I,0
203328.546875,203443.625,203663.390625,203548.765625,203671.78125,203902.71875,203743.578125,203840.046875,-0.51318359375,0.001708984375,-0.810546875,-0.7629393935203552,0.4882812201976776,0.5493163466453552,80.0,6265.0,1.0,O,M,I,0
202667.390625,202782.453125,203002.390625,202887.515625,203010.71875,203241.109375,203082.234375,203178.796875,-0.5146484375,0.0,-0.81298828125,-0.7629393935203552,0.4577636420726776,0.4577636420726776,80.0,6266.0,1.0,O,M,I,0
202109.9375,202225.0,202444.671875,202330.0625,202453.265625,202683.03125,202524.34375,202621.078125,-0.513671875,0.0009765625,-0.812255859375,-0.6103515028953552,0.4882812201976776,0.3662109076976776,80.0,6267.0,1.0,O,M,I,0
202726.390625,202841.28125,203061.046875,202946.515625,203069.28125,203299.59375,203140.625,203237.53125,-0.513427734375,-0.000732421875,-0.809814453125,-0.7629393935203552,0.4882812201976776,0.4272460639476776,80.0,6268.0,1.0,O,M,I,0
203388.453125,203503.609375,203722.921875,203608.578125,203731.515625,203962.1875,203803.03125,203900.046875,-0.514404296875,0.000732421875,-0.8095703125,-0.6713866591453552,0.4272460639476776,0.4272460639476776,80.0,6269.0,1.0,O,M,I,0
202882.859375,202997.84375,203217.515625,203102.984375,203226.1875,203456.578125,203297.53125,203394.453125,-0.51318359375,-0.000244140625,-0.810546875,-0.7324218153953552,0.3662109076976776,0.4577636420726776,80.0,6270.0,1.0,O,M,I,0
202182.625,202297.515625,202517.625,202402.921875,202526.03125,202756.171875,202597.109375,202693.765625,-0.514892578125,0.00244140625,-0.81103515625,-0.7324218153953552,0.4882812201976776,0.3967284858226776,80.0,6271.0,1.0,O,M,I,0
202625.71875,202740.703125,202960.734375,202845.75,202968.78125,203199.0,203040.03125,203136.78125,-0.514404296875,0.000244140625,-0.808837890625,-0.7324218153953552,0.4577636420726776,0.4577636420726776,80.0,6272.0,1.0,O,M,I,0
203408.578125,203523.46875,203743.40625,203628.421875,203751.625,203981.765625,203822.890625,203919.984375,-0.516357421875,0.0009765625,-0.812744140625,-0.7324218153953552,0.4272460639476776,0.5187987685203552,80.0,6273.0,1.0,O,M,I,0
203094.125,203209.015625,203428.953125,203314.15625,203437.546875,203667.671875,203508.4375,203605.890625,-0.51513671875,0.000244140625,-0.815673828125,-0.7629393935203552,0.4577636420726776,0.4577636420726776,80.0,6274.0,1.0,O,M,I,0
202295.8125,202410.515625,202630.46875,202516.015625,202639.21875,202869.265625,202710.03125,202807.046875,-0.51318359375,0.0,-0.812255859375,-0.7019042372703552,0.4577636420726776,0.4577636420726776,80.0,6275.0,1.0,O,M,I,0
202536.234375,202650.84375,202870.796875,202756.171875,202879.46875,203109.78125,202950.71875,203047.375,-0.513916015625,0.0009765625,-0.814697265625,-0.7324218153953552,0.3967284858226776,0.4882812201976776,80.0,6276.0,1.0,O,M,I,0
203389.171875,203503.796875,203723.28125,203608.9375,203732.21875,203962.453125,203803.578125,203900.40625,-0.51416015625,0.00048828125,-0.811279296875,-0.7019042372703552,0.4272460639476776,0.5187987685203552,80.0,6277.0,1.0,O,M,I,0
203282.328125,203397.390625,203616.890625,203502.625,203625.828125,203856.234375,203696.90625,203794.09375,-0.51220703125,0.001220703125,-0.810546875,-0.6713866591453552,0.3662109076976776,0.4882812201976776,80.0,6278.0,1.0,O,M,I,0
202443.515625,202558.046875,202777.625,202663.1875,202786.390625,203016.609375,202857.375,202954.296875,-0.513916015625,0.000732421875,-0.812255859375,-0.6713866591453552,0.4272460639476776,0.3967284858226776,80.0,6279.0,1.0,O,M,I,0
202469.796875,202584.234375,202803.5625,202689.734375,202812.671875,203042.984375,202883.9375,202980.671875,-0.51416015625,0.001953125,-0.810791015625,-0.7629393935203552,0.3051757514476776,0.4577636420726776,80.0,6280.0,1.0,O,M,I,0
203340.625,203455.15625,203674.5625,203560.5625,203683.5,203913.984375,203754.75,203851.9375,-0.513916015625,0.002685546875,-0.811279296875,-0.8239745497703552,0.3967284858226776,0.5798339247703552,80.0,6281.0,1.0,O,M,I,0
203450.140625,203564.765625,203784.53125,203669.828125,203793.015625,204023.515625,203864.015625,203961.46875,-0.514892578125,0.002197265625,-0.8125,-0.7629393935203552,0.3662109076976776,0.4272460639476776,80.0,6282.0,1.0,O,M,I,0
202619.734375,202734.265625,202954.125,202839.5,202962.703125,203192.65625,203033.515625,203130.703125,-0.514404296875,-0.00048828125,-0.81298828125,-0.6713866591453552,0.4882812201976776,0.3356933295726776,80.0,6283.0,1.0,O,M,I,0
202429.921875,202544.28125,202764.21875,202649.59375,202772.984375,203002.84375,202843.875,202940.96875,-0.51171875,0.000732421875,-0.812255859375,-0.7019042372703552,0.5187987685203552,0.3662109076976776,80.0,6284.0,1.0,O,M,I,0
203263.28125,203377.90625,203597.484375,203482.953125,203606.34375,203836.5625,203677.15625,203774.609375,-0.51171875,0.002197265625,-0.812744140625,-0.7019042372703552,0.5493163466453552,0.3662109076976776,80.0,6285.0,1.0,O,M,I,0
203584.078125,203699.140625,203918.546875,203804.28125,203927.40625,204157.890625,203998.21875,204095.671875,-0.512451171875,0.00146484375,-0.812255859375,-0.6408690810203552,0.4577636420726776,0.3662109076976776,80.0,6286.0,1.0,O,M,I,0
202819.203125,202934.0,203153.5,203039.234375,203162.25,203392.65625,203233.25,203330.4375,-0.513916015625,0.00146484375,-0.8125,-0.7019042372703552,0.5187987685203552,0.4577636420726776,80.0,6287.0,1.0,O,M,I,0
202426.796875,202541.5,202761.265625,202647.0,202770.03125,203000.34375,202841.015625,202938.03125,-0.513427734375,0.0009765625,-0.812744140625,-0.8544921278953552,0.5493163466453552,0.3967284858226776,80.0,6288.0,1.0,O,M,I,0
203169.046875,203283.9375,203503.4375,203389.265625,203512.46875,203742.6875,203583.1875,203680.546875,-0.513671875,0.001708984375,-0.811767578125,-0.7324218153953552,0.5493163466453552,0.3967284858226776,80.0,6289.0,1.0,O,M,I,0
203682.875,203797.40625,204017.078125,203902.453125,204025.65625,204256.0625,204096.5625,204194.109375,-0.512939453125,-0.000244140625,-0.811767578125,-0.7934569716453552,0.3662109076976776,0.4882812201976776,80.0,6290.0,1.0,O,M,I,0
203033.15625,203147.6875,203367.625,203253.1875,203375.765625,203606.4375,203447.109375,203544.296875,-0.5126953125,0.000244140625,-0.81005859375,-0.7934569716453552,0.3967284858226776,0.4882812201976776,80.0,6291.0,1.0,O,M,I,0
202462.203125,202577.09375,202796.578125,202682.40625,202804.890625,203035.484375,202876.421875,202973.15625,-0.513427734375,0.000732421875,-0.811767578125,-0.7324218153953552,0.3356933295726776,0.5187987685203552,80.0,6292.0,1.0,O,M,I,0
203065.96875,203181.21875,203400.34375,203286.078125,203409.203125,203639.6875,203480.546875,203577.375,-0.5126953125,0.0009765625,-0.807373046875,-0.7629393935203552,0.3662109076976776,0.5187987685203552,80.0,6293.0,1.0,O,M,I,0
203739.828125,203854.890625,204074.296875,203959.859375,204082.875,204313.375,204154.234375,204251.5,-0.51318359375,0.0009765625,-0.809326171875,-0.7629393935203552,0.4577636420726776,0.4882812201976776,80.0,6294.0,1.0,O,M,I,0
203246.390625,203361.1875,203580.859375,203466.421875,203589.4375,203819.84375,203660.515625,203757.53125,-0.514404296875,0.001953125,-0.812744140625,-0.6713866591453552,0.3662109076976776,0.4882812201976776,80.0,6295.0,1.0,O,M,I,0
202535.421875,202650.21875,202869.890625,202754.921875,202878.390625,203108.703125,202949.375,203046.203125,-0.515869140625,0.00244140625,-0.81201171875,-0.7019042372703552,0.3662109076976776,0.4577636420726776,80.0,6296.0,1.0,O,M,I,0
202963.140625,203078.03125,203297.703125,203182.90625,203306.109375,203536.6875,203377.015625,203474.203125,-0.51513671875,0.000732421875,-0.810302734375,-0.6408690810203552,0.4272460639476776,0.4577636420726776,80.0,6297.0,1.0,O,M,I,0
203752.171875,203867.140625,204086.71875,203972.28125,204095.390625,204325.984375,204166.03125,204263.578125,-0.514404296875,0.002685546875,-0.81201171875,-0.7324218153953552,0.4577636420726776,0.4272460639476776,80.0,6298.0,1.0,O,M,I,0
203451.484375,203566.28125,203786.046875,203671.4375,203794.625,204025.125,203865.625,203962.890625,-0.5146484375,0.000732421875,-0.81201171875,-0.6713866591453552,0.4577636420726776,0.4882812201976776,80.0,6299.0,1.0,O,M,I,0
202649.234375,202763.953125,202983.625,202869.1875,202992.46875,203222.875,203063.28125,203160.296875,-0.51416015625,0.00146484375,-0.812255859375,-0.7019042372703552,0.4272460639476776,0.3662109076976776,80.0,6300.0,1.0,O,M,I,0
202876.0625,202991.21875,203210.53125,203096.09375,203219.03125,203449.796875,203290.28125,203386.9375,-0.513916015625,-0.00048828125,-0.812744140625,-0.7324218153953552,0.4882812201976776,0.4272460639476776,80.0,6301.0,1.0,O,M,I,0
203734.109375,203848.984375,204068.578125,203953.59375,204076.796875,204307.375,204148.140625,204244.96875,-0.514404296875,0.00048828125,-0.81298828125,-0.7019042372703552,0.3967284858226776,0.4882812201976776,80.0,6302.0,1.0,O,M,I,0
203643.09375,203757.96875,203977.375,203862.40625,203986.140625,204216.546875,204056.859375,204153.953125,-0.514404296875,0.00146484375,-0.81494140625,-0.7019042372703552,0.4272460639476776,0.3967284858226776,80.0,6303.0,1.0,O,M,I,0
202800.609375,202915.40625,203134.546875,203020.28125,203143.75,203373.703125,203214.296875,203311.484375,-0.51513671875,0.002197265625,-0.8095703125,-0.7019042372703552,0.3967284858226776,0.4577636420726776,80.0,6304.0,1.0,O,M,I,0
202809.453125,202924.703125,203143.75,203029.3125,203152.78125,203382.828125,203223.328125,203320.5,-0.512451171875,0.0009765625,-0.810302734375,-0.6713866591453552,0.3662109076976776,0.5187987685203552,80.0,6305.0,1.0,O,M,I,0
203679.296875,203794.625,204013.671875,203899.328125,204022.625,204253.015625,204093.875,204190.703125,-0.51416015625,0.0029296875,-0.809326171875,-0.7629393935203552,0.4272460639476776,0.5493163466453552,80.0,6306.0,1.0,O,M,I,0
203805.546875,203920.609375,204140.09375,204025.65625,204148.953125,204379.171875,204219.765625,204317.390625,-0.51220703125,0.001953125,-0.8115234375,-0.7934569716453552,0.2746581733226776,0.4272460639476776,80.0,6307.0,1.0,O,M,I,0
202977.09375,203091.890625,203311.390625,203197.296875,203320.328125,203550.546875,203390.953125,203488.40625,-0.51318359375,0.001220703125,-0.810546875,-0.7019042372703552,0.4577636420726776,0.4577636420726776,80.0,6308.0,1.0,O,M,I,0
202771.375,202886.34375,203105.65625,202991.484375,203114.421875,203344.375,203185.328125,203282.328125,-0.512939453125,0.0009765625,-0.8095703125,-0.7324218153953552,0.4577636420726776,0.4577636420726776,80.0,6309.0,1.0,O,M,I,0
203600.34375,203715.421875,203934.734375,203820.46875,203943.5,204173.8125,204014.21875,204111.9375,-0.513916015625,0.000244140625,-0.812255859375,-0.6713866591453552,0.4882812201976776,0.4577636420726776,80.0,6310.0,1.0,O,M,I,0
203938.75,204053.828125,204273.046875,204158.703125,204281.984375,204512.484375,204352.890625,204450.4375,-0.514404296875,-0.000244140625,-0.8115234375,-0.6713866591453552,0.5187987685203552,0.4272460639476776,80.0,6311.0,1.0,O,M,I,0
203182.375,203297.078125,203516.75,203402.140625,203525.421875,203755.734375,203596.421875,203693.609375,-0.5126953125,-0.000244140625,-0.81494140625,-0.7324218153953552,0.5187987685203552,0.3967284858226776,80.0,6312.0,1.0,O,M,I,0
202773.421875,202888.21875,203107.8125,202993.28125,203116.65625,203346.53125,203187.296875,203284.296875,-0.51220703125,0.001953125,-0.810791015625,-0.6408690810203552,0.4272460639476776,0.3356933295726776,80.0,6313.0,1.0,O,M,I,0
203505.125,203620.015625,203839.78125,203725.25,203848.453125,204078.671875,203919.0,204016.359375,-0.51318359375,0.00048828125,-0.810791015625,-0.7019042372703552,0.4577636420726776,0.4272460639476776,80.0,6314.0,1.0,O,M,I,0
204033.96875,204149.046875,204368.796875,204254.1875,204377.203125,204607.875,204448.375,204545.828125,-0.514404296875,0.00048828125,-0.8125,-0.6408690810203552,0.4577636420726776,0.3967284858226776,80.0,6315.0,1.0,O,M,I,0
203393.546875,203508.4375,203727.9375,203613.578125,203736.78125,203966.734375,203807.953125,203904.953125,-0.5146484375,0.000732421875,-0.814697265625,-0.5493163466453552,0.4577636420726776,0.3967284858226776,80.0,6316.0,1.0,O,M,I,0
202809.71875,202924.171875,203143.65625,203029.390625,203152.515625,203382.5625,203223.765625,203320.78125,-0.515380859375,0.000244140625,-0.812255859375,-0.7019042372703552,0.4272460639476776,0.3967284858226776,80.0,6317.0,1.0,O,M,I,0
203402.5,203517.203125,203736.609375,203622.4375,203745.453125,203975.859375,203816.71875,203914.34375,-0.51513671875,0.001708984375,-0.812744140625,-0.7629393935203552,0.4577636420726776,0.4272460639476776,80.0,6318.0,1.0,O,M,I,0
204086.28125,204200.890625,204420.296875,204305.765625,204429.0625,204659.734375,204499.96875,204598.046875,-0.51611328125,0.0,-0.81298828125,-0.8544921278953552,0.3356933295726776,0.4272460639476776,80.0,6319.0,1.0,O,M,I,0
203607.328125,203722.03125,203941.4375,203827.4375,203950.203125,204180.953125,204021.453125,204118.90625,-0.513427734375,-0.000244140625,-0.812744140625,-0.8239745497703552,0.3967284858226776,0.4577636420726776,80.0,6320.0,1.0,O,M,I,0
202888.21875,203003.296875,203222.34375,203108.4375,203231.640625,203461.953125,203302.53125,203399.625,-0.51318359375,0.000244140625,-0.810791015625,-0.7934569716453552,0.4577636420726776,0.4272460639476776,80.0,6321.0,1.0,O,M,I,0
203299.765625,203414.75,203634.140625,203519.609375,203643.0,203873.046875,203713.984375,203810.90625,-0.51318359375,0.000244140625,-0.813720703125,-0.8239745497703552,0.3967284858226776,0.4577636420726776,80.0,6322.0,1.0,O,M,I,0
204098.609375,204213.59375,204433.0,204318.375,204441.671875,204672.34375,204512.75,204610.203125,-0.515380859375,0.001220703125,-0.8134765625,-0.6713866591453552,0.4272460639476776,0.4882812201976776,80.0,6323.0,1.0,O,M,I,0
203816.265625,203931.15625,204150.734375,204036.203125,204159.40625,204390.265625,204230.484375,204327.765625,-0.515869140625,0.001220703125,-0.8125,-0.6713866591453552,0.4882812201976776,0.4272460639476776,80.0,6324.0,1.0,O,M,I,0
203009.453125,203124.53125,203344.203125,203229.484375,203352.609375,203583.0,203423.6875,203520.875,-0.513671875,-0.000244140625,-0.812744140625,-0.6103515028953552,0.5798339247703552,0.3662109076976776,80.0,6325.0,1.0,O,M,I,0
203215.984375,203330.96875,203550.1875,203436.015625,203558.78125,203789.453125,203629.9375,203727.40625,-0.514404296875,-0.000244140625,-0.812255859375,-0.5798339247703552,0.5493163466453552,0.3967284858226776,80.0,6326.0,1.0,O,M,I,0
204073.9375,204188.921875,204408.40625,204293.875,204416.640625,204647.84375,204487.890625,204585.796875,-0.513671875,0.000732421875,-0.811767578125,-0.6408690810203552,0.4882812201976776,0.4577636420726776,80.0,6327.0,1.0,O,M,I,0
204001.875,204116.5,204336.4375,204222.0,204344.84375,204575.78125,204415.921875,204513.828125,-0.51513671875,0.001708984375,-0.810546875,-0.6103515028953552,0.5493163466453552,0.4272460639476776,80.0,6328.0,1.0,O,M,I,0
203158.328125,203273.390625,203493.0625,203378.625,203501.375,203732.140625,203572.359375,203669.90625,-0.51416015625,0.000732421875,-0.8115234375,-0.6713866591453552,0.4882812201976776,0.4577636420726776,80.0,6329.0,1.0,O,M,I,0
203149.5625,203264.8125,203484.296875,203369.953125,203492.703125,203723.46875,203563.6875,203660.875,-0.512939453125,0.001220703125,-0.81396484375,-0.7629393935203552,0.5187987685203552,0.5187987685203552,80.0,6330.0,1.0,O,M,I,0
204017.53125,204132.859375,204352.4375,204237.734375,204360.671875,204591.25,204431.75,204529.375,-0.511962890625,0.000244140625,-0.810791015625,-0.7934569716453552,0.4882812201976776,0.4577636420726776,80.0,6331.0,1.0,O,M,I,0
204163.25,204278.5,204498.0,204383.203125,204506.140625,204736.796875,204577.125,204675.203125,-0.513427734375,0.0,-0.810546875,-0.7934569716453552,0.3967284858226776,0.5187987685203552,80.0,6332.0,1.0,O,M,I,0
203339.015625,203454.171875,203673.21875,203558.859375,203681.890625,203912.296875,203752.875,203850.421875,-0.511474609375,0.000732421875,-0.8125,-0.7629393935203552,0.3967284858226776,0.5187987685203552,80.0,6333.0,1.0,O,M,I,0
203115.3125,203230.390625,203449.609375,203335.4375,203458.46875,203688.6875,203529.09375,203626.453125,-0.512451171875,-0.000732421875,-0.812255859375,-0.7934569716453552,0.4577636420726776,0.3967284858226776,80.0,6334.0,1.0,O,M,I,0
203936.078125,204051.234375,204270.640625,204155.84375,204279.125,204509.625,204349.671875,204447.578125,-0.514404296875,0.00048828125,-0.812255859375,-0.8239745497703552,0.4882812201976776,0.4577636420726776,80.0,6335.0,1.0,O,M,I,0
204290.84375,204406.09375,204625.484375,204510.875,204633.71875,204864.03125,204704.53125,204802.703125,-0.51513671875,0.002197265625,-0.8095703125,-0.7019042372703552,0.5493163466453552,0.4272460639476776,80.0,6336.0,1.0,O,M,I,0
203542.234375,203657.296875,203876.890625,203762.265625,203885.296875,204115.328125,203956.015625,204053.46875,-0.51513671875,0.001708984375,-0.810546875,-0.6408690810203552,0.5493163466453552,0.5187987685203552,80.0,6337.0,1.0,O,M,I,0
203118.265625,203232.796875,203452.109375,203338.03125,203461.140625,203691.28125,203531.859375,203629.234375,-0.51513671875,0.001953125,-0.808349609375,-0.7019042372703552,0.5187987685203552,0.3967284858226776,80.0,6338.0,1.0,O,M,I,0
203840.140625,203955.125,204174.25,204060.078125,204183.015625,204413.421875,204253.921875,204351.546875,-0.514892578125,0.00146484375,-0.810791015625,-0.7019042372703552,0.5493163466453552,0.3967284858226776,80.0,6339.0,1.0,O,M,I,0
204381.234375,204496.125,204715.53125,204601.265625,204723.75,204954.328125,204795.0,204892.8125,-0.513916015625,0.00146484375,-0.812744140625,-0.6713866591453552,0.4882812201976776,0.4272460639476776,80.0,6340.0,1.0,O,M,I,0
203754.671875,203869.375,204088.78125,203974.609375,204097.28125,204327.5,204168.359375,204265.8125,-0.51416015625,0.002197265625,-0.813232421875,-0.6103515028953552,0.4272460639476776,0.3967284858226776,80.0,6341.0,1.0,O,M,I,0
203159.3125,203274.1875,203493.328125,203379.609375,203502.265625,203732.3125,203572.8125,203670.265625,-0.51318359375,-0.000732421875,-0.813232421875,-0.7324218153953552,0.4882812201976776,0.3967284858226776,80.0,6342.0,1.0,O,M,I,0
203736.515625,203851.9375,204070.71875,203956.90625,204079.484375,204309.53125,204150.296875,204248.015625,-0.5126953125,0.0009765625,-0.811279296875,-0.7629393935203552,0.4272460639476776,0.4577636420726776,80.0,6343.0,1.0,O,M,I,0
204432.109375,204547.4375,204766.671875,204652.21875,204775.0625,205005.734375,204845.875,204944.234375,-0.51416015625,0.00146484375,-0.811279296875,-0.7324218153953552,0.4272460639476776,0.5493163466453552,80.0,6344.0,1.0,O,M,I,0
203968.890625,204084.046875,204303.265625,204188.46875,204311.578125,204542.25,204382.84375,204480.5625,-0.51513671875,0.000732421875,-0.81298828125,-0.7324218153953552,0.4882812201976776,0.4577636420726776,80.0,6345.0,1.0,O,M,I,0
203241.46875,203356.265625,203575.3125,203461.234375,203583.8125,203814.484375,203655.25,203752.703125,-0.513427734375,0.001708984375,-0.8134765625,-0.7019042372703552,0.4882812201976776,0.4577636420726776,80.0,6346.0,1.0,O,M,I,0
203637.984375,203752.796875,203972.109375,203857.578125,203980.59375,204211.265625,204051.671875,204149.3125,-0.51513671875,0.00146484375,-0.81298828125,-0.6713866591453552,0.4882812201976776,0.4272460639476776,80.0,6347.0,1.0,O,M,I,0
204443.1875,204557.984375,204777.484375,204662.78125,204785.625,205016.640625,204856.96875,204954.953125,-0.513916015625,0.000244140625,-0.81201171875,-0.7324218153953552,0.5493163466453552,0.4882812201976776,80.0,6348.0,1.0,O,M,I,0
204176.578125,204291.203125,204510.78125,204396.078125,204518.828125,204750.03125,204589.90625,204687.984375,-0.514892578125,0.0009765625,-0.809326171875,-0.7019042372703552,0.4882812201976776,0.4577636420726776,80.0,6349.0,1.0,O,M,I,0
203363.953125,203478.40625,203697.8125,203583.8125,203706.5625,203937.140625,203777.375,203875.015625,-0.51318359375,0.00146484375,-0.811279296875,-0.6408690810203552,0.4577636420726776,0.3967284858226776,80.0,6350.0,1.0,O,M,I,0
203553.0625,203667.578125,203886.90625,203773.078125,203896.015625,204126.421875,203966.921875,204064.1875,-0.512939453125,0.001220703125,-0.813232421875,-0.6408690810203552,0.4272460639476776,0.3967284858226776,80.0,6351.0,1.0,O,M,I,0
204415.296875,204530.265625,204749.234375,204635.140625,204758.265625,204989.28125,204829.15625,204926.875,-0.51416015625,0.00146484375,-0.80859375,-0.6408690810203552,0.4882812201976776,0.3967284858226776,80.0,6352.0,1.0,O,M,I,0
204360.578125,204475.90625,204694.953125,204580.4375,204703.640625,204934.65625,204774.71875,204872.515625,-0.515625,0.0009765625,-0.811279296875,-0.6103515028953552,0.5187987685203552,0.4577636420726776,80.0,6353.0,1.0,O,M,I,0
203517.921875,203632.984375,203852.296875,203737.6875,203860.96875,204091.46875,203931.96875,204029.234375,-0.51611328125,0.000732421875,-0.809814453125,-0.6103515028953552,0.4882812201976776,0.4577636420726776,80.0,6354.0,1.0,O,M,I,0
203491.453125,203605.984375,203825.65625,203710.953125,203834.15625,204064.546875,203905.3125,204002.5,-0.515625,0.00146484375,-0.810791015625,-0.7019042372703552,0.4272460639476776,0.4272460639476776,80.0,6355.0,1.0,O,M,I,0
204356.46875,204470.90625,204690.671875,204576.40625,204699.15625,204929.828125,204770.15625,204867.875,-0.511962890625,0.000244140625,-0.814697265625,-0.7019042372703552,0.4577636420726776,0.3967284858226776,80.0,6356.0,1.0,O,M,I,0
204520.34375,204634.796875,204854.546875,204740.109375,204863.5,205093.71875,204933.859375,205031.578125,-0.514404296875,0.0009765625,-0.814697265625,-0.7019042372703552,0.4577636420726776,0.5187987685203552,80.0,6357.0,1.0,O,M,I,0
203700.3125,203814.75,204034.515625,203920.25,204043.625,204273.5,204114.0,204211.625,-0.513427734375,0.001953125,-0.809814453125,-0.7019042372703552,0.4577636420726776,0.3967284858226776,80.0,6358.0,1.0,O,M,I,0
203458.1875,203572.90625,203792.578125,203678.40625,203801.515625,204031.46875,203872.0625,203969.875,-0.513671875,0.00244140625,-0.812255859375,-0.7324218153953552,0.5187987685203552,0.3967284858226776,80.0,6359.0,1.0,O,M,I,0
204274.75,204389.71875,204609.125,204494.59375,204617.796875,204847.75,204688.25,204786.0625,-0.513427734375,-0.000244140625,-0.813232421875,-0.6103515028953552,0.4577636420726776,0.4272460639476776,80.0,6360.0,1.0,O,M,I,0
204645.703125,204760.671875,204979.90625,204865.28125,204988.84375,205219.15625,205059.65625,205157.015625,-0.513916015625,0.0009765625,-0.810791015625,-0.7324218153953552,0.5798339247703552,0.4272460639476776,80.0,6361.0,1.0,O,M,I,0
203903.796875,204019.3125,204238.265625,204123.65625,204247.296875,204477.171875,204317.9375,204415.296875,-0.513427734375,0.001953125,-0.810546875,-0.7324218153953552,0.4272460639476776,0.4272460639476776,80.0,6362.0,1.0,O,M,I,0
203464.1875,203579.15625,203798.125,203684.125,203807.234375,204037.28125,203877.78125,203975.40625,-0.51171875,0.001953125,-0.813232421875,-0.8239745497703552,0.3967284858226776,0.4577636420726776,80.0,6363.0,1.0,O,M,I,0
204175.234375,204290.3125,204509.359375,204395.171875,204518.109375,204748.609375,204589.109375,204686.46875,-0.511962890625,0.000732421875,-0.813232421875,-0.6408690810203552,0.3662109076976776,0.4577636420726776,80.0,6364.0,1.0,O,M,I,0
204731.078125,204846.234375,205065.46875,204950.9375,205074.140625,205304.71875,205144.859375,205242.578125,-0.51318359375,0.000732421875,-0.815185546875,-0.7324218153953552,0.4882812201976776,0.4577636420726776,80.0,6365.0,1.0,O,M,I,0
204117.125,204231.75,204451.5,204337.0625,204460.265625,204690.046875,204530.8125,204628.265625,-0.51416015625,0.0009765625,-0.814697265625,-0.6408690810203552,0.5187987685203552,0.4577636420726776,80.0,6366.0,1.0,O,M,I,0
203508.703125,203623.59375,203843.265625,203728.921875,203852.03125,204081.890625,203922.84375,204019.84375,-0.51513671875,0.001220703125,-0.8154296875,-0.6713866591453552,0.5493163466453552,0.4882812201976776,80.0,6367.0,1.0,O,M,I,0
204070.90625,204186.140625,204405.46875,204290.84375,204414.40625,204644.453125,204485.21875,204582.578125,-0.5146484375,0.0,-0.813232421875,-0.6103515028953552,0.4577636420726776,0.4882812201976776,80.0,6368.0,1.0,O,M,I,0
204775.15625,204890.578125,205109.71875,204994.921875,205118.125,205348.96875,205189.296875,205287.015625,-0.512451171875,-0.000732421875,-0.81201171875,-0.6713866591453552,0.5187987685203552,0.4882812201976776,80.0,6369.0,1.0,O,M,I,0
204328.75,204443.90625,204663.21875,204548.515625,204671.71875,204902.5625,204743.0625,204840.6875,-0.512939453125,0.00048828125,-0.8125,-0.6713866591453552,0.4882812201976776,0.3967284858226776,80.0,6370.0,1.0,O,M,I,0
203592.21875,203707.453125,203926.953125,203812.515625,203935.71875,204166.296875,204006.609375,204104.0625,-0.514892578125,0.001708984375,-0.81103515625,-0.7934569716453552,0.5187987685203552,0.4577636420726776,80.0,6371.0,1.0,O,M,I,0
203971.75,204087.265625,204306.484375,204192.40625,204315.15625,204546.09375,204386.0625,204483.6875,-0.514892578125,0.002685546875,-0.810546875,-0.7019042372703552,0.5493163466453552,0.3967284858226776,80.0,6372.0,1.0,O,M,I,0
204783.390625,204898.359375,205118.03125,205003.5,205126.34375,205357.375,205197.515625,205295.234375,-0.51513671875,0.003173828125,-0.813720703125,-0.6713866591453552,0.3967284858226776,0.4577636420726776,80.0,6373.0,1.0,O,M,I,0
204531.34375,204646.0625,204865.453125,204751.203125,204874.484375,205104.890625,204945.21875,205042.9375,-0.515625,0.002685546875,-0.81396484375,-0.7324218153953552,0.4882812201976776,0.4272460639476776,80.0,6374.0,1.0,O,M,I,0
203714.34375,203829.234375,204048.90625,203934.46875,204057.484375,204287.890625,204128.390625,204225.9375,-0.51611328125,0.0009765625,-0.812255859375,-0.6713866591453552,0.4577636420726776,0.3967284858226776,80.0,6375.0,1.0,O,M,I,0
203888.6875,204003.75,204223.34375,204108.625,204231.5625,204462.328125,204302.640625,204400.359375,-0.513671875,0.00244140625,-0.811279296875,-0.6713866591453552,0.3662109076976776,0.4577636420726776,80.0,6376.0,1.0,O,M,I,0
204753.875,204868.59375,205087.90625,204973.109375,205096.125,205327.34375,205167.203125,205265.375,-0.512451171875,0.0009765625,-0.814453125,-0.7934569716453552,0.3967284858226776,0.5187987685203552,80.0,6377.0,1.0,O,M,I,0
204714.546875,204829.703125,205048.46875,204934.390625,205057.328125,205288.359375,205128.140625,205226.390625,-0.514892578125,0.00048828125,-0.8134765625,-0.7629393935203552,0.4577636420726776,0.5187987685203552,80.0,6378.0,1.0,O,M,I,0
203870.359375,203985.25,204204.46875,204090.125,204212.96875,204443.734375,204284.21875,204381.59375,-0.51171875,0.000732421875,-0.812255859375,-0.7629393935203552,0.4577636420726776,0.4577636420726776,80.0,6379.0,1.0,O,M,I,0
203828.78125,203943.859375,204162.8125,204048.453125,204171.296875,204402.328125,204242.734375,204340.1875,-0.51416015625,-0.000732421875,-0.812255859375,-0.7019042372703552,0.4882812201976776,0.3967284858226776,80.0,6380.0,1.0,O,M,I,0
204692.1875,204807.078125,205026.578125,204911.765625,205034.53125,205265.828125,205105.515625,205203.859375,-0.5146484375,0.00244140625,-0.812744140625,-0.7324218153953552,0.3967284858226776,0.3967284858226776,80.0,6381.0,1.0,O,M,I,0
204870.203125,204985.71875,205205.03125,205090.234375,205213.078125,205443.921875,205284.0625,205382.5,-0.514892578125,0.0,-0.813720703125,-0.7019042372703552,0.4577636420726776,0.5798339247703552,80.0,6382.0,1.0,O,M,I,0
204054.53125,204170.328125,204389.640625,204274.75,204397.765625,204628.703125,204468.40625,204566.21875,-0.513916015625,0.0,-0.810546875,-0.7629393935203552,0.5187987685203552,0.4882812201976776,80.0,6383.0,1.0,O,M,I,0
203796.953125,203912.203125,204131.515625,204016.984375,204139.828125,204370.765625,204210.546875,204308.359375,-0.513427734375,0.000732421875,-0.81201171875,-0.7629393935203552,0.5493163466453552,0.4577636420726776,80.0,6384.0,1.0,O,M,I,0
204605.828125,204721.515625,204940.734375,204825.9375,204949.140625,205179.90625,205020.046875,205117.765625,-0.513671875,0.00244140625,-0.81103515625,-0.7934569716453552,0.4272460639476776,0.3967284858226776,80.0,6385.0,1.0,O,M,I,0
204993.140625,205108.640625,205327.6875,205213.25,205336.09375,205566.859375,205407.265625,205505.4375,-0.514404296875,0.002685546875,-0.81201171875,-0.7629393935203552,0.3356933295726776,0.4577636420726776,80.0,6386.0,1.0,O,M,I,0
204258.390625,204373.71875,204592.953125,204478.59375,204601.4375,204831.75,204672.515625,204770.234375,-0.514404296875,0.00244140625,-0.8115234375,-0.7629393935203552,0.5187987685203552,0.4272460639476776,80.0,6387.0,1.0,O,M,I,0
203805.8125,203921.046875,204140.546875,204026.109375,204148.78125,204379.171875,204219.578125,204317.390625,-0.51416015625,0.0009765625,-0.80859375,-0.7019042372703552,0.4882812201976776,0.4272460639476776,80.0,6388.0,1.0,O,M,I,0
204506.84375,204622.1875,204841.765625,204727.140625,204850.078125,205080.3125,204920.890625,205018.96875,-0.51220703125,-0.00146484375,-0.80908203125,-0.7629393935203552,0.4577636420726776,0.4272460639476776,80.0,6389.0,1.0,O,M,I,0
205075.75,205190.90625,205410.84375,205295.6875,205418.625,205649.5625,205489.78125,205588.046875,-0.51123046875,0.0009765625,-0.812255859375,-0.8850097060203552,0.4272460639476776,0.4577636420726776,80.0,6390.0,1.0,O,M,I,0
204473.953125,204589.28125,204809.140625,204693.984375,204816.90625,205047.765625,204887.984375,204986.34375,-0.513427734375,-0.000244140625,-0.81005859375,-0.8239745497703552,0.5187987685203552,0.3662109076976776,80.0,6391.0,1.0,O,M,I,0
203854.71875,203970.140625,204189.71875,204075.109375,204197.671875,204428.53125,204268.671875,204366.65625,-0.513671875,0.000244140625,-0.811767578125,-0.7324218153953552,0.4577636420726776,0.3662109076976776,80.0,6392.0,1.0,O,M,I,0
204404.390625,204519.71875,204739.21875,204624.6875,204747.53125,204978.109375,204818.25,204916.15625,-0.5146484375,0.0009765625,-0.81201171875,-0.7324218153953552,0.4577636420726776,0.3967284858226776,80.0,6393.0,1.0,O,M,I,0
205120.71875,205236.046875,205456.0,205340.921875,205464.046875,205694.625,205534.84375,205632.65625,-0.512451171875,0.00048828125,-0.813720703125,-0.6713866591453552,0.3967284858226776,0.4272460639476776,80.0,6394.0,1.0,O,M,I,0
204687.09375,204802.609375,205022.28125,204907.75,205030.59375,205261.359375,205101.5,205199.125,-0.512451171875,0.001220703125,-0.8134765625,-0.6713866591453552,0.3356933295726776,0.4272460639476776,80.0,6395.0,1.0,O,M,I,0
203942.15625,204057.578125,204276.890625,204162.71875,204285.296875,204516.140625,204356.375,204454.09375,-0.515380859375,0.002685546875,-0.812255859375,-0.7324218153953552,0.4577636420726776,0.3967284858226776,80.0,6396.0,1.0,O,M,I,0
204305.859375,204421.109375,204640.421875,204526.078125,204648.640625,204879.671875,204719.90625,204817.890625,-0.5146484375,0.002685546875,-0.812744140625,-0.7324218153953552,0.5493163466453552,0.4272460639476776,80.0,6397.0,1.0,O,M,I,0
205125.28125,205240.875,205460.015625,205345.21875,205468.515625,205699.1875,205539.140625,205637.671875,-0.51611328125,0.000732421875,-0.8134765625,-0.7629393935203552,0.4882812201976776,0.4882812201976776,80.0,6398.0,1.0,O,M,I,0
204892.015625,205007.34375,205226.84375,205111.953125,205235.0625,205465.828125,205305.609375,205404.140625,-0.51513671875,-0.000244140625,-0.811279296875,-0.7934569716453552,0.5187987685203552,0.4577636420726776,80.0,6399.0,1.0,O,M,I,0
204069.015625,204184.265625,204403.859375,204288.78125,204411.890625,204642.390625,204482.4375,204580.875,-0.513916015625,0.0,-0.8134765625,-0.7324218153953552,0.4882812201976776,0.3662109076976776,80.0,6400.0,1.0,O,M,I,0
204222.09375,204338.046875,204557.1875,204442.125,204565.328125,204795.90625,204636.3125,204734.125,-0.513916015625,0.000732421875,-0.812255859375,-0.7324218153953552,0.3967284858226776,0.4577636420726776,80.0,6401.0,1.0,O,M,I,0
205089.953125,205206.28125,205425.5,205310.53125,205433.375,205664.484375,205504.453125,205602.4375,-0.51513671875,0.001220703125,-0.810302734375,-0.7934569716453552,0.3662109076976776,0.4577636420726776,80.0,6402.0,1.0,O,M,I,0
205073.234375,205189.296875,205408.609375,205293.546875,205416.921875,205647.40625,205487.546875,205585.640625,-0.513916015625,0.00048828125,-0.810546875,-0.8239745497703552,0.3662109076976776,0.5187987685203552,80.0,6403.0,1.0,O,M,I,0
204229.515625,204345.375,204564.78125,204449.890625,204573.28125,204803.59375,204643.734375,204741.90625,-0.514892578125,0.001220703125,-0.8095703125,-0.7019042372703552,0.3967284858226776,0.5187987685203552,80.0,6404.0,1.0,O,M,I,0
204166.828125,204282.53125,204501.578125,204386.859375,204510.515625,204741.0,204580.96875,204678.875,-0.514892578125,0.003173828125,-0.80908203125,-0.7324218153953552,0.4882812201976776,0.5187987685203552,80.0,6405.0,1.0,O,M,I,0
205029.515625,205144.953125,205364.34375,205249.1875,205372.390625,205603.515625,205443.46875,205541.5625,-0.5146484375,0.00146484375,-0.81298828125,-0.7019042372703552,0.5493163466453552,0.4882812201976776,80.0,6406.0,1.0,O,M,I,0
205226.84375,205342.171875,205561.9375,205446.875,205570.078125,205801.28125,205641.0625,205739.59375,-0.514404296875,0.001220703125,-0.8134765625,-0.7324218153953552,0.3967284858226776,0.4272460639476776,80.0,6407.0,1.0,O,M,I,0
204416.1875,204531.703125,204751.28125,204636.40625,204759.515625,204990.265625,204830.59375,204928.9375,-0.513916015625,0.0,-0.81298828125,-0.7629393935203552,0.4577636420726776,0.3662109076976776,80.0,6408.0,1.0,O,M,I,0
204142.6875,204257.9375,204477.4375,204362.8125,204486.28125,204716.59375,204556.828125,204655.0,-0.513916015625,0.0,-0.81005859375,-0.7019042372703552,0.4882812201976776,0.4577636420726776,80.0,6409.0,1.0,O,M,I,0
204942.53125,205057.859375,205277.359375,205162.65625,205286.296875,205516.703125,205356.578125,205455.28125,-0.51318359375,0.000244140625,-0.81298828125,-0.6408690810203552,0.4882812201976776,0.4577636420726776,80.0,6410.0,1.0,O,M,I,0
205345.21875,205460.46875,205680.140625,205565.0625,205688.8125,205919.484375,205759.34375,205857.875,-0.513916015625,0.001708984375,-0.81298828125,-0.6713866591453552,0.4882812201976776,0.4272460639476776,80.0,6411.0,1.0,O,M,I,0
204622.625,204738.0625,204957.375,204842.484375,204966.125,205196.53125,205036.671875,205135.109375,-0.51318359375,0.0009765625,-0.813720703125,-0.6713866591453552,0.4882812201976776,0.4272460639476776,80.0,6412.0,1.0,O,M,I,0
204153.421875,204268.84375,204487.984375,204373.09375,204496.921875,204727.140625,204567.46875,204665.09375,-0.513671875,0.000244140625,-0.81396484375,-0.5798339247703552,0.5798339247703552,0.3356933295726776,80.0,6413.0,1.0,O,M,I,0
204842.21875,204957.90625,205176.859375,205062.328125,205185.71875,205416.65625,205256.265625,205354.6875,-0.5146484375,-0.000244140625,-0.81396484375,-0.7324218153953552,0.5493163466453552,0.3967284858226776,80.0,6414.0,1.0,O,M,I,0
205423.71875,205539.328125,205758.640625,205643.84375,205767.046875,205998.15625,205837.9375,205936.828125,-0.5146484375,-0.00048828125,-0.81201171875,-0.7324218153953552,0.3662109076976776,0.3662109076976776,80.0,6415.0,1.0,O,M,I,0
204834.4375,204949.59375,205169.171875,205054.375,205177.84375,205408.609375,205248.75,205347.0,-0.511962890625,0.00048828125,-0.8154296875,-0.6713866591453552,0.3967284858226776,0.4577636420726776,80.0,6416.0,1.0,O,M,I,0
204201.4375,204316.40625,204536.0,204421.28125,204544.484375,204775.15625,204615.390625,204713.5625,-0.512451171875,0.001953125,-0.8134765625,-0.7019042372703552,0.3967284858226776,0.5187987685203552,80.0,6417.0,1.0,O,M,I,0
204735.015625,204850.4375,205069.9375,204955.21875,205078.609375,205309.546875,205149.5,205247.671875,-0.5126953125,0.002685546875,-0.811767578125,-0.7934569716453552,0.5493163466453552,0.4882812201976776,80.0,6418.0,1.0,O,M,I,0
205460.46875,205575.796875,205795.296875,205680.5,205803.96875,206034.90625,205874.859375,205973.296875,-0.511474609375,0.00048828125,-0.811279296875,-0.6713866591453552,0.4882812201976776,0.4882812201976776,80.0,6419.0,1.0,O,M,I,0
205046.15625,205161.671875,205381.25,205266.453125,205389.65625,205620.234375,205460.46875,205558.984375,-0.51171875,0.0,-0.809814453125,-0.7019042372703552,0.5493163466453552,0.4577636420726776,80.0,6420.0,1.0,O,M,I,0
204292.984375,204407.96875,204627.453125,204512.578125,204636.125,204866.53125,204706.765625,204805.296875,-0.512451171875,0.0009765625,-0.811279296875,-0.6408690810203552,0.5187987685203552,0.4577636420726776,80.0,6421.0,1.0,O,M,I,0
204638.984375,204754.140625,204973.375,204859.015625,204982.3125,205212.984375,205052.671875,205151.203125,-0.514892578125,0.00048828125,-0.81201171875,-0.6713866591453552,0.5493163466453552,0.3662109076976776,80.0,6422.0,1.0,O,M,I,0
205462.96875,205578.296875,205797.53125,205683.09375,205806.296875,206036.953125,205876.65625,205975.171875,-0.516357421875,0.001220703125,-0.811279296875,-0.7324218153953552,0.5187987685203552,0.3662109076976776,80.0,6423.0,1.0,O,M,I,0
205249.28125,205364.796875,205584.03125,205469.21875,205592.515625,205823.1875,205663.0625,205761.671875,-0.513671875,0.00048828125,-0.81201171875,-0.7934569716453552,0.3967284858226776,0.4577636420726776,80.0,6424.0,1.0,O,M,I,0
204422.890625,204537.96875,204757.28125,204642.921875,204766.125,204996.265625,204836.578125,204934.921875,-0.5146484375,0.001708984375,-0.814208984375,-0.7324218153953552,0.4577636420726776,0.4272460639476776,80.0,6425.0,1.0,O,M,I,0
204556.5625,204671.71875,204891.203125,204776.5,204900.328125,205130.28125,204970.78125,205069.046875,-0.511962890625,0.00244140625,-0.809814453125,-0.6713866591453552,0.5798339247703552,0.5493163466453552,80.0,6426.0,1.0,O,M,I,0
205425.59375,205540.578125,205760.0625,205645.53125,205769.09375,205999.765625,205839.28125,205938.34375,-0.51318359375,0.001220703125,-0.8134765625,-0.7934569716453552,0.5798339247703552,0.4882812201976776,80.0,6427.0,1.0,O,M,I,0
205424.796875,205539.59375,205759.078125,205644.46875,205767.84375,205998.6875,205838.296875,205937.453125,-0.51318359375,0.0009765625,-0.815185546875,-0.8544921278953552,0.4577636420726776,0.5187987685203552,80.0,6428.0,1.0,O,M,I,0
204581.859375,204696.390625,204915.890625,204801.4375,204925.09375,205155.3125,204995.1875,205094.25,-0.5146484375,0.000244140625,-0.8134765625,-0.7019042372703552,0.3967284858226776,0.4882812201976776,80.0,6429.0,1.0,O,M,I,0
204500.5,204615.125,204834.609375,204720.0,204843.734375,205073.59375,204913.734375,205012.796875,-0.513916015625,0.00048828125,-0.81494140625,-0.7019042372703552,0.4272460639476776,0.4272460639476776,80.0,6430.0,1.0,O,M,I,0
205358.546875,205473.703125,205693.453125,205578.21875,205701.953125,205932.265625,205772.40625,205871.203125,-0.514404296875,0.000732421875,-0.81396484375,-0.6408690810203552,0.4272460639476776,0.3967284858226776,80.0,6431.0,1.0,O,M,I,0
205576.421875,205691.9375,205911.515625,205796.453125,205920.28125,206150.5,205990.375,206089.265625,-0.513671875,0.000732421875,-0.810791015625,-0.7019042372703552,0.4577636420726776,0.4272460639476776,80.0,6432.0,1.0,O,M,I,0
204774.984375,204890.046875,205109.546875,204995.1875,205118.390625,205348.609375,205188.484375,205286.828125,-0.513916015625,0.000732421875,-0.813232421875,-0.6408690810203552,0.4272460639476776,0.4272460639476776,80.0,6433.0,1.0,O,M,I,0
204480.5625,204596.078125,204815.65625,204701.125,204824.0625,205054.734375,204894.609375,204992.78125,-0.514404296875,-0.000244140625,-0.81640625,-0.7324218153953552,0.3662109076976776,0.4272460639476776,80.0,6434.0,1.0,O,M,I,0
205273.328125,205388.671875,205608.4375,205493.71875,205617.375,205847.5,205687.203125,205786.171875,-0.5146484375,0.0,-0.812744140625,-0.7934569716453552,0.4882812201976776,0.5493163466453552,80.0,6435.0,1.0,O,M,I,0
205695.78125,205811.203125,206030.703125,205915.71875,206039.640625,206270.046875,206109.375,206208.796875,-0.51513671875,0.000732421875,-0.812255859375,-0.7934569716453552,0.4577636420726776,0.4882812201976776,80.0,6436.0,1.0,O,M,I,0
204983.03125,205098.359375,205318.125,205203.421875,205326.625,205557.203125,205397.078125,205495.78125,-0.5126953125,0.000732421875,-0.812255859375,-0.6713866591453552,0.4577636420726776,0.3662109076976776,80.0,6437.0,1.0,O,M,I,0
204496.75,204612.171875,204832.015625,204717.578125,204840.609375,205070.828125,204911.328125,205009.859375,-0.515625,0.000244140625,-0.811767578125,-0.7324218153953552,0.5187987685203552,0.4882812201976776,80.0,6438.0,1.0,O,M,I,0
205172.578125,205287.90625,205507.765625,205392.78125,205516.4375,205746.921875,205587.0625,205685.59375,-0.514404296875,0.0009765625,-0.809326171875,-0.7934569716453552,0.3662109076976776,0.4577636420726776,80.0,6439.0,1.0,O,M,I,0
205770.078125,205885.421875,206105.0,205990.015625,206113.84375,206344.25,206184.578125,206283.1875,-0.515380859375,0.0,-0.81005859375,-0.7934569716453552,0.4882812201976776,0.4577636420726776,80.0,6440.0,1.0,O,M,I,0
205195.109375,205310.4375,205530.203125,205415.578125,205538.515625,205769.1875,205609.59375,205707.765625,-0.514404296875,0.000244140625,-0.813232421875,-0.7324218153953552,0.5187987685203552,0.4272460639476776,80.0,6441.0,1.0,O,M,I,0
204549.3125,204664.734375,204884.421875,204769.96875,204893.0,205123.578125,204963.8125,205061.4375,-0.512451171875,0.003173828125,-0.814453125,-0.7934569716453552,0.4577636420726776,0.4577636420726776,80.0,6442.0,1.0,O,M,I,0
205066.453125,205181.875,205401.640625,205286.828125,205410.21875,205640.703125,205480.84375,205579.109375,-0.5126953125,0.000244140625,-0.812744140625,-0.7934569716453552,0.3967284858226776,0.4272460639476776,80.0,6443.0,1.0,O,M,I,0
205803.078125,205918.046875,206137.984375,206023.1875,206146.390625,206377.328125,206217.203125,206316.09375,-0.513427734375,0.00146484375,-0.8115234375,-0.7629393935203552,0.4577636420726776,0.4272460639476776,80.0,6444.0,1.0,O,M,I,0
205404.578125,205519.734375,205739.59375,205624.96875,205747.90625,205978.84375,205818.984375,205917.421875,-0.514892578125,0.001953125,-0.81103515625,-0.7019042372703552,0.4272460639476776,0.4577636420726776,80.0,6445.0,1.0,O,M,I,0
204643.734375,204758.890625,204978.734375,204864.390625,204987.234375,205217.8125,205058.046875,205156.125,-0.514892578125,0.00146484375,-0.811767578125,-0.7019042372703552,0.4272460639476776,0.4882812201976776,80.0,6446.0,1.0,O,M,I,0
204971.234375,205086.46875,205306.234375,205191.703125,205314.546875,205545.3125,205385.625,205483.703125,-0.512939453125,0.0,-0.809814453125,-0.7019042372703552,0.4272460639476776,0.4882812201976776,80.0,6447.0,1.0,O,M,I,0
205801.109375,205916.265625,206136.015625,206021.40625,206144.25,206375.1875,206215.59375,206313.9375,-0.51416015625,0.00146484375,-0.811279296875,-0.6408690810203552,0.4577636420726776,0.4577636420726776,80.0,6448.0,1.0,O,M,I,0
205604.234375,205719.390625,205938.609375,205824.4375,205947.46875,206178.40625,206018.359375,206116.625,-0.51513671875,0.00146484375,-0.812744140625,-0.6408690810203552,0.4272460639476776,0.3967284858226776,80.0,6449.0,1.0,O,M,I,0
204775.421875,204890.5,205109.984375,204995.71875,205118.921875,205349.78125,205189.5625,205287.28125,-0.513916015625,0.0,-0.810791015625,-0.7019042372703552,0.4272460639476776,0.3662109076976776,80.0,6450.0,1.0,O,M,I,0
204893.359375,205008.953125,205228.453125,205114.015625,205236.953125,205467.609375,205307.9375,205405.5625,-0.5146484375,-0.00048828125,-0.81201171875,-0.7934569716453552,0.4272460639476776,0.4882812201976776,80.0,6451.0,1.0,O,M,I,0
205763.46875,205879.0625,206098.203125,205983.765625,206106.96875,206337.8125,206177.859375,206275.9375,-0.516357421875,0.0,-0.812744140625,-0.7019042372703552,0.4577636420726776,0.4272460639476776,80.0,6452.0,1.0,O,M,I,0
205781.25,205896.5,206116.0,206001.546875,206125.03125,206355.609375,206195.828125,206294.0,-0.515380859375,-0.000244140625,-0.8134765625,-0.6713866591453552,0.5187987685203552,0.4272460639476776,80.0,6453.0,1.0,O,M,I,0
204940.03125,205055.265625,205274.765625,205160.328125,205283.703125,205514.109375,205354.78125,205452.59375,-0.513916015625,0.000732421875,-0.812255859375,-0.5798339247703552,0.4577636420726776,0.4882812201976776,80.0,6454.0,1.0,O,M,I,0
204839.078125,204954.515625,205173.90625,205059.203125,205182.765625,205412.90625,205253.671875,205351.390625,-0.5146484375,0.001220703125,-0.810302734375,-0.6408690810203552,0.3967284858226776,0.4882812201976776,80.0,6455.0,1.0,O,M,I,0
205693.015625,205808.53125,206027.921875,205913.3125,206036.6875,206267.265625,206107.59375,206205.84375,-0.513671875,0.0009765625,-0.81201171875,-0.7324218153953552,0.4577636420726776,0.3967284858226776,80.0,6456.0,1.0,O,M,I,0
205929.765625,206045.1875,206264.59375,206149.703125,206273.359375,206504.109375,206343.890625,206442.515625,-0.51416015625,-0.001220703125,-0.814208984375,-0.6713866591453552,0.3967284858226776,0.5493163466453552,80.0,6457.0,1.0,O,M,I,0
205130.90625,205246.0625,205465.65625,205350.84375,205474.234375,205704.984375,205544.78125,205643.484375,-0.514404296875,-0.00048828125,-0.813232421875,-0.7324218153953552,0.3967284858226776,0.4882812201976776,80.0,6458.0,1.0,O,M,I,0
204819.234375,204934.75,205154.328125,205039.890625,205162.921875,205393.234375,205233.90625,205332.078125,-0.5166015625,-0.000244140625,-0.813720703125,-0.7934569716453552,0.4882812201976776,0.4882812201976776,80.0,6459.0,1.0,O,M,I,0
205604.859375,205720.015625,205939.59375,205825.515625,205948.359375,206179.109375,206019.34375,206117.78125,-0.514404296875,-0.001220703125,-0.81201171875,-0.7019042372703552,0.3967284858226776,0.4577636420726776,80.0,6460.0,1.0,O,M,I,0
206039.734375,206154.984375,206374.65625,206260.65625,206383.40625,206614.53125,206454.21875,206553.015625,-0.51513671875,-0.0009765625,-0.813232421875,-0.7324218153953552,0.4882812201976776,0.4882812201976776,80.0,6461.0,1.0,O,M,I,0
205335.5625,205450.625,205670.390625,205556.3125,205679.25,205909.734375,205750.140625,205848.3125,-0.515625,0.0,-0.813232421875,-0.7324218153953552,0.5798339247703552,0.4882812201976776,80.0,6462.0,1.0,O,M,I,0
204837.203125,204952.359375,205171.953125,205057.859375,205180.34375,205411.109375,205251.4375,205349.859375,-0.51416015625,0.00048828125,-0.81298828125,-0.7934569716453552,0.4882812201976776,0.4577636420726776,80.0,6463.0,1.0,O,M,I,0
205503.5625,205618.890625,205838.203125,205723.953125,205846.703125,206077.640625,205917.953125,206016.3125,-0.513427734375,0.00146484375,-0.809814453125,-0.7019042372703552,0.4577636420726776,0.4272460639476776,80.0,6464.0,1.0,O,M,I,0
206113.3125,206228.296875,206447.703125,206333.25,206456.453125,206687.125,206527.171875,206625.890625,-0.513916015625,0.000732421875,-0.81201171875,-0.6408690810203552,0.4882812201976776,0.3356933295726776,80.0,6465.0,1.0,O,M,I,0
205551.921875,205667.0,205886.75,205772.3125,205895.703125,206125.828125,205966.0625,206064.5,-0.514404296875,0.00244140625,-0.813232421875,-0.7019042372703552,0.4882812201976776,0.4272460639476776,80.0,6466.0,1.0,O,M,I,0
204896.9375,205012.09375,205231.40625,205117.40625,205240.25,205470.5625,205311.15625,205409.328125,-0.515380859375,0.0,-0.813232421875,-0.7019042372703552,0.4882812201976776,0.4272460639476776,80.0,6467.0,1.0,O,M,I,0
205400.296875,205515.625,205734.671875,205620.765625,205743.703125,205974.015625,205814.515625,205913.125,-0.513427734375,0.00146484375,-0.81103515625,-0.8239745497703552,0.5187987685203552,0.4272460639476776,80.0,6468.0,1.0,O,M,I,0
206147.28125,206262.265625,206481.9375,206367.40625,206490.703125,206721.734375,206561.328125,206660.390625,-0.514892578125,0.00244140625,-0.813720703125,-0.7324218153953552,0.5493163466453552,0.4577636420726776,80.0,6469.0,1.0,O,M,I,0
205764.71875,205879.25,206099.546875,205984.5625,206107.59375,206338.890625,206178.671875,206277.015625,-0.5146484375,0.002197265625,-0.813720703125,-0.6408690810203552,0.5187987685203552,0.4272460639476776,80.0,6470.0,1.0,O,M,I,0
204996.171875,205110.96875,205331.1875,205216.375,205339.140625,205570.4375,205410.125,205508.46875,-0.51611328125,0.00244140625,-0.811767578125,-0.6408690810203552,0.3967284858226776,0.3967284858226776,80.0,6471.0,1.0,O,M,I,0
205308.296875,205423.09375,205643.296875,205528.328125,205651.34375,205882.46875,205722.25,205820.953125,-0.514404296875,0.001953125,-0.81201171875,-0.7324218153953552,0.4882812201976776,0.4577636420726776,80.0,6472.0,1.0,O,M,I,0
206143.0,206257.703125,206477.734375,206363.203125,206486.234375,206716.90625,206556.765625,206655.921875,-0.515869140625,0.002197265625,-0.814208984375,-0.7934569716453552,0.5187987685203552,0.4577636420726776,80.0,6473.0,1.0,O,M,I,0
205960.703125,206075.765625,206295.703125,206181.359375,206304.203125,206534.859375,206375.1875,206473.890625,-0.514892578125,0.002197265625,-0.814453125,-0.7019042372703552,0.4577636420726776,0.3967284858226776,80.0,6474.0,1.0,O,M,I,0
205128.578125,205243.734375,205463.59375,205349.0625,205472.0,205702.75,205542.890625,205641.25,-0.5126953125,0.00048828125,-0.812744140625,-0.6713866591453552,0.4882812201976776,0.4272460639476776,80.0,6475.0,1.0,O,M,I,0
205230.234375,205345.75,205565.15625,205450.71875,205573.734375,205804.59375,205644.734375,205743.078125,-0.511474609375,0.001953125,-0.812255859375,-0.7324218153953552,0.5798339247703552,0.3967284858226776,80.0,6476.0,1.0,O,M,I,0
206100.4375,206215.953125,206435.265625,206321.0,206443.84375,206675.0625,206514.84375,206613.640625,-0.51416015625,0.00146484375,-0.8115234375,-0.6408690810203552,0.4577636420726776,0.3967284858226776,80.0,6477.0,1.0,O,M,I,0
206137.453125,206252.96875,206472.28125,206358.375,206480.78125,206712.15625,206551.671875,206650.65625,-0.5146484375,0.0009765625,-0.813720703125,-0.7019042372703552,0.5187987685203552,0.3356933295726776,80.0,6478.0,1.0,O,M,I,0
205297.296875,205412.984375,205632.125,205518.75,205641.0625,205871.921875,205712.046875,205810.3125,-0.51611328125,0.00048828125,-0.8134765625,-0.7019042372703552,0.4577636420726776,0.3356933295726776,80.0,6479.0,1.0,O,M,I,0
205179.71875,205294.96875,205514.46875,205400.65625,205523.234375,205753.8125,205594.3125,205692.296875,-0.514892578125,0.0009765625,-0.81494140625,-0.7324218153953552,0.4577636420726776,0.3356933295726776,80.0,6480.0,1.0,O,M,I,0
206029.8125,206144.96875,206364.71875,206250.375,206373.3125,206604.25,206444.203125,206542.828125,-0.512451171875,-0.0009765625,-0.81640625,-0.7324218153953552,0.4577636420726776,0.3967284858226776,80.0,6481.0,1.0,O,M,I,0
206281.21875,206396.546875,206616.140625,206501.78125,206624.625,206855.75,206695.4375,206794.234375,-0.513916015625,-0.00048828125,-0.816162109375,-0.6408690810203552,0.5493163466453552,0.3662109076976776,80.0,6482.0,1.0,O,M,I,0
205487.828125,205603.0625,205822.390625,205708.03125,205831.328125,206062.078125,205901.953125,206000.65625,-0.513427734375,0.000732421875,-0.814697265625,-0.6408690810203552,0.5187987685203552,0.4577636420726776,80.0,6483.0,1.0,O,M,I,0
205161.671875,205276.828125,205496.40625,205382.328125,205505.34375,205736.015625,205575.984375,205674.5,-0.5126953125,-0.000244140625,-0.81103515625,-0.6713866591453552,0.4272460639476776,0.4272460639476776,80.0,6484.0,1.0,O,M,I,0
205941.203125,206056.1875,206275.765625,206161.234375,206284.171875,206515.734375,206355.15625,206453.953125,-0.510498046875,0.000732421875,-0.810791015625,-0.7629393935203552,0.4577636420726776,0.4577636420726776,80.0,6485.0,1.0,O,M,I,0
206393.15625,206508.3125,206727.984375,206613.453125,206736.484375,206967.5,206807.46875,206906.53125,-0.5126953125,0.001220703125,-0.8125,-0.7629393935203552,0.4577636420726776,0.4577636420726776,80.0,6486.0,1.0,O,M,I,0
205698.375,205813.171875,206032.9375,205918.765625,206041.875,206272.1875,206112.234375,206211.03125,-0.513671875,0.001708984375,-0.811767578125,-0.6713866591453552,0.5798339247703552,0.4577636420726776,80.0,6487.0,1.0,O,M,I,0
205182.59375,205297.296875,205517.0625,205402.609375,205526.265625,205756.484375,205596.546875,205695.15625,-0.51220703125,0.000244140625,-0.8125,-0.7629393935203552,0.5187987685203552,0.4272460639476776,80.0,6488.0,1.0,O,M,I,0
205836.15625,205950.6875,206170.09375,206055.46875,206179.109375,206409.96875,206249.484375,206348.1875,-0.514404296875,0.000732421875,-0.809326171875,-0.7629393935203552,0.3967284858226776,0.4272460639476776,80.0,6489.0,1.0,O,M,I,0
206457.625,206572.421875,206791.734375,206677.109375,206800.578125,207031.796875,206871.03125,206970.09375,-0.51513671875,0.001220703125,-0.8095703125,-0.7934569716453552,0.4272460639476776,0.4577636420726776,80.0,6490.0,1.0,O,M,I,0
205908.390625,206023.28125,206243.21875,206128.25,206251.71875,206482.828125,206322.53125,206421.3125,-0.51318359375,0.001953125,-0.81201171875,-0.7629393935203552,0.5187987685203552,0.3662109076976776,80.0,6491.0,1.0,O,M,I,0
205241.0625,205356.03125,205576.15625,205460.90625,205584.46875,205815.234375,205655.109375,205753.625,-0.514404296875,-0.0009765625,-0.815185546875,-0.7324218153953552,0.4882812201976776,0.4577636420726776,80.0,6492.0,1.0,O,M,I,0
205730.296875,205845.453125,206065.125,205950.140625,206073.890625,206304.640625,206144.25,206243.40625,-0.513916015625,-0.0009765625,-0.814208984375,-0.7629393935203552,0.3967284858226776,0.4272460639476776,80.0,6493.0,1.0,O,M,I,0
206485.78125,206601.125,206820.796875,206706.078125,206829.375,207060.578125,206899.921875,206999.609375,-0.51416015625,-0.000732421875,-0.81103515625,-0.7324218153953552,0.4577636420726776,0.3967284858226776,80.0,6494.0,1.0,O,M,I,0
206118.953125,206234.1875,206453.6875,206338.96875,206462.453125,206693.203125,206533.078125,206632.40625,-0.515380859375,0.000244140625,-0.812255859375,-0.7019042372703552,0.4882812201976776,0.3967284858226776,80.0,6495.0,1.0,O,M,I,0
205341.546875,205456.625,205676.109375,205561.21875,205684.609375,205915.359375,205755.234375,205854.21875,-0.512939453125,-0.00048828125,-0.81201171875,-0.6408690810203552,0.5187987685203552,0.3662109076976776,80.0,6496.0,1.0,O,M,I,0
205636.6875,205751.578125,205970.984375,205856.359375,205979.65625,206210.671875,206050.28125,206149.34375,-0.512939453125,-0.00146484375,-0.8134765625,-0.7629393935203552,0.4882812201976776,0.4272460639476776,80.0,6497.0,1.0,O,M,I,0
206476.75,206591.90625,206811.40625,206696.515625,206819.890625,207051.015625,206890.53125,206989.859375,-0.511962890625,0.0,-0.811767578125,-0.7019042372703552,0.4882812201976776,0.3967284858226776,80.0,6498.0,1.0,O,M,I,0
206314.5625,206429.8125,206649.3125,206534.15625,206657.625,206888.921875,206728.4375,206827.765625,-0.51416015625,0.00048828125,-0.810546875,-0.7324218153953552,0.5798339247703552,0.4577636420726776,80.0,6499.0,1.0,O,M,I,0
205479.328125,205594.484375,205813.890625,205698.828125,205822.109375,206053.046875,205892.921875,205991.984375,-0.51220703125,0.000244140625,-0.812255859375,-0.6713866591453552,0.5493163466453552,0.4577636420726776,80.0,6500.0,1.0,O,M,I,0
205562.921875,205678.171875,205897.484375,205782.59375,205906.15625,206136.5625,205976.609375,206075.40625,-0.5126953125,0.000732421875,-0.81298828125,-0.7629393935203552,0.5187987685203552,0.4272460639476776,80.0,6501.0,1.0,O,M,O,0
206434.828125,206550.328125,206770.09375,206654.765625,206778.046875,207009.0,206848.78125,206947.84375,-0.5126953125,0.00146484375,-0.812255859375,-0.8239745497703552,0.4882812201976776,0.4577636420726776,80.0,6502.0,1.0,O,M,O,0
206489.453125,206605.140625,206825.0,206709.484375,206832.5,207063.625,206903.671875,207002.734375,-0.5146484375,0.0009765625,-0.811279296875,-0.7629393935203552,0.4882812201976776,0.4272460639476776,80.0,6503.0,1.0,O,M,O,0
205649.828125,205765.4375,205984.828125,205870.03125,205993.328125,206223.90625,206064.234375,206162.9375,-0.513916015625,-0.000732421875,-0.8095703125,-0.8239745497703552,0.3662109076976776,0.4577636420726776,80.0,6504.0,1.0,O,M,O,0
205515.09375,205630.34375,205849.921875,205735.125,205858.765625,206089.265625,205929.5,206027.921875,-0.51513671875,0.0,-0.80908203125,-0.7629393935203552,0.3967284858226776,0.4882812201976776,80.0,6505.0,1.0,O,M,O,0
206363.734375,206478.625,206698.578125,206583.59375,206706.96875,206938.0,206777.609375,206876.578125,-0.515625,0.0009765625,-0.810546875,-0.7629393935203552,0.3967284858226776,0.5187987685203552,80.0,6506.0,1.0,O,M,O,0
206631.6875,206746.578125,206966.53125,206851.28125,206974.75,207205.78125,207045.375,207144.359375,-0.51318359375,0.001220703125,-0.815673828125,-0.7629393935203552,0.4882812201976776,0.4577636420726776,80.0,6507.0,1.0,O,M,O,0
205845.1875,205960.609375,206180.015625,206065.21875,206188.421875,206419.078125,206259.046875,206358.109375,-0.513916015625,0.00146484375,-0.814453125,-0.7629393935203552,0.5493163466453552,0.3356933295726776,80.0,6508.0,1.0,O,M,O,0
205501.5,205617.015625,205836.15625,205721.53125,205844.640625,206075.140625,205915.359375,206014.34375,-0.513671875,0.00146484375,-0.811767578125,-0.7324218153953552,0.5187987685203552,0.3356933295726776,80.0,6509.0,1.0,O,M,O,0
206271.65625,206386.71875,206606.03125,206491.765625,206614.703125,206845.28125,206685.515625,206784.40625,-0.51513671875,0.00048828125,-0.811767578125,-0.6713866591453552,0.5798339247703552,0.4272460639476776,80.0,6510.0,1.0,O,M,O,0
206737.90625,206853.421875,207072.734375,206958.203125,207081.140625,207312.0,207151.6875,207250.65625,-0.515625,0.000732421875,-0.81201171875,-0.7629393935203552,0.5798339247703552,0.3662109076976776,80.0,6511.0,1.0,O,M,O,0
206053.765625,206168.75,206388.328125,206273.53125,206396.546875,206627.765625,206467.546875,206566.34375,-0.515869140625,-0.001708984375,-0.8125,-0.6713866591453552,0.4272460639476776,0.3662109076976776,80.0,6512.0,1.0,O,M,O,0
205524.65625,205639.640625,205859.3125,205744.6875,205867.71875,206098.734375,205938.609375,206036.953125,-0.51611328125,-0.001220703125,-0.8125,-0.6713866591453552,0.4882812201976776,0.3967284858226776,80.0,6513.0,1.0,O,M,O,0
206169.015625,206284.171875,206503.484375,206388.953125,206512.15625,206743.1875,206582.796875,206681.671875,-0.516357421875,-0.00048828125,-0.81298828125,-0.7629393935203552,0.3967284858226776,0.3662109076976776,80.0,6514.0,1.0,O,M,O,0
206804.78125,206920.296875,207139.34375,207024.8125,207147.75,207379.3125,207218.390625,207317.796875,-0.51416015625,-0.00048828125,-0.811767578125,-0.7934569716453552,0.3662109076976776,0.3662109076976776,80.0,6515.0,1.0,O,M,O,0
206269.6875,206385.109375,206604.25,206489.71875,206612.734375,206843.859375,206683.28125,206782.171875,-0.514892578125,0.00146484375,-0.812255859375,-0.7629393935203552,0.4577636420726776,0.4882812201976776,80.0,6516.0,1.0,O,M,O,0
205590.015625,205705.703125,205924.671875,205810.40625,205933.34375,206164.28125,206004.140625,206102.40625,-0.51416015625,0.002197265625,-0.813232421875,-0.7324218153953552,0.4882812201976776,0.5493163466453552,80.0,6517.0,1.0,O,M,O,0
206064.234375,206179.5625,206398.796875,206284.4375,206407.28125,206638.40625,206478.265625,206576.796875,-0.512939453125,-0.000732421875,-0.8125,-0.7629393935203552,0.3967284858226776,0.4272460639476776,80.0,6518.0,1.0,O,M,O,0
206827.578125,206942.828125,207162.234375,207047.890625,207170.640625,207402.03125,207241.453125,207340.6875,-0.51220703125,0.0,-0.81103515625,-0.7629393935203552,0.4577636420726776,0.4577636420726776,80.0,6519.0,1.0,O,M,O,0
206477.640625,206592.796875,206812.125,206697.671875,206821.0625,207052.0,206891.6875,206990.65625,-0.51416015625,0.00048828125,-0.81103515625,-0.6713866591453552,0.4577636420726776,0.4882812201976776,80.0,6520.0,1.0,O,M,O,0
205696.140625,205811.390625,206030.609375,205916.34375,206039.640625,206270.3125,206110.453125,206208.984375,-0.513916015625,0.0,-0.810546875,-0.7324218153953552,0.3967284858226776,0.4272460639476776,80.0,6521.0,1.0,O,M,O,0
205972.3125,206087.203125,206306.96875,206192.53125,206315.8125,206546.3125,206386.71875,206484.796875,-0.51220703125,0.000732421875,-0.810302734375,-0.7629393935203552,0.3662109076976776,0.3967284858226776,80.0,6522.0,1.0,O,M,O,0
206815.15625,206930.3125,207149.8125,207035.09375,207158.5625,207389.15625,207229.015625,207328.078125,-0.51220703125,0.000244140625,-0.810791015625,-0.7324218153953552,0.3967284858226776,0.4272460639476776,80.0,6523.0,1.0,O,M,O,0
206671.921875,206786.640625,207006.40625,206891.6875,207015.34375,207245.828125,207085.703125,207184.765625,-0.512451171875,-0.000244140625,-0.81201171875,-0.6713866591453552,0.4577636420726776,0.4272460639476776,80.0,6524.0,1.0,O,M,O,0
205834.90625,205949.515625,206169.375,206054.84375,206177.953125,206409.078125,206248.5,206347.5625,-0.512451171875,-0.00048828125,-0.813720703125,-0.6103515028953552,0.4882812201976776,0.4577636420726776,80.0,6525.0,1.0,O,M,O,0
205897.03125,206012.28125,206232.046875,206116.796875,206240.359375,206471.484375,206310.984375,206409.78125,-0.513671875,-0.0009765625,-0.812255859375,-0.6713866591453552,0.4577636420726776,0.3662109076976776,80.0,6526.0,1.0,O,M,O,0
206766.875,206882.484375,207101.96875,206986.8125,207110.46875,207341.765625,207181.1875,207280.078125,-0.513427734375,0.00146484375,-0.813232421875,-0.6713866591453552,0.4577636420726776,0.4272460639476776,80.0,6527.0,1.0,O,M,O,0
206840.109375,206954.90625,207175.109375,207059.78125,207183.15625,207414.359375,207253.875,207353.03125,-0.51318359375,0.00048828125,-0.812255859375,-0.7629393935203552,0.4272460639476776,0.4577636420726776,80.0,6528.0,1.0,O,M,O,0
206004.0625,206118.765625,206339.0625,206223.8125,206347.203125,206578.40625,206418.015625,206516.8125,-0.51318359375,-0.00048828125,-0.81298828125,-0.7324218153953552,0.4882812201976776,0.4577636420726776,80.0,6529.0,1.0,O,M,O,0
205852.421875,205967.125,206187.25,206072.28125,206195.390625,206426.328125,206266.375,206365.0,-0.51513671875,-0.000244140625,-0.8125,-0.7629393935203552,0.4882812201976776,0.3662109076976776,80.0,6530.0,1.0,O,M,O,0
206694.640625,206809.34375,207029.5625,206914.75,207037.6875,207268.71875,207108.59375,207207.46875,-0.513427734375,-0.00048828125,-0.81298828125,-0.7324218153953552,0.4272460639476776,0.4272460639476776,80.0,6531.0,1.0,O,M,O,0
206980.5625,207095.453125,207315.5625,207200.234375,207323.4375,207554.546875,207394.34375,207493.578125,-0.513671875,0.002685546875,-0.813720703125,-0.7934569716453552,0.3967284858226776,0.5187987685203552,80.0,6532.0,1.0,O,M,O,0
206199.6875,206315.015625,206534.6875,206419.796875,206543.0,206774.03125,206613.640625,206712.875,-0.511962890625,0.00439453125,-0.813720703125,-0.7934569716453552,0.4882812201976776,0.5187987685203552,80.0,6533.0,1.0,O,M,O,0
205839.375,205954.609375,206174.375,206059.578125,206182.96875,206413.71875,206253.6875,206352.296875,-0.51220703125,0.003173828125,-0.81201171875,-0.7324218153953552,0.5493163466453552,0.5798339247703552,80.0,6534.0,1.0,O,M,O,0
206600.40625,206715.46875,206935.5,206820.34375,206943.28125,207174.9375,207014.359375,207113.328125,-0.513671875,0.001220703125,-0.81298828125,-0.7324218153953552,0.5187987685203552,0.4272460639476776,80.0,6535.0,1.0,O,M,O,0
207082.84375,207197.640625,207417.84375,207302.421875,207425.546875,207656.921875,207496.703125,207595.765625,-0.514404296875,0.000732421875,-0.811279296875,-0.7324218153953552,0.4272460639476776,0.4272460639476776,80.0,6536.0,1.0,O,M,O,0
206409.703125,206524.671875,206744.796875,206629.453125,206752.484375,206983.6875,206823.65625,206922.453125,-0.513671875,0.002685546875,-0.811279296875,-0.6408690810203552,0.4882812201976776,0.4577636420726776,80.0,6537.0,1.0,O,M,O,0
205867.984375,205983.046875,206203.078125,206087.75,206211.03125,206441.890625,206281.9375,206380.46875,-0.514404296875,0.000244140625,-0.810546875,-0.6713866591453552,0.5493163466453552,0.4577636420726776,80.0,6538.0,1.0,O,M,O,0
206497.140625,206612.46875,206832.0625,206717.25,206840.1875,207071.3125,206911.265625,207009.96875,-0.51220703125,-0.0009765625,-0.81201171875,-0.7934569716453552,0.4272460639476776,0.4882812201976776,80.0,6539.0,1.0,O,M,O,0
207145.15625,207260.671875,207479.90625,207365.015625,207488.484375,207719.328125,207559.296875,207658.09375,-0.512451171875,-0.00146484375,-0.815185546875,-0.7934569716453552,0.3967284858226776,0.4882812201976776,80.0,6540.0,1.0,O,M,O,0
206623.734375,206739.078125,206958.65625,206843.859375,206967.0625,207197.8125,207037.609375,207136.671875,-0.512451171875,0.00048828125,-0.811767578125,-0.7934569716453552,0.4577636420726776,0.5187987685203552,80.0,6541.0,1.0,O,M,O,0
205935.84375,206050.90625,206270.40625,206156.046875,206278.625,206509.75,206349.4375,206448.59375,-0.515869140625,0.000732421875,-0.812744140625,-0.7019042372703552,0.4272460639476776,0.3967284858226776,80.0,6542.0,1.0,O,M,O,0
206395.84375,206510.90625,206730.484375,206615.78125,206738.53125,206969.65625,206809.25,206908.40625,-0.515625,0.00048828125,-0.81396484375,-0.6713866591453552,0.5493163466453552,0.4272460639476776,80.0,6543.0,1.0,O,M,O,0
207167.25,207282.75,207502.515625,207387.09375,207510.296875,207741.953125,207580.921875,207680.53125,-0.513916015625,0.0009765625,-0.81201171875,-0.6713866591453552,0.6408690810203552,0.4577636420726776,80.0,6544.0,1.0,O,M,O,0
206832.765625,206948.015625,207167.515625,207052.359375,207175.640625,207407.03125,207246.546875,207345.609375,-0.514404296875,0.002197265625,-0.807861328125,-0.6713866591453552,0.6103515028953552,0.3967284858226776,80.0,6545.0,1.0,O,M,O,0
206043.671875,206159.0,206378.40625,206263.34375,206386.71875,206617.75,206457.625,206556.421875,-0.513916015625,0.003173828125,-0.810302734375,-0.6713866591453552,0.4577636420726776,0.3967284858226776,80.0,6546.0,1.0,O,M,O,0
206305.53125,206421.40625,206640.453125,206525.5625,206648.953125,206879.796875,206719.765625,206818.734375,-0.513671875,0.00048828125,-0.812744140625,-0.5798339247703552,0.4577636420726776,0.4882812201976776,80.0,6547.0,1.0,O,M,O,0
207153.109375,207268.90625,207487.953125,207373.140625,207496.265625,207727.375,207567.34375,207666.484375,-0.513916015625,-0.00048828125,-0.814453125,-0.6408690810203552,0.4272460639476776,0.4882812201976776,80.0,6548.0,1.0,O,M,O,0
207023.125,207138.625,207357.953125,207243.234375,207366.171875,207597.5625,207437.078125,207536.5,-0.51416015625,0.001953125,-0.813232421875,-0.7934569716453552,0.4882812201976776,0.4882812201976776,80.0,6549.0,1.0,O,M,O,0
206184.390625,206299.375,206519.125,206404.15625,206526.90625,206758.203125,206597.984375,206697.40625,-0.51416015625,0.000244140625,-0.811279296875,-0.6713866591453552,0.5187987685203552,0.4577636420726776,80.0,6550.0,1.0,O,M,O,0
206229.09375,206344.078125,206563.921875,206449.125,206572.0625,206803.09375,206643.046875,206741.84375,-0.512451171875,-0.000244140625,-0.814208984375,-0.6713866591453552,0.5798339247703552,0.4577636420726776,80.0,6551.0,1.0,O,M,O,0
207100.09375,207215.25,207434.75,207320.046875,207443.234375,207674.359375,207514.140625,207613.296875,-0.515625,-0.00048828125,-0.813720703125,-0.7629393935203552,0.4882812201976776,0.3356933295726776,80.0,6552.0,1.0,O,M,O,0
207190.046875,207305.46875,207524.875,207410.34375,207533.28125,207764.578125,207604.0,207703.5,-0.515380859375,-0.000732421875,-0.815673828125,-0.7019042372703552,0.5187987685203552,0.4577636420726776,80.0,6553.0,1.0,O,M,O,0
206356.046875,206470.9375,206690.4375,206575.8125,206699.203125,206929.859375,206770.09375,206868.984375,-0.5166015625,-0.00048828125,-0.815673828125,-0.8239745497703552,0.4882812201976776,0.4882812201976776,80.0,6554.0,1.0,O,M,O,0
206185.640625,206300.796875,206520.65625,206406.125,206529.140625,206759.8125,206600.3125,206698.484375,-0.513916015625,0.001953125,-0.812255859375,-0.7934569716453552,0.4577636420726776,0.5187987685203552,80.0,6555.0,1.0,O,M,O,0
207024.015625,207139.34375,207359.015625,207244.3125,207367.515625,207598.8125,207438.5,207536.9375,-0.513427734375,0.001220703125,-0.810302734375,-0.7324218153953552,0.4577636420726776,0.4272460639476776,80.0,6556.0,1.0,O,M,O,0
207325.765625,207440.921875,207661.21875,207546.328125,207669.265625,207900.734375,207740.609375,207839.40625,-0.51416015625,0.000732421875,-0.8134765625,-0.6713866591453552,0.5187987685203552,0.4272460639476776,80.0,6557.0,1.0,O,M,O,0
206551.9375,206667.453125,206887.21875,206772.328125,206895.359375,207126.5625,206966.609375,207065.5,-0.51416015625,0.001953125,-0.81005859375,-0.6103515028953552,0.4577636420726776,0.4577636420726776,80.0,6558.0,1.0,O,M,O,0
206176.875,206291.953125,206511.625,206396.828125,206519.9375,206751.046875,206591.28125,206689.8125,-0.51123046875,-0.000732421875,-0.81103515625,-0.5798339247703552,0.4882812201976776,0.3662109076976776,80.0,6559.0,1.0,O,M,O,0
206926.65625,207041.53125,207261.390625,207146.765625,207269.703125,207501.0,207341.140625,207439.75,-0.5126953125,0.00048828125,-0.812255859375,-0.7629393935203552,0.5493163466453552,0.3662109076976776,80.0,6560.0,1.0,O,M,O,0
207426.515625,207541.671875,207761.265625,207646.828125,207769.578125,208000.6875,207840.921875,207940.25,-0.5126953125,-0.000732421875,-0.81103515625,-0.7934569716453552,0.5798339247703552,0.4577636420726776,80.0,6561.0,1.0,O,M,O,0
206764.46875,206879.984375,207099.734375,206984.859375,207107.609375,207338.71875,207179.40625,207277.84375,-0.513671875,0.000244140625,-0.81201171875,-0.7934569716453552,0.4882812201976776,0.3967284858226776,80.0,6562.0,1.0,O,M,O,0
206207.90625,206323.328125,206542.828125,206427.84375,206550.6875,206782.078125,206622.578125,206720.828125,-0.5126953125,0.00146484375,-0.8115234375,-0.7324218153953552,0.4882812201976776,0.3967284858226776,80.0,6563.0,1.0,O,M,O,0
206824.8125,206939.796875,207159.828125,207044.390625,207167.59375,207398.890625,207239.21875,207337.734375,-0.513427734375,0.0009765625,-0.810302734375,-0.7324218153953552,0.4882812201976776,0.3967284858226776,80.0,6564.0,1.0,O,M,O,0
207484.90625,207600.15625,207820.09375,207704.75,207827.875,208059.34375,207899.3125,207998.28125,-0.511962890625,0.001220703125,-0.810302734375,-0.7324218153953552,0.4577636420726776,0.3967284858226776,80.0,6565.0,1.0,O,M,O,0
206978.140625,207093.75,207313.25,207198.453125,207321.109375,207552.59375,207392.375,207491.34375,-0.513916015625,0.00048828125,-0.81201171875,-0.7019042372703552,0.4882812201976776,0.4882812201976776,80.0,6566.0,1.0,O,M,O,0
206278.8125,206394.59375,206614.171875,206499.28125,206622.125,206853.25,206693.390625,206792.09375,-0.513671875,-0.000244140625,-0.8115234375,-0.7629393935203552,0.4577636420726776,0.4577636420726776,80.0,6567.0,1.0,O,M,O,0
206722.890625,206838.21875,207057.546875,206943.09375,207065.9375,207297.515625,207137.296875,207236.265625,-0.5166015625,-0.00146484375,-0.81396484375,-0.7019042372703552,0.4577636420726776,0.5493163466453552,80.0,6568.0,1.0,O,M,O,0
207505.46875,207621.515625,207840.390625,207725.765625,207848.53125,208080.359375,207920.046875,208019.46875,-0.515380859375,-0.000732421875,-0.814453125,-0.7019042372703552,0.4577636420726776,0.4272460639476776,80.0,6569.0,1.0,O,M,O,0
207188.34375,207304.03125,207523.171875,207408.015625,207531.125,207762.78125,207602.46875,207701.453125,-0.51611328125,-0.000732421875,-0.81103515625,-0.7934569716453552,0.3967284858226776,0.4272460639476776,80.0,6570.0,1.0,O,M,O,0
206391.09375,206506.4375,206725.75,206611.046875,206733.703125,206965.09375,206804.96875,206903.484375,-0.513671875,-0.000244140625,-0.813720703125,-0.6713866591453552,0.4882812201976776,0.4577636420726776,80.0,6571.0,1.0,O,M,O,0
206630.53125,206745.953125,206965.1875,206850.46875,206973.046875,207204.53125,207044.578125,207143.28125,-0.511962890625,0.00146484375,-0.812255859375,-0.6408690810203552,0.4882812201976776,0.4882812201976776,80.0,6572.0,1.0,O,M,O,0
207483.296875,207598.71875,207818.03125,207703.0625,207825.8125,208058.0,207897.421875,207996.5,-0.512939453125,-0.000244140625,-0.812255859375,-0.6408690810203552,0.4577636420726776,0.5493163466453552,80.0,6573.0,1.0,O,M,O,0
207378.78125,207493.9375,207713.34375,207598.625,207721.5625,207953.046875,207792.640625,207892.15625,-0.51416015625,0.000732421875,-0.811279296875,-0.7324218153953552,0.4577636420726776,0.5187987685203552,80.0,6574.0,1.0,O,M,O,0
206539.25,206654.3125,206873.71875,206758.921875,206882.390625,207113.0625,206952.84375,207052.171875,-0.51220703125,0.001220703125,-0.81005859375,-0.6713866591453552,0.4272460639476776,0.5493163466453552,80.0,6575.0,1.0,O,M,O,0
206562.84375,206678.09375,206897.40625,206782.703125,206905.90625,207136.9375,206977.078125,207075.78125,-0.512939453125,0.0009765625,-0.81494140625,-0.6713866591453552,0.4882812201976776,0.3967284858226776,80.0,6576.0,1.0,O,M,O,0
207431.625,207547.046875,207766.625,207651.921875,207774.671875,208005.96875,207846.109375,207945.171875,-0.513671875,0.000732421875,-0.816162109375,-0.6103515028953552,0.4577636420726776,0.4272460639476776,80.0,6577.0,1.0,O,M,O,0
207543.203125,207658.53125,207877.671875,207762.96875,207885.890625,208117.375,207957.328125,208056.21875,-0.51171875,0.0,-0.81201171875,-0.6103515028953552,0.4577636420726776,0.4577636420726776,80.0,6578.0,1.0,O,M,O,0
206713.140625,206828.03125,207047.703125,206932.90625,207056.109375,207287.046875,207126.828125,207225.796875,-0.511962890625,0.00048828125,-0.810546875,-0.7324218153953552,0.4882812201976776,0.4272460639476776,80.0,6579.0,1.0,O,M,O,0
206522.0,206637.15625,206856.46875,206741.671875,206865.21875,207095.8125,206935.59375,207034.65625,-0.513427734375,0.000732421875,-0.8115234375,-0.7934569716453552,0.4882812201976776,0.4577636420726776,80.0,6580.0,1.0,O,M,O,0
207354.375,207469.703125,207689.015625,207574.21875,207697.25,207928.625,207768.140625,207867.390625,-0.512939453125,0.00048828125,-0.812744140625,-0.7629393935203552,0.4577636420726776,0.4577636420726776,80.0,6581.0,1.0,O,M,O,0
207675.515625,207790.5,208010.265625,207895.28125,208018.125,208249.875,208089.5625,208188.984375,-0.51318359375,0.0,-0.811767578125,-0.7324218153953552,0.4882812201976776,0.4272460639476776,80.0,6582.0,1.0,O,M,O,0
206909.484375,207024.90625,207244.40625,207129.875,207252.8125,207484.09375,207323.890625,207423.125,-0.51318359375,0.000244140625,-0.81201171875,-0.7934569716453552,0.4882812201976776,0.5187987685203552,80.0,6583.0,1.0,O,M,O,0
206517.34375,206632.953125,206852.53125,206737.734375,206860.671875,207091.6875,206931.65625,207030.625,-0.513916015625,0.001220703125,-0.81103515625,-0.7629393935203552,0.4577636420726776,0.3967284858226776,80.0,6584.0,1.0,O,M,O,0
207258.265625,207373.5,207592.8125,207478.109375,207600.953125,207832.25,207672.390625,207771.546875,-0.513671875,0.00048828125,-0.8134765625,-0.7324218153953552,0.5187987685203552,0.4577636420726776,80.0,6585.0,1.0,O,M,O,0
207769.40625,207884.90625,208104.234375,207989.34375,208112.28125,208343.484375,208183.53125,208282.859375,-0.514404296875,0.000732421875,-0.811279296875,-0.6103515028953552,0.5187987685203552,0.4577636420726776,80.0,6586.0,1.0,O,M,O,0
207118.515625,207234.125,207453.53125,207338.71875,207461.84375,207692.6875,207532.5625,207631.984375,-0.512939453125,0.00146484375,-0.809814453125,-0.7324218153953552,0.4882812201976776,0.4272460639476776,80.0,6587.0,1.0,O,M,O,0
206550.25,206666.03125,206885.609375,206770.71875,206893.921875,207124.59375,206964.640625,207063.4375,-0.51416015625,0.000732421875,-0.81103515625,-0.6408690810203552,0.5187987685203552,0.4577636420726776,80.0,6588.0,1.0,O,M,O,0
207154.09375,207269.875,207489.375,207374.125,207497.78125,207728.8125,207568.59375,207667.75,-0.515869140625,0.001220703125,-0.810302734375,-0.6408690810203552,0.4882812201976776,0.4882812201976776,80.0,6589.0,1.0,O,M,O,0
207826.796875,207942.484375,208161.265625,208046.296875,208169.3125,208400.96875,208240.390625,208340.078125,-0.515625,0.000244140625,-0.8125,-0.6713866591453552,0.4577636420726776,0.4272460639476776,80.0,6590.0,1.0,O,M,O,0
207334.96875,207450.3125,207669.4375,207554.546875,207677.75,207909.046875,207748.65625,207847.71875,-0.515625,-0.000244140625,-0.812255859375,-0.6713866591453552,0.4577636420726776,0.4272460639476776,80.0,6591.0,1.0,O,M,O,0
206624.90625,206740.140625,206959.640625,206844.65625,206967.859375,207199.078125,207039.125,207137.46875,-0.51318359375,-0.000244140625,-0.81103515625,-0.6713866591453552,0.4272460639476776,0.4882812201976776,80.0,6592.0,1.0,O,M,O,0
207051.015625,207166.34375,207385.3125,207270.78125,207393.984375,207625.28125,207465.0625,207563.9375,-0.513427734375,-0.0009765625,-0.81298828125,-0.7324218153953552,0.3967284858226776,0.4272460639476776,80.0,6593.0,1.0,O,M,O,0
207840.296875,207956.078125,208175.03125,208060.515625,208183.625,208415.09375,208254.4375,208354.125,-0.51416015625,-0.002197265625,-0.812255859375,-0.7934569716453552,0.4882812201976776,0.3967284858226776,80.0,6594.0,1.0,O,M,O,0
207539.171875,207654.59375,207873.734375,207759.203125,207882.234375,208113.53125,207953.125,208052.734375,-0.5126953125,0.000244140625,-0.809814453125,-0.7324218153953552,0.5187987685203552,0.3967284858226776,80.0,6595.0,1.0,O,M,O,0
206737.375,206852.53125,207071.671875,206957.671875,207080.421875,207311.28125,207151.15625,207250.390625,-0.513916015625,-0.0009765625,-0.812255859375,-0.7629393935203552,0.4882812201976776,0.4577636420726776,80.0,6596.0,1.0,O,M,O,0
206962.140625,207077.125,207296.703125,207182.078125,207305.109375,207536.046875,207375.828125,207475.078125,-0.5126953125,0.0009765625,-0.812744140625,-0.6713866591453552,0.5493163466453552,0.3356933295726776,80.0,6597.0,1.0,O,M,O,0
207819.015625,207933.90625,208153.484375,208038.515625,208161.71875,208393.375,208232.796875,208332.3125,-0.512451171875,-0.000244140625,-0.8115234375,-0.7019042372703552,0.5798339247703552,0.3356933295726776,80.0,6598.0,1.0,O,M,O,0
207728.546875,207843.78125,208063.015625,207948.125,208071.234375,208303.34375,208142.578125,208241.828125,-0.512939453125,-0.001220703125,-0.812744140625,-0.7019042372703552,0.5187987685203552,0.3356933295726776,80.0,6599.0,1.0,O,M,O,0
206884.71875,207000.046875,207219.546875,207104.484375,207227.859375,207459.0625,207298.84375,207397.828125,-0.5126953125,-0.00048828125,-0.813720703125,-0.7019042372703552,0.4272460639476776,0.3967284858226776,80.0,6600.0,1.0,O,M,O,0
206893.484375,207009.0,207228.21875,207113.15625,207236.4375,207467.5625,207307.34375,207406.140625,-0.5126953125,-0.000732421875,-0.8134765625,-0.7019042372703552,0.4272460639476776,0.3967284858226776,80.0,6601.0,1.0,O,M,O,0
207761.53125,207876.953125,208096.453125,207981.375,208104.671875,208336.0625,208175.484375,208274.90625,-0.51416015625,0.000244140625,-0.81201171875,-0.7629393935203552,0.3662109076976776,0.4577636420726776,80.0,6602.0,1.0,O,M,O,0
207888.9375,208004.625,208223.765625,208108.609375,208231.90625,208463.828125,208302.71875,208402.40625,-0.51318359375,0.000732421875,-0.8134765625,-0.7324218153953552,0.4272460639476776,0.4577636420726776,80.0,6603.0,1.0,O,M,O,0
207061.296875,207176.625,207395.859375,207280.703125,207404.34375,207635.640625,207475.078125,207574.3125,-0.513916015625,0.00244140625,-0.813720703125,-0.7324218153953552,0.4272460639476776,0.5187987685203552,80.0,6604.0,1.0,O,M,O,0
206854.5,206969.75,207189.328125,207074.078125,207197.734375,207428.84375,207268.359375,207367.328125,-0.51318359375,0.0029296875,-0.81005859375,-0.7629393935203552,0.4272460639476776,0.4577636420726776,80.0,6605.0,1.0,O,M,O,0
207681.328125,207796.484375,208016.15625,207901.09375,208024.390625,208255.6875,208094.84375,208194.265625,-0.513671875,0.0029296875,-0.8115234375,-0.7324218153953552,0.3967284858226776,0.4882812201976776,80.0,6606.0,1.0,O,M,O,0
208018.671875,208133.828125,208353.046875,208238.15625,208361.265625,208593.109375,208432.171875,208531.59375,-0.513916015625,0.001220703125,-0.815185546875,-0.7324218153953552,0.4577636420726776,0.4882812201976776,80.0,6607.0,1.0,O,M,O,0
207259.515625,207374.671875,207594.421875,207479.359375,207602.390625,207834.046875,207673.203125,207772.703125,-0.51416015625,-0.000732421875,-0.813232421875,-0.6103515028953552,0.4577636420726776,0.3662109076976776,80.0,6608.0,1.0,O,M,O,0
206849.84375,206965.1875,207184.859375,207069.609375,207192.90625,207424.015625,207263.796875,207362.78125,-0.51513671875,-0.000244140625,-0.81396484375,-0.6103515028953552,0.3967284858226776,0.3967284858226776,80.0,6609.0,1.0,O,M,O,0
207580.65625,207696.265625,207915.484375,207800.25,207923.625,208155.015625,207994.609375,208093.765625,-0.513427734375,0.000244140625,-0.810546875,-0.7629393935203552,0.4577636420726776,0.4577636420726776,80.0,6610.0,1.0,O,M,O,0
208109.6875,208225.203125,208444.421875,208329.359375,208452.375,208684.484375,208523.640625,208623.0625,-0.513671875,-0.000244140625,-0.8134765625,-0.7629393935203552,0.4577636420726776,0.5493163466453552,80.0,6611.0,1.0,O,M,O,0
207471.3125,207586.734375,207806.0625,207690.984375,207813.921875,208045.671875,207885.09375,207984.328125,-0.513671875,-0.00048828125,-0.812255859375,-0.7934569716453552,0.4882812201976776,0.4882812201976776,80.0,6612.0,1.0,O,M,O,0
206887.046875,207002.90625,207221.953125,207107.15625,207230.359375,207461.84375,207301.4375,207400.421875,-0.513916015625,0.000732421875,-0.812744140625,-0.7629393935203552,0.4577636420726776,0.4577636420726776,80.0,6613.0,1.0,O,M,O,0
207478.46875,207594.34375,207813.5625,207698.765625,207821.875,208053.359375,207892.953125,207992.015625,-0.515380859375,0.001220703125,-0.814208984375,-0.6408690810203552,0.4272460639476776,0.4882812201976776,80.0,6614.0,1.0,O,M,O,0
208161.1875,208276.96875,208496.546875,208381.484375,208504.328125,208736.15625,208575.671875,208675.0,-0.51416015625,0.0009765625,-0.8154296875,-0.6408690810203552,0.5187987685203552,0.4272460639476776,80.0,6615.0,1.0,O,M,O,0
207683.84375,207799.53125,208019.296875,207904.140625,208026.890625,208258.984375,208098.140625,208197.65625,-0.5146484375,0.00048828125,-0.814453125,-0.6408690810203552,0.5187987685203552,0.4577636420726776,80.0,6616.0,1.0,O,M,O,0
206962.5,207078.015625,207297.328125,207182.4375,207305.640625,207537.125,207376.359375,207475.421875,-0.513916015625,0.000732421875,-0.811767578125,-0.7324218153953552,0.4577636420726776,0.4882812201976776,80.0,6617.0,1.0,O,M,O,0
207371.71875,207487.140625,207706.640625,207591.65625,207715.125,207946.609375,207785.84375,207885.0,-0.5146484375,0.000732421875,-0.80908203125,-0.7019042372703552,0.4882812201976776,0.5187987685203552,80.0,6618.0,1.0,O,M,O,0
208170.390625,208285.1875,208505.046875,208390.0625,208513.265625,208745.09375,208584.34375,208683.9375,-0.51416015625,-0.0009765625,-0.81005859375,-0.7629393935203552,0.4577636420726776,0.5187987685203552,80.0,6619.0,1.0,O,M,O,0
207888.3125,208003.46875,208223.140625,208108.078125,208231.09375,208462.75,208302.171875,208401.6875,-0.511962890625,-0.001220703125,-0.810546875,-0.7324218153953552,0.3662109076976776,0.4882812201976776,80.0,6620.0,1.0,O,M,O,0
207080.78125,207196.03125,207415.796875,207300.734375,207423.75,207655.40625,207494.46875,207593.890625,-0.51220703125,0.00048828125,-0.81005859375,-0.8239745497703552,0.3967284858226776,0.4272460639476776,80.0,6621.0,1.0,O,M,O,0
207286.875,207402.203125,207622.0625,207506.984375,207630.015625,207861.75,207700.734375,207800.25,-0.513916015625,0.001708984375,-0.810546875,-0.7934569716453552,0.4272460639476776,0.3967284858226776,80.0,6622.0,1.0,O,M,O,0
208146.78125,208262.03125,208481.796875,208366.640625,208489.921875,208721.765625,208560.734375,208660.078125,-0.513916015625,0.000732421875,-0.8134765625,-0.7629393935203552,0.5187987685203552,0.3051757514476776,80.0,6623.0,1.0,O,M,O,0
208076.515625,208191.84375,208411.515625,208296.453125,208420.015625,208651.21875,208490.28125,208589.890625,-0.51318359375,0.000244140625,-0.81103515625,-0.6713866591453552,0.4882812201976776,0.3662109076976776,80.0,6624.0,1.0,O,M,O,0
207232.234375,207347.578125,207567.15625,207452.359375,207575.828125,207806.859375,207646.28125,207745.078125,-0.512939453125,0.002685546875,-0.81103515625,-0.7934569716453552,0.4882812201976776,0.3967284858226776,80.0,6625.0,1.0,O,M,O,0
207221.875,207337.109375,207556.875,207441.90625,207565.015625,207796.40625,207635.921875,207734.796875,-0.51318359375,0.00244140625,-0.809814453125,-0.8544921278953552,0.5187987685203552,0.4272460639476776,80.0,6626.0,1.0,O,M,O,0
208089.03125,208204.359375,208424.3125,208308.96875,208432.078125,208663.921875,208503.25,208602.84375,-0.513916015625,0.001953125,-0.811767578125,-0.6713866591453552,0.5493163466453552,0.3967284858226776,80.0,6627.0,1.0,O,M,O,0
208235.75,208350.984375,208571.109375,208455.59375,208578.890625,208810.546875,208649.796875,208749.296875,-0.514404296875,0.000732421875,-0.811767578125,-0.7629393935203552,0.5187987685203552,0.4577636420726776,80.0,6628.0,1.0,O,M,O,0
207410.25,207525.5,207745.078125,207630.375,207753.578125,207984.875,207824.296875,207923.359375,-0.51318359375,-0.0009765625,-0.8115234375,-0.7019042372703552,0.5187987685203552,0.3967284858226776,80.0,6629.0,1.0,O,M,O,0
207184.046875,207299.125,207518.875,207404.265625,207527.375,207758.484375,207597.921875,207697.0625,-0.51416015625,-0.00048828125,-0.81201171875,-0.6408690810203552,0.5493163466453552,0.3662109076976776,80.0,6630.0,1.0,O,M,O,0
208003.734375,208118.984375,208338.828125,208223.859375,208347.0625,208578.53125,208417.78125,208517.015625,-0.5126953125,0.000244140625,-0.81201171875,-0.7934569716453552,0.4577636420726776,0.3967284858226776,80.0,6631.0,1.0,O,M,O,0
208360.203125,208475.53125,208695.203125,208579.875,208703.078125,208935.0,208774.421875,208873.578125,-0.513671875,-0.0009765625,-0.814453125,-0.7629393935203552,0.4272460639476776,0.4272460639476776,80.0,6632.0,1.0,O,M,O,0
207612.40625,207727.203125,207947.3125,207832.25,207955.28125,208186.65625,208026.265625,208125.421875,-0.51416015625,-0.001220703125,-0.812255859375,-0.7629393935203552,0.4882812201976776,0.3967284858226776,80.0,6633.0,1.0,O,M,O,0
207187.625,207302.515625,207522.640625,207407.484375,207530.859375,207761.703125,207601.5,207700.5625,-0.514892578125,-0.002685546875,-0.8134765625,-0.7629393935203552,0.5493163466453552,0.4577636420726776,80.0,6634.0,1.0,O,M,O,0
207908.875,208024.125,208243.875,208129.0,208252.015625,208483.40625,208323.0,208421.890625,-0.513916015625,-0.00146484375,-0.811767578125,-0.8239745497703552,0.4882812201976776,0.5187987685203552,80.0,6635.0,1.0,O,M,O,0
208452.375,208567.359375,208787.125,208672.234375,208795.078125,209026.734375,208866.421875,208965.578125,-0.514892578125,0.000732421875,-0.81103515625,-0.7629393935203552,0.4882812201976776,0.4577636420726776,80.0,6636.0,1.0,O,M,O,0
207826.0,207941.234375,208160.828125,208045.9375,208168.78125,208400.078125,208239.953125,208339.28125,-0.515380859375,0.00048828125,-0.80908203125,-0.7019042372703552,0.5187987685203552,0.3662109076976776,80.0,6637.0,1.0,O,M,O,0
207227.953125,207343.109375,207562.59375,207447.71875,207570.734375,207802.03125,207641.71875,207740.96875,-0.51416015625,0.000732421875,-0.810302734375,-0.6713866591453552,0.4577636420726776,0.3967284858226776,80.0,6638.0,1.0,O,M,O,0
207803.28125,207918.53125,208138.109375,208023.3125,208146.34375,208378.078125,208217.328125,208316.5625,-0.51220703125,0.00244140625,-0.810791015625,-0.7629393935203552,0.4272460639476776,0.3967284858226776,80.0,6639.0,1.0,O,M,O,0
208501.1875,208616.796875,208836.375,208721.21875,208844.34375,209076.078125,208915.421875,209015.109375,-0.51416015625,0.001953125,-0.810546875,-0.7019042372703552,0.4882812201976776,0.4577636420726776,80.0,6640.0,1.0,O,M,O,0
208039.59375,208154.75,208374.328125,208259.078125,208382.46875,208613.84375,208453.625,208552.875,-0.511962890625,-0.000732421875,-0.810302734375,-0.7019042372703552,0.4272460639476776,0.4577636420726776,80.0,6641.0,1.0,O,M,O,0
207306.890625,207421.875,207641.375,207526.390625,207649.859375,207881.15625,207720.671875,207819.640625,-0.51220703125,0.0,-0.8125,-0.6713866591453552,0.4577636420726776,0.5187987685203552,80.0,6642.0,1.0,O,M,O,0
207699.390625,207814.28125,208033.953125,207918.53125,208041.734375,208273.921875,208112.90625,208212.140625,-0.513427734375,0.001220703125,-0.81298828125,-0.7324218153953552,0.5187987685203552,0.3967284858226776,80.0,6643.0,1.0,O,M,O,0
208505.390625,208620.109375,208840.140625,208724.53125,208847.5625,209079.84375,208919.34375,209018.6875,-0.513916015625,0.001220703125,-0.81201171875,-0.7629393935203552,0.4272460639476776,0.5187987685203552,80.0,6644.0,1.0,O,M,O,0
208239.671875,208354.65625,208575.046875,208459.4375,208582.375,208814.484375,208653.90625,208752.96875,-0.513671875,-0.00048828125,-0.811767578125,-0.6408690810203552,0.4577636420726776,0.4272460639476776,80.0,6645.0,1.0,O,M,O,0
207426.96875,207541.859375,207762.15625,207646.828125,207769.84375,208001.40625,207840.921875,207940.171875,-0.515625,0.00146484375,-0.812255859375,-0.5493163466453552,0.5187987685203552,0.4272460639476776,80.0,6646.0,1.0,O,M,O,0
207614.359375,207729.609375,207949.546875,207834.390625,207957.78125,208188.890625,208028.234375,208127.734375,-0.513916015625,0.00146484375,-0.811279296875,-0.6408690810203552,0.5798339247703552,0.4577636420726776,80.0,6647.0,1.0,O,M,O,0
208476.078125,208591.234375,208811.265625,208695.921875,208819.21875,209050.953125,208889.9375,208989.984375,-0.5126953125,0.001708984375,-0.81201171875,-0.6713866591453552,0.4577636420726776,0.4272460639476776,80.0,6648.0,1.0,O,M,O,0
208424.3125,208539.375,208759.40625,208644.0625,208767.265625,208998.921875,208838.078125,208937.765625,-0.51513671875,0.00244140625,-0.8125,-0.7019042372703552,0.4272460639476776,0.3662109076976776,80.0,6649.0,1.0,O,M,O,0
207580.390625,207695.1875,207915.125,207800.25,207923.09375,208154.921875,207994.078125,208093.234375,-0.513427734375,0.00146484375,-0.813720703125,-0.7934569716453552,0.5187987685203552,0.5187987685203552,80.0,6650.0,1.0,O,M,O,0
207549.015625,207663.90625,207883.75,207769.21875,207891.703125,208123.625,207963.046875,208062.03125,-0.512451171875,0.0,-0.8154296875,-0.6103515028953552,0.4882812201976776,0.4577636420726776,80.0,6651.0,1.0,O,M,O,0
208416.265625,208531.421875,208751.4375,208636.375,208759.3125,208991.234375,208830.5625,208929.640625,-0.5146484375,0.000732421875,-0.812744140625,-0.7629393935203552,0.4272460639476776,0.5187987685203552,80.0,6652.0,1.0,O,M,O,0
208582.734375,208697.984375,208917.734375,208802.765625,208925.25,209157.625,208996.6875,209096.375,-0.514892578125,0.00048828125,-0.8154296875,-0.7324218153953552,0.3967284858226776,0.3967284858226776,80.0,6653.0,1.0,O,M,O,0
207764.578125,207879.375,208099.484375,207984.59375,208107.09375,208339.28125,208178.4375,208277.765625,-0.513427734375,-0.000732421875,-0.81298828125,-0.6103515028953552,0.4577636420726776,0.4577636420726776,80.0,6654.0,1.0,O,M,O,0
207520.40625,207635.640625,207855.765625,207740.609375,207863.28125,208094.921875,207934.625,208033.859375,-0.5126953125,0.00244140625,-0.80908203125,-0.6408690810203552,0.5493163466453552,0.4272460639476776,80.0,6655.0,1.0,O,M,O,0
208334.625,208449.96875,208669.640625,208554.65625,208677.5,208909.0625,208748.859375,208848.265625,-0.51171875,0.001953125,-0.81103515625,-0.7629393935203552,0.4577636420726776,0.3967284858226776,80.0,6656.0,1.0,O,M,O,0
208706.65625,208821.890625,209041.296875,208926.59375,209049.53125,209281.0,209120.78125,209220.296875,-0.5146484375,0.000244140625,-0.812255859375,-0.7019042372703552,0.4577636420726776,0.4272460639476776,80.0,6657.0,1.0,O,M,O,0
207966.09375,208081.78125,208301.1875,208186.390625,208309.6875,208540.71875,208380.40625,208479.828125,-0.514404296875,0.000732421875,-0.809326171875,-0.7324218153953552,0.4577636420726776,0.3967284858226776,80.0,6658.0,1.0,O,M,O,0
207522.640625,207638.234375,207857.46875,207742.84375,207866.140625,208097.4375,207936.765625,208036.015625,-0.513427734375,0.001953125,-0.81298828125,-0.7019042372703552,0.4577636420726776,0.4882812201976776,80.0,6659.0,1.0,O,M,O,0
208231.453125,208346.78125,208566.28125,208451.75,208574.6875,208806.25,208645.40625,208744.828125,-0.51416015625,0.0029296875,-0.813720703125,-0.8239745497703552,0.3662109076976776,0.3967284858226776,80.0,6660.0,1.0,O,M,O,0
208790.609375,208905.9375,209125.53125,209010.546875,209133.578125,209365.046875,209204.46875,209304.25,-0.51513671875,0.002197265625,-0.813720703125,-0.8239745497703552,0.3967284858226776,0.4272460639476776,80.0,6661.0,1.0,O,M,O,0
208179.234375,208294.75,208514.34375,208398.90625,208522.203125,208753.859375,208593.28125,208692.796875,-0.512451171875,0.00244140625,-0.814208984375,-0.7324218153953552,0.3662109076976776,0.4577636420726776,80.0,6662.0,1.0,O,M,O,0
207567.78125,207683.921875,207903.234375,207788.078125,207911.109375,208142.578125,207982.359375,208081.609375,-0.510986328125,0.001708984375,-0.81201171875,-0.6713866591453552,0.3356933295726776,0.5187987685203552,80.0,6663.0,1.0,O,M,O,0
208127.390625,208243.078125,208462.390625,208347.59375,208470.625,208702.359375,208541.421875,208641.203125,-0.51220703125,0.002685546875,-0.8095703125,-0.7324218153953552,0.4272460639476776,0.4577636420726776,80.0,6664.0,1.0,O,M,O,0
208833.96875,208949.578125,209169.0625,209053.90625,209177.203125,209409.125,209248.09375,209348.0625,-0.51220703125,0.003173828125,-0.81298828125,-0.7934569716453552,0.4882812201976776,0.5187987685203552,80.0,6665.0,1.0,O,M,O,0
208388.984375,208504.59375,208724.359375,208609.109375,208732.21875,208964.0625,208803.390625,208903.078125,-0.513916015625,0.00341796875,-0.814697265625,-0.7019042372703552,0.4272460639476776,0.4272460639476776,80.0,6666.0,1.0,O,M,O,0
207650.671875,207765.828125,207985.578125,207870.703125,207993.546875,208225.109375,208064.796875,208164.125,-0.512451171875,0.001953125,-0.812255859375,-0.8239745497703552,0.4882812201976776,0.4577636420726776,80.0,6667.0,1.0,O,M,O,0
208026.4375,208141.78125,208361.71875,208247.015625,208369.671875,208601.421875,208440.84375,208540.171875,-0.514404296875,0.00146484375,-0.81005859375,-0.7324218153953552,0.4577636420726776,0.4882812201976776,80.0,6668.0,1.0,O,M,O,0
208838.890625,208954.40625,209174.15625,209058.828125,209181.765625,209413.59375,209252.921875,209352.890625,-0.514404296875,0.00244140625,-0.808349609375,-0.7934569716453552,0.4577636420726776,0.4882812201976776,80.0,6669.0,1.0,O,M,O,0
208593.734375,208709.0625,208928.5625,208813.40625,208936.421875,209168.171875,209007.6875,209107.375,-0.5126953125,0.0009765625,-0.812255859375,-0.7934569716453552,0.5493163466453552,0.4577636420726776,80.0,6670.0,1.0,O,M,O,0
207775.5625,207891.265625,208110.9375,207995.421875,208118.4375,208350.1875,208189.796875,208289.390625,-0.515380859375,0.00048828125,-0.811279296875,-0.6713866591453552,0.4882812201976776,0.5493163466453552,80.0,6671.0,1.0,O,M,O,0
207943.75,208059.25,208279.015625,208163.6875,208286.890625,208518.1875,208357.703125,208457.203125,-0.515869140625,0.0009765625,-0.814208984375,-0.7019042372703552,0.3967284858226776,0.4882812201976776,80.0,6672.0,1.0,O,M,O,0
208809.375,208924.53125,209144.296875,209028.875,209152.078125,209383.90625,209223.15625,209323.109375,-0.515869140625,0.001220703125,-0.8125,-0.6713866591453552,0.4577636420726776,0.5187987685203552,80.0,6673.0,1.0,O,M,O,0
208776.296875,208891.640625,209111.046875,208995.609375,209119.09375,209350.828125,209189.984375,209290.125,-0.513916015625,-0.000244140625,-0.813720703125,-0.6713866591453552,0.3967284858226776,0.4272460639476776,80.0,6674.0,1.0,O,M,O,0
207932.125,208047.546875,208266.859375,208151.609375,208275.359375,208506.921875,208346.15625,208445.671875,-0.515380859375,-0.001953125,-0.814453125,-0.6713866591453552,0.4272460639476776,0.4882812201976776,80.0,6675.0,1.0,O,M,O,0
207881.875,207997.5625,208216.96875,208101.546875,208224.921875,208456.21875,208296.1875,208395.609375,-0.51318359375,0.00146484375,-0.814208984375,-0.7934569716453552,0.4577636420726776,0.4577636420726776,80.0,6676.0,1.0,O,M,O,0
208745.359375,208860.796875,209080.109375,208964.765625,209088.15625,209319.625,209159.40625,209259.28125,-0.514404296875,0.00048828125,-0.813720703125,-0.8239745497703552,0.5493163466453552,0.4882812201976776,80.0,6677.0,1.0,O,M,O,0
208928.828125,209043.984375,209263.296875,209148.59375,209271.796875,209503.171875,209342.96875,209442.734375,-0.513671875,0.001220703125,-0.813232421875,-0.8544921278953552,0.4882812201976776,0.4272460639476776,80.0,6678.0,1.0,O,M,O,0
208114.15625,208229.21875,208448.890625,208334.0,208457.5625,208688.859375,208528.46875,208627.890625,-0.513427734375,0.00048828125,-0.813720703125,-0.6713866591453552,0.4882812201976776,0.3662109076976776,80.0,6679.0,1.0,O,M,O,0
207851.75,207967.171875,208187.015625,208071.6875,208195.15625,208426.8125,208266.046875,208365.125,-0.51416015625,0.000732421875,-0.8134765625,-0.7324218153953552,0.4577636420726776,0.4272460639476776,80.0,6680.0,1.0,O,M,O,0
208657.203125,208772.71875,208992.484375,208877.0625,209000.0,209231.828125,209071.171875,209171.03125,-0.513671875,0.000732421875,-0.8115234375,-0.6713866591453552,0.4272460639476776,0.4272460639476776,80.0,6681.0,1.0,O,M,O,0
209047.109375,209162.265625,209382.125,209266.703125,209389.71875,209621.640625,209461.25,209561.03125,-0.51318359375,0.000244140625,-0.811279296875,-0.7019042372703552,0.4882812201976776,0.3967284858226776,80.0,6682.0,1.0,O,M,O,0
208316.296875,208431.640625,208651.40625,208536.328125,208659.4375,208890.828125,208730.53125,208829.9375,-0.513916015625,0.0009765625,-0.811279296875,-0.7934569716453552,0.4882812201976776,0.4272460639476776,80.0,6683.0,1.0,O,M,O,0
207856.84375,207972.359375,208192.03125,208076.6875,208200.15625,208431.453125,208270.875,208369.953125,-0.51318359375,0.0,-0.814453125,-0.7934569716453552,0.5187987685203552,0.4272460639476776,80.0,6684.0,1.0,O,M,O,0
208555.375,208670.984375,208891.015625,208775.3125,208898.875,209130.625,208969.6875,209069.109375,-0.513671875,0.000244140625,-0.812255859375,-0.8850097060203552,0.4577636420726776,0.4882812201976776,80.0,6685.0,1.0,O,M,O,0
209127.84375,209243.71875,209463.21875,209347.609375,209471.171875,209703.09375,209542.421875,209641.84375,-0.511474609375,0.0,-0.8095703125,-0.7934569716453552,0.5187987685203552,0.5187987685203552,80.0,6686.0,1.0,O,M,O,0
208529.71875,208644.78125,208864.8125,208749.390625,208872.765625,209104.421875,208944.203125,209043.53125,-0.5126953125,0.00048828125,-0.812255859375,-0.7629393935203552,0.4577636420726776,0.5493163466453552,80.0,6687.0,1.0,O,M,O,0
207903.6875,208018.84375,208238.875,208123.625,208247.1875,208478.390625,208318.09375,208417.515625,-0.51318359375,0.000244140625,-0.810546875,-0.7019042372703552,0.5187987685203552,0.5493163466453552,80.0,6688.0,1.0,O,M,O,0
208450.046875,208565.296875,208785.0625,208669.8125,208793.203125,209024.9375,208864.453125,208963.875,-0.51220703125,0.003173828125,-0.80908203125,-0.7629393935203552,0.4272460639476776,0.4272460639476776,80.0,6689.0,1.0,O,M,O,0
209169.328125,209284.75,209504.609375,209389.1875,209512.296875,209744.046875,209583.640625,209683.421875,-0.513671875,0.00244140625,-0.808349609375,-0.7629393935203552,0.3967284858226776,0.4577636420726776,80.0,6690.0,1.0,O,M,O,0
208742.234375,208858.109375,209077.6875,208962.625,209085.828125,209317.21875,209156.546875,209256.5,-0.51416015625,0.00244140625,-0.809326171875,-0.7019042372703552,0.4882812201976776,0.3967284858226776,80.0,6691.0,1.0,O,M,O,0
207993.546875,208109.328125,208328.8125,208213.9375,208337.3125,208568.34375,208408.21875,208507.28125,-0.513427734375,0.001220703125,-0.813232421875,-0.7019042372703552,0.5187987685203552,0.4882812201976776,80.0,6692.0,1.0,O,M,O,0
208351.703125,208467.578125,208686.984375,208571.5625,208695.03125,208926.5,208766.203125,208865.53125,-0.514404296875,0.000732421875,-0.811767578125,-0.6408690810203552,0.5798339247703552,0.4272460639476776,80.0,6693.0,1.0,O,M,O,0
209172.90625,209288.609375,209508.359375,209392.578125,209516.140625,209747.890625,209587.125,209686.828125,-0.513427734375,-0.001708984375,-0.809326171875,-0.6713866591453552,0.4272460639476776,0.3967284858226776,80.0,6694.0,1.0,O,M,O,0
208946.890625,209062.671875,209282.25,209166.921875,209290.484375,209522.046875,209361.296875,209461.15625,-0.5146484375,-0.000732421875,-0.810791015625,-0.6408690810203552,0.4272460639476776,0.4272460639476776,80.0,6695.0,1.0,O,M,O,0
208123.71875,208239.328125,208459.0,208343.578125,208467.125,208698.34375,208538.03125,208637.625,-0.513916015625,0.00048828125,-0.81005859375,-0.7324218153953552,0.4577636420726776,0.4272460639476776,80.0,6696.0,1.0,O,M,O,0
208270.4375,208386.21875,208605.984375,208490.46875,208613.84375,208845.6875,208685.109375,208784.4375,-0.512939453125,0.001953125,-0.81201171875,-0.7019042372703552,0.6103515028953552,0.3967284858226776,80.0,6697.0,1.0,O,M,O,0
209137.140625,209252.921875,209472.328125,209357.0,209480.734375,209712.296875,209551.640625,209651.140625,-0.51416015625,0.00146484375,-0.81103515625,-0.7934569716453552,0.5493163466453552,0.5187987685203552,80.0,6698.0,1.0,O,M,O,0
209126.234375,209241.9375,209461.25,209346.09375,209469.65625,209701.21875,209540.546875,209640.234375,-0.51513671875,0.000732421875,-0.8115234375,-0.7934569716453552,0.4577636420726776,0.4272460639476776,80.0,6699.0,1.0,O,M,O,0
208282.5,208397.9375,208617.609375,208502.53125,208625.734375,208857.125,208696.8125,208796.234375,-0.51513671875,0.000732421875,-0.810791015625,-0.7019042372703552,0.4272460639476776,0.3967284858226776,80.0,6700.0,1.0,O,M,O,0
208211.6875,208327.296875,208546.53125,208431.640625,208555.109375,208786.40625,208625.921875,208725.421875,-0.513427734375,0.000732421875,-0.811279296875,-0.8239745497703552,0.4882812201976776,0.4577636420726776,80.0,6701.0,1.0,O,M,O,0
209072.234375,209187.9375,209407.15625,209292.0,209415.375,209646.953125,209486.546875,209586.15625,-0.511962890625,0.001220703125,-0.812255859375,-0.8850097060203552,0.4882812201976776,0.4272460639476776,80.0,6702.0,1.0,O,M,O,0
209276.984375,209392.3125,209611.890625,209496.46875,209619.59375,209851.6875,209690.578125,209790.71875,-0.51171875,0.003173828125,-0.812255859375,-0.7324218153953552,0.5187987685203552,0.5187987685203552,80.0,6703.0,1.0,O,M,O,0
208467.84375,208583.1875,208802.9375,208687.78125,208810.71875,209042.375,208881.796875,208981.484375,-0.5126953125,0.002197265625,-0.811279296875,-0.7629393935203552,0.5798339247703552,0.4882812201976776,80.0,6704.0,1.0,O,M,O,0
208184.875,208300.296875,208519.703125,208404.640625,208528.015625,208759.21875,208599.28125,208698.515625,-0.515625,0.00244140625,-0.8154296875,-0.7019042372703552,0.4577636420726776,0.4577636420726776,80.0,6705.0,1.0,O,M,O,0
208983.09375,209098.4375,209318.28125,209202.859375,209326.0625,209557.8125,209397.40625,209496.921875,-0.51416015625,0.002197265625,-0.812744140625,-0.7629393935203552,0.5187987685203552,0.4577636420726776,80.0,6706.0,1.0,O,M,O,0
209392.765625,209507.921875,209728.03125,209612.703125,209735.90625,209967.734375,209807.25,209906.84375,-0.51513671875,0.001220703125,-0.814208984375,-0.7324218153953552,0.4272460639476776,0.4272460639476776,80.0,6707.0,1.0,O,M,O,0
208673.03125,208788.453125,209007.953125,208893.0625,209016.171875,209247.921875,209087.53125,209186.765625,-0.513916015625,0.001220703125,-0.812744140625,-0.6713866591453552,0.4882812201976776,0.4577636420726776,80.0,6708.0,1.0,O,M,O,0
208195.609375,208311.203125,208530.4375,208415.359375,208538.75,208770.40625,208609.640625,208709.0625,-0.51416015625,0.001708984375,-0.81396484375,-0.6408690810203552,0.5187987685203552,0.3967284858226776,80.0,6709.0,1.0,O,M,O,0
208878.21875,208994.0,209213.5,209098.515625,209221.8125,209453.375,209292.71875,209392.3125,-0.514892578125,0.001953125,-0.81201171875,-0.6408690810203552,0.4882812201976776,0.3967284858226776,80.0,6710.0,1.0,O,M,O,0
209467.234375,209583.109375,209802.78125,209687.359375,209810.65625,210042.390625,209881.8125,209981.78125,-0.515380859375,0.000732421875,-0.812255859375,-0.7019042372703552,0.5187987685203552,0.4577636420726776,80.0,6711.0,1.0,O,M,O,0
208883.234375,208998.5625,209218.5,209103.078125,209226.109375,209458.203125,209297.359375,209397.5,-0.515625,0.001220703125,-0.813720703125,-0.6103515028953552,0.5798339247703552,0.3967284858226776,80.0,6712.0,1.0,O,M,O,0
208245.3125,208360.375,208580.59375,208465.25,208588.359375,208820.375,208659.53125,208759.140625,-0.5126953125,0.0,-0.81591796875,-0.7324218153953552,0.4882812201976776,0.4577636420726776,80.0,6713.0,1.0,O,M,O,0
208775.5,208890.734375,209110.6875,208995.609375,209118.640625,209350.65625,209189.625,209289.578125,-0.51416015625,-0.00146484375,-0.81494140625,-0.7324218153953552,0.5187987685203552,0.4272460639476776,80.0,6714.0,1.0,O,M,O,0
209505.0625,209620.390625,209840.25,209724.90625,209847.9375,210080.296875,209919.28125,210019.421875,-0.512939453125,0.000244140625,-0.8134765625,-0.7629393935203552,0.5187987685203552,0.4577636420726776,80.0,6715.0,1.0,O,M,O,0
209094.140625,209210.015625,209429.421875,209314.078125,209437.546875,209669.46875,209508.546875,209608.5,-0.510498046875,0.00244140625,-0.8115234375,-0.7324218153953552,0.5187987685203552,0.3967284858226776,80.0,6716.0,1.0,O,M,O,0
208337.40625,208452.734375,208672.671875,208557.25,208680.453125,208912.28125,208751.71875,208851.40625,-0.513916015625,0.002685546875,-0.81005859375,-0.7934569716453552,0.4272460639476776,0.4577636420726776,80.0,6717.0,1.0,O,M,O,0
208676.703125,208792.03125,209011.890625,208896.1875,209019.671875,209251.59375,209090.828125,209190.703125,-0.513916015625,0.0029296875,-0.813232421875,-0.6713866591453552,0.5187987685203552,0.5187987685203552,80.0,6718.0,1.0,O,M,O,0
209500.5,209616.28125,209835.234375,209719.984375,209843.640625,210075.46875,209914.8125,210014.765625,-0.514892578125,0.0009765625,-0.811767578125,-0.5798339247703552,0.4272460639476776,0.4577636420726776,80.0,6719.0,1.0,O,M,O,0
209290.75,209406.265625,209625.484375,209510.515625,209633.890625,209865.8125,209704.796875,209804.921875,-0.51611328125,-0.0009765625,-0.813720703125,-0.7324218153953552,0.4272460639476776,0.3356933295726776,80.0,6720.0,1.0,O,M,O,0
208464.09375,208579.25,208799.1875,208683.765625,208807.140625,209038.703125,208878.21875,208977.90625,-0.5146484375,0.000244140625,-0.81103515625,-0.7324218153953552,0.4272460639476776,0.4272460639476776,80.0,6721.0,1.0,O,M,O,0
208592.921875,208707.71875,208927.84375,208812.15625,208935.71875,209167.453125,209006.796875,209106.484375,-0.514404296875,0.001220703125,-0.81103515625,-0.6713866591453552,0.4577636420726776,0.4272460639476776,80.0,6722.0,1.0,O,M,O,0
209460.984375,209576.3125,209796.25,209680.46875,209803.671875,210036.140625,209875.109375,209975.0625,-0.51318359375,0.0009765625,-0.8095703125,-0.7629393935203552,0.5798339247703552,0.4577636420726776,80.0,6723.0,1.0,O,M,O,0
209467.234375,209582.75,209802.78125,209687.0,209810.5625,210042.65625,209881.734375,209981.859375,-0.51318359375,0.0,-0.808837890625,-0.7019042372703552,0.3356933295726776,0.4577636420726776,80.0,6724.0,1.0,O,M,O,0
208623.953125,208739.828125,208959.234375,208844.15625,208967.90625,209199.28125,209038.4375,209138.40625,-0.511962890625,0.0009765625,-0.806884765625,-0.6408690810203552,0.3967284858226776,0.4272460639476776,80.0,6725.0,1.0,O,M,O,0
208537.671875,208653.015625,208872.5,208757.34375,208881.0,209112.5625,208951.984375,209051.671875,-0.51171875,0.001708984375,-0.809326171875,-0.7324218153953552,0.4882812201976776,0.4272460639476776,80.0,6726.0,1.0,O,M,O,0
209393.296875,209508.90625,209728.484375,209612.796875,209736.4375,209968.09375,209807.703125,209907.484375,-0.513671875,0.003662109375,-0.81103515625,-0.7324218153953552,0.4577636420726776,0.3662109076976776,80.0,6727.0,1.0,O,M,O,0
209614.9375,209730.625,209950.296875,209834.609375,209958.0,210189.90625,210028.984375,210129.296875,-0.51416015625,0.000244140625,-0.808837890625,-0.7629393935203552,0.3356933295726776,0.4882812201976776,80.0,6728.0,1.0,O,M,O,0
208811.609375,208927.21875,209146.890625,209031.375,209154.9375,209386.328125,209225.5625,209326.15625,-0.513427734375,0.001708984375,-0.8076171875,-0.7934569716453552,0.2441406100988388,0.4272460639476776,80.0,6729.0,1.0,O,M,O,0
208512.453125,208628.0625,208847.46875,208732.3125,208856.046875,209087.4375,208926.5,209026.640625,-0.5126953125,0.0009765625,-0.810302734375,-0.8239745497703552,0.4272460639476776,0.4577636420726776,80.0,6730.0,1.0,O,M,O,0
209302.375,209417.609375,209637.5625,209522.140625,209645.609375,209877.25,209716.421875,209816.375,-0.512451171875,0.0009765625,-0.8095703125,-0.7019042372703552,0.4882812201976776,0.4577636420726776,80.0,6731.0,1.0,O,M,O,0
209727.6875,209842.921875,210063.140625,209947.078125,210070.46875,210302.75,210141.8125,210241.6875,-0.51416015625,-0.001220703125,-0.81103515625,-0.6408690810203552,0.4882812201976776,0.4577636420726776,80.0,6732.0,1.0,O,M,O,0
209016.890625,209132.3125,209352.171875,209236.828125,209360.125,209591.953125,209431.203125,209530.890625,-0.5126953125,-0.00048828125,-0.812255859375,-0.6103515028953552,0.4272460639476776,0.4272460639476776,80.0,6733.0,1.0,O,M,O,0
208525.953125,208641.390625,208861.0625,208745.90625,208869.28125,209100.9375,208940.0,209040.140625,-0.513671875,0.0009765625,-0.813232421875,-0.7019042372703552,0.4577636420726776,0.5187987685203552,80.0,6734.0,1.0,O,M,O,0
209197.234375,209312.828125,209532.953125,209416.984375,209540.546875,209772.46875,209611.625,209711.59375,-0.513427734375,0.001953125,-0.81298828125,-0.7934569716453552,0.4577636420726776,0.4577636420726776,80.0,6735.0,1.0,O,M,O,0
209798.671875,209914.546875,210134.390625,210018.25,210141.984375,210374.0,210212.984375,210313.109375,-0.512451171875,0.000732421875,-0.81201171875,-0.7324218153953552,0.4577636420726776,0.3967284858226776,80.0,6736.0,1.0,O,M,O,0
209227.984375,209344.03125,209563.796875,209447.921875,209571.21875,209803.234375,209642.296875,209742.703125,-0.51220703125,0.001708984375,-0.809326171875,-0.7324218153953552,0.5187987685203552,0.4882812201976776,80.0,6737.0,1.0,O,M,O,0
208579.609375,208695.203125,208915.0625,208799.359375,208922.484375,209154.3125,208993.828125,209093.421875,-0.514404296875,0.00146484375,-0.810546875,-0.8544921278953552,0.4577636420726776,0.4272460639476776,80.0,6738.0,1.0,O,M,O,0
209095.65625,209211.359375,209430.765625,209315.15625,209438.453125,209670.640625,209509.796875,209609.390625,-0.51171875,0.00146484375,-0.811767578125,-0.8239745497703552,0.4882812201976776,0.4577636420726776,80.0,6739.0,1.0,O,M,O,0
209834.515625,209950.296875,210170.15625,210054.1875,210177.578125,210409.765625,210248.46875,210348.609375,-0.511474609375,0.000244140625,-0.8115234375,-0.7629393935203552,0.4577636420726776,0.3967284858226776,80.0,6740.0,1.0,O,M,O,0
209439.25,209554.859375,209774.796875,209658.75,209782.125,210014.234375,209853.125,209953.078125,-0.51220703125,0.00048828125,-0.8115234375,-0.7324218153953552,0.4882812201976776,0.5187987685203552,80.0,6741.0,1.0,O,M,O,0
208674.375,208789.890625,209009.734375,208893.953125,209017.515625,209249.53125,209088.421875,209188.46875,-0.514892578125,0.000244140625,-0.81494140625,-0.6713866591453552,0.4882812201976776,0.4577636420726776,80.0,6742.0,1.0,O,M,O,0
208997.21875,209113.1875,209332.6875,209216.984375,209340.546875,209572.375,209411.53125,209511.5,-0.51513671875,0.00048828125,-0.81396484375,-0.6408690810203552,0.4882812201976776,0.3662109076976776,80.0,6743.0,1.0,O,M,O,0
209827.640625,209943.859375,210163.265625,210047.484375,210170.953125,210402.609375,210241.953125,210342.359375,-0.51513671875,-0.000732421875,-0.814453125,-0.6103515028953552,0.4272460639476776,0.3662109076976776,80.0,6744.0,1.0,O,M,O,0
209636.390625,209752.265625,209972.203125,209856.34375,209979.984375,210211.8125,210050.96875,210151.015625,-0.51220703125,0.001953125,-0.81103515625,-0.6103515028953552,0.4882812201976776,0.3967284858226776,80.0,6745.0,1.0,O,M,O,0
208805.453125,208920.78125,209140.640625,209025.125,209148.6875,209380.25,209219.765625,209319.453125,-0.512451171875,0.001220703125,-0.812744140625,-0.6713866591453552,0.4577636420726776,0.4577636420726776,80.0,6746.0,1.0,O,M,O,0
208914.25,209029.671875,209249.53125,209134.109375,209257.9375,209489.328125,209328.828125,209428.171875,-0.513427734375,0.0029296875,-0.814208984375,-0.7019042372703552,0.3662109076976776,0.5187987685203552,80.0,6747.0,1.0,O,M,O,0
209784.359375,209900.0625,210119.734375,210004.578125,210127.6875,210359.703125,210199.125,210298.640625,-0.5146484375,0.001708984375,-0.812744140625,-0.7019042372703552,0.4577636420726776,0.3967284858226776,80.0,6748.0,1.0,O,M,O,0
209808.0625,209923.921875,210143.328125,210028.09375,210151.375,210383.390625,210222.546875,210322.59375,-0.514404296875,0.000732421875,-0.813232421875,-0.7629393935203552,0.4882812201976776,0.3662109076976776,80.0,6749.0,1.0,O,M,O,0
208964.6875,209080.546875,209300.046875,209184.890625,209308.359375,209540.28125,209379.34375,209479.125,-0.516357421875,0.0,-0.810302734375,-0.7019042372703552,0.3662109076976776,0.3662109076976776,80.0,6750.0,1.0,O,M,O,0
208858.46875,208974.15625,209194.09375,209078.578125,209201.515625,209433.890625,209272.78125,209372.90625,-0.514404296875,0.00146484375,-0.80908203125,-0.8239745497703552,0.3967284858226776,0.3356933295726776,80.0,6751.0,1.0,O,F,O,0
209711.59375,209827.546875,210047.125,209931.703125,210054.8125,210287.015625,210125.90625,210226.296875,-0.51416015625,0.003662109375,-0.811279296875,-0.7324218153953552,0.4577636420726776,0.4272460639476776,80.0,6752.0,1.0,O,F,O,0
209955.3125,210070.90625,210290.140625,210174.890625,210298.546875,210530.46875,210369.359375,210469.578125,-0.512939453125,0.0029296875,-0.809814453125,-0.8544921278953552,0.4577636420726776,0.3356933295726776,80.0,6753.0,1.0,O,F,O,0
209158.515625,209274.125,209493.609375,209378.453125,209502.015625,209733.671875,209572.734375,209672.875,-0.513671875,0.002197265625,-0.8125,-0.7934569716453552,0.4272460639476776,0.4272460639476776,80.0,6754.0,1.0,O,F,O,0
208843.0,208958.515625,209178.09375,209063.03125,209186.5,209417.890625,209257.21875,209357.171875,-0.513916015625,0.001220703125,-0.80908203125,-0.8239745497703552,0.3051757514476776,0.3967284858226776,80.0,6755.0,1.0,O,F,O,0
209623.34375,209738.765625,209958.53125,209843.1875,209966.671875,210198.40625,210037.390625,210137.609375,-0.514892578125,0.002197265625,-0.812744140625,-0.7934569716453552,0.4272460639476776,0.4272460639476776,80.0,6756.0,1.0,O,F,O,0
210064.203125,210180.078125,210399.9375,210284.421875,210408.0625,210639.90625,210478.515625,210579.109375,-0.514404296875,0.0009765625,-0.81005859375,-0.7934569716453552,0.5493163466453552,0.4577636420726776,80.0,6757.0,1.0,O,F,O,0
209365.671875,209481.546875,209700.765625,209585.609375,209708.90625,209940.921875,209779.71875,209880.125,-0.514892578125,0.002197265625,-0.812255859375,-0.7629393935203552,0.5187987685203552,0.4272460639476776,80.0,6758.0,1.0,O,F,O,0
208860.4375,208976.65625,209196.0625,209080.734375,209203.75,209435.765625,209274.75,209374.796875,-0.51318359375,0.0009765625,-0.809814453125,-0.6713866591453552,0.5187987685203552,0.4882812201976776,80.0,6759.0,1.0,O,F,O,0
209521.953125,209638.1875,209857.765625,209742.078125,209865.453125,210097.375,209936.171875,210036.578125,-0.514404296875,0.001220703125,-0.809326171875,-0.7324218153953552,0.5798339247703552,0.4577636420726776,80.0,6760.0,1.0,O,F,O,0
210135.375,210251.78125,210471.28125,210355.9375,210478.78125,210711.15625,210549.6875,210650.1875,-0.515380859375,0.001708984375,-0.808349609375,-0.7019042372703552,0.5187987685203552,0.4272460639476776,80.0,6761.0,1.0,O,F,O,0
209576.84375,209692.984375,209912.484375,209797.15625,209920.078125,210152.1875,209991.078125,210091.484375,-0.51611328125,0.001220703125,-0.81005859375,-0.7324218153953552,0.5493163466453552,0.3662109076976776,80.0,6762.0,1.0,O,F,O,0
208915.5,209031.28125,209250.875,209135.453125,209258.828125,209490.390625,209329.46875,209429.6875,-0.513427734375,0.00244140625,-0.81103515625,-0.7019042372703552,0.3662109076976776,0.3356933295726776,80.0,6763.0,1.0,O,F,O,0
209413.5,209529.828125,209749.40625,209633.796875,209757.09375,209988.5625,209827.71875,209927.953125,-0.515380859375,0.00244140625,-0.812255859375,-0.6713866591453552,0.3967284858226776,0.4577636420726776,80.0,6764.0,1.0,O,F,O,0
210163.453125,210279.765625,210499.53125,210383.921875,210507.046875,210739.046875,210577.9375,210678.34375,-0.5166015625,0.00341796875,-0.81201171875,-0.7019042372703552,0.4272460639476776,0.3662109076976776,80.0,6765.0,1.0,O,F,O,0
209786.78125,209903.0,210122.328125,210006.984375,210130.1875,210362.46875,210201.453125,210301.671875,-0.51318359375,0.001708984375,-0.80810546875,-0.7324218153953552,0.3356933295726776,0.4272460639476776,80.0,6766.0,1.0,O,F,O,0
209015.828125,209131.875,209350.828125,209235.859375,209359.0625,209591.25,209430.3125,209530.0,-0.513427734375,0.0009765625,-0.808837890625,-0.8239745497703552,0.3662109076976776,0.4577636420726776,80.0,6767.0,1.0,O,F,O,0
209319.984375,209436.390625,209654.984375,209540.28125,209663.03125,209895.3125,209734.03125,209834.515625,-0.5146484375,-0.001220703125,-0.8115234375,-0.8544921278953552,0.4577636420726776,0.4577636420726776,80.0,6768.0,1.0,O,F,O,0
210156.03125,210272.171875,210491.390625,210376.328125,210499.078125,210731.90625,210570.4375,210671.109375,-0.514404296875,-0.001953125,-0.814208984375,-0.7324218153953552,0.5187987685203552,0.4577636420726776,80.0,6769.0,1.0,O,F,O,0
209983.109375,210099.078125,210318.84375,210203.5,210326.625,210558.890625,210397.78125,210497.828125,-0.51416015625,-0.00048828125,-0.81298828125,-0.7019042372703552,0.4882812201976776,0.5187987685203552,80.0,6770.0,1.0,O,F,O,0
209148.6875,209264.546875,209484.3125,209369.0625,209492.453125,209724.1875,209563.34375,209663.21875,-0.515380859375,0.000244140625,-0.810546875,-0.7019042372703552,0.4882812201976776,0.4577636420726776,80.0,6771.0,1.0,O,F,O,0
209241.125,209356.734375,209576.40625,209461.25,209584.1875,209816.546875,209655.53125,209755.3125,-0.51611328125,0.001708984375,-0.8115234375,-0.7324218153953552,0.4882812201976776,0.4272460639476776,80.0,6772.0,1.0,O,F,O,0
210111.59375,210227.109375,210447.140625,210331.796875,210454.5625,210686.921875,210525.90625,210626.40625,-0.51611328125,0.00146484375,-0.8125,-0.6408690810203552,0.4882812201976776,0.3662109076976776,80.0,6773.0,1.0,O,F,O,0
210153.25,210268.6875,210488.796875,210373.375,210496.140625,210728.765625,210567.65625,210668.15625,-0.51416015625,0.000244140625,-0.813720703125,-0.7019042372703552,0.5187987685203552,0.4577636420726776,80.0,6774.0,1.0,O,F,O,0
209313.640625,209429.421875,209648.5625,209533.84375,209656.78125,209889.0625,209728.03125,209828.359375,-0.514404296875,0.000244140625,-0.813232421875,-0.7629393935203552,0.5187987685203552,0.3967284858226776,80.0,6775.0,1.0,O,F,O,0
209189.8125,209305.40625,209524.90625,209410.015625,209532.859375,209765.40625,209604.203125,209704.4375,-0.513916015625,0.00048828125,-0.812255859375,-0.6408690810203552,0.4882812201976776,0.4272460639476776,80.0,6776.0,1.0,O,F,O,0
210039.171875,210154.59375,210374.453125,210259.203125,210382.234375,210614.59375,210453.390625,210553.796875,-0.513671875,0.001953125,-0.812744140625,-0.6408690810203552,0.4272460639476776,0.3967284858226776,80.0,6777.0,1.0,O,F,O,0
210296.390625,210412.453125,210631.765625,210516.421875,210639.8125,210872.0,210710.625,210811.109375,-0.51318359375,0.00244140625,-0.8134765625,-0.7324218153953552,0.4272460639476776,0.3967284858226776,80.0,6778.0,1.0,O,F,O,0
209505.953125,209621.640625,209840.78125,209725.984375,209849.265625,210081.28125,209920.0,210020.484375,-0.513916015625,0.0009765625,-0.810791015625,-0.7629393935203552,0.5187987685203552,0.4882812201976776,80.0,6779.0,1.0,O,F,O,0
209173.625,209289.140625,209508.359375,209393.390625,209516.953125,209748.953125,209587.671875,209687.890625,-0.5146484375,0.001708984375,-0.810302734375,-0.7019042372703552,0.4272460639476776,0.4577636420726776,80.0,6780.0,1.0,O,F,O,0
209946.1875,210061.96875,210281.28125,210166.125,210289.6875,210521.875,210360.6875,210460.8125,-0.514404296875,0.00048828125,-0.811279296875,-0.7324218153953552,0.4882812201976776,0.4577636420726776,80.0,6781.0,1.0,O,F,O,0
210403.0625,210518.9375,210738.609375,210623.09375,210746.734375,210978.9375,210817.28125,210917.859375,-0.51318359375,-0.000244140625,-0.811767578125,-0.7019042372703552,0.4882812201976776,0.5493163466453552,80.0,6782.0,1.0,O,F,O,0
209713.734375,209829.78125,210049.09375,209933.9375,210057.59375,210289.515625,210127.78125,210228.453125,-0.512939453125,0.000244140625,-0.810302734375,-0.7629393935203552,0.5493163466453552,0.5187987685203552,80.0,6783.0,1.0,O,F,O,0
209193.296875,209308.984375,209528.75,209413.6875,209536.96875,209768.71875,209607.609375,209707.734375,-0.513916015625,0.0009765625,-0.809814453125,-0.8239745497703552,0.4882812201976776,0.4272460639476776,80.0,6784.0,1.0,O,F,O,0
209841.859375,209957.640625,210177.390625,210062.421875,210185.265625,210417.28125,210255.984375,210356.5625,-0.5146484375,-0.00048828125,-0.811767578125,-0.7629393935203552,0.4882812201976776,0.4577636420726776,80.0,6785.0,1.0,O,F,O,0
210470.828125,210587.0625,210806.546875,210691.484375,210814.421875,211046.609375,210885.40625,210986.078125,-0.513671875,0.0009765625,-0.81298828125,-0.7019042372703552,0.4577636420726776,0.4577636420726776,80.0,6786.0,1.0,O,F,O,0
209927.0625,210043.015625,210262.6875,210147.625,210270.828125,210503.109375,210341.8125,210442.21875,-0.5126953125,0.000244140625,-0.813232421875,-0.7019042372703552,0.5187987685203552,0.5798339247703552,80.0,6787.0,1.0,O,F,O,0
209255.15625,209370.859375,209590.53125,209475.46875,209598.578125,209830.9375,209669.46875,209769.875,-0.515625,-0.00048828125,-0.81103515625,-0.7019042372703552,0.4577636420726776,0.4882812201976776,80.0,6788.0,1.0,O,F,O,0
209738.234375,209853.921875,210073.0625,209958.171875,210081.46875,210313.828125,210151.921875,210252.5,-0.513671875,0.000244140625,-0.810546875,-0.6408690810203552,0.5187987685203552,0.5187987685203552,80.0,6789.0,1.0,O,F,O,0
210496.9375,210612.359375,210831.765625,210716.875,210839.8125,211072.359375,210910.71875,211011.65625,-0.51220703125,0.001953125,-0.81103515625,-0.7019042372703552,0.5187987685203552,0.5187987685203552,80.0,6790.0,1.0,O,F,O,0
210134.390625,210250.265625,210469.9375,210355.234375,210477.796875,210710.171875,210548.609375,210649.203125,-0.514892578125,0.00048828125,-0.814208984375,-0.7324218153953552,0.4882812201976776,0.4577636420726776,80.0,6791.0,1.0,O,F,O,0
209353.25,209469.109375,209688.609375,209573.984375,209696.5625,209928.578125,209767.203125,209867.328125,-0.513671875,0.000732421875,-0.813232421875,-0.7019042372703552,0.5798339247703552,0.3967284858226776,80.0,6792.0,1.0,O,F,O,0
209638.265625,209754.6875,209973.734375,209858.84375,209981.59375,210213.96875,210052.3125,210152.984375,-0.513427734375,-0.000244140625,-0.813720703125,-0.5798339247703552,0.5187987685203552,0.3967284858226776,80.0,6793.0,1.0,O,F,O,0
210481.5625,210597.515625,210816.65625,210701.59375,210824.53125,211057.15625,210895.515625,210996.640625,-0.51318359375,-0.00048828125,-0.813720703125,-0.6408690810203552,0.3967284858226776,0.5493163466453552,80.0,6794.0,1.0,O,F,O,0
210328.046875,210444.28125,210663.59375,210548.796875,210671.375,210903.828125,210742.359375,210843.296875,-0.513427734375,0.00048828125,-0.814697265625,-0.7324218153953552,0.4577636420726776,0.4577636420726776,80.0,6795.0,1.0,O,F,O,0
209491.109375,209607.0625,209826.828125,209711.859375,209834.703125,210066.71875,209905.59375,210006.09375,-0.512451171875,-0.001220703125,-0.81298828125,-0.7019042372703552,0.4577636420726776,0.4577636420726776,80.0,6796.0,1.0,O,F,O,0
209562.640625,209678.5,209898.171875,209783.109375,209906.046875,210138.421875,209976.765625,210077.4375,-0.51318359375,-0.001220703125,-0.8125,-0.7934569716453552,0.4882812201976776,0.4882812201976776,80.0,6797.0,1.0,O,F,O,0
210434.171875,210549.6875,210769.1875,210654.390625,210777.140625,211009.78125,210847.953125,210948.71875,-0.513427734375,-0.00048828125,-0.81298828125,-0.8239745497703552,0.4272460639476776,0.5187987685203552,80.0,6798.0,1.0,O,F,O,0
210498.28125,210614.328125,210833.640625,210718.484375,210841.328125,211074.234375,210912.328125,211013.359375,-0.513427734375,0.001708984375,-0.813720703125,-0.7934569716453552,0.4272460639476776,0.4577636420726776,80.0,6799.0,1.0,O,F,O,0
209658.75,209775.0625,209994.109375,209879.046875,210001.890625,210234.625,210072.796875,210173.375,-0.51416015625,0.001220703125,-0.814208984375,-0.6713866591453552,0.3967284858226776,0.4272460639476776,80.0,6800.0,1.0,O,F,O,0
209513.640625,209629.6875,209848.734375,209733.84375,209856.78125,210089.234375,209927.6875,210028.09375,-0.512939453125,0.0009765625,-0.812744140625,-0.6103515028953552,0.4272460639476776,0.5187987685203552,80.0,6801.0,1.0,O,F,O,0
210357.015625,210473.25,210692.375,210577.3125,210700.15625,210932.625,210771.6875,210871.828125,-0.513916015625,0.000732421875,-0.812255859375,-0.6103515028953552,0.4577636420726776,0.4882812201976776,80.0,6802.0,1.0,O,F,O,0
210633.546875,210749.953125,210969.09375,210854.125,210976.96875,211209.515625,211048.578125,211148.71875,-0.51318359375,0.000244140625,-0.8125,-0.6103515028953552,0.4882812201976776,0.4272460639476776,80.0,6803.0,1.0,O,F,O,0
209849.265625,209965.40625,210184.640625,210069.390625,210192.6875,210425.046875,210263.859375,210363.984375,-0.514892578125,-0.000244140625,-0.811279296875,-0.6408690810203552,0.4577636420726776,0.3967284858226776,80.0,6804.0,1.0,O,F,O,0
209498.0,209614.21875,209833.09375,209718.109375,209841.234375,210073.15625,209912.3125,210012.359375,-0.51611328125,0.000244140625,-0.8095703125,-0.5798339247703552,0.4577636420726776,0.4882812201976776,80.0,6805.0,1.0,O,F,O,0
210262.6875,210378.921875,210597.609375,210482.625,210605.65625,210837.75,210676.828125,210777.046875,-0.5146484375,0.001220703125,-0.8125,-0.6713866591453552,0.5187987685203552,0.4272460639476776,80.0,6806.0,1.0,O,F,O,0
210736.90625,210852.859375,211071.828125,210956.578125,211079.875,211312.328125,211151.125,211251.53125,-0.515625,0.0009765625,-0.811767578125,-0.6713866591453552,0.5493163466453552,0.4577636420726776,80.0,6807.0,1.0,O,F,O,0
210057.765625,210173.90625,210392.953125,210277.890625,210400.640625,210633.375,210472.078125,210572.75,-0.51416015625,0.000732421875,-0.812744140625,-0.6408690810203552,0.4577636420726776,0.5187987685203552,80.0,6808.0,1.0,O,F,O,0
209522.21875,209637.734375,209857.140625,209741.890625,209864.921875,210097.28125,209936.171875,210036.578125,-0.513916015625,0.000732421875,-0.81005859375,-0.7629393935203552,0.4882812201976776,0.4577636420726776,80.0,6809.0,1.0,O,F,O,0
210159.515625,210275.390625,210494.96875,210379.375,210502.84375,210734.84375,210573.828125,210674.234375,-0.512939453125,0.0009765625,-0.809814453125,-0.8239745497703552,0.4577636420726776,0.4272460639476776,80.0,6810.0,1.0,O,F,O,0
210801.8125,210918.3125,211137.0,211021.75,211145.40625,211377.859375,211216.484375,211316.796875,-0.512451171875,-0.000244140625,-0.81103515625,-0.9155272841453552,0.3967284858226776,0.4272460639476776,80.0,6811.0,1.0,O,F,O,0
210274.21875,210390.625,210609.234375,210494.171875,210617.90625,210850.359375,210689.25,210788.9375,-0.512939453125,0.000244140625,-0.8115234375,-0.7934569716453552,0.4272460639476776,0.4882812201976776,80.0,6812.0,1.0,O,F,O,0
209588.390625,209704.4375,209923.65625,209808.59375,209931.890625,210164.171875,210002.96875,210102.828125,-0.513427734375,0.00048828125,-0.816162109375,-0.8239745497703552,0.4882812201976776,0.4272460639476776,80.0,6813.0,1.0,O,F,O,0
210054.375,210170.609375,210390.09375,210274.3125,210397.96875,210630.25,210468.6875,210569.09375,-0.515869140625,-0.000244140625,-0.81201171875,-0.7324218153953552,0.5493163466453552,0.4272460639476776,80.0,6814.0,1.0,O,F,O,0
210820.234375,210936.640625,211155.6875,211040.171875,211163.828125,211396.1875,211234.1875,211335.578125,-0.5146484375,-0.0009765625,-0.809326171875,-0.7019042372703552,0.5493163466453552,0.3662109076976776,80.0,6815.0,1.0,O,F,O,0
210475.296875,210591.34375,210810.578125,210694.890625,210818.625,211051.265625,210889.53125,210990.46875,-0.515869140625,-0.002197265625,-0.81103515625,-0.6408690810203552,0.4882812201976776,0.3356933295726776,80.0,6816.0,1.0,O,F,O,0
209688.34375,209804.125,210023.609375,209907.921875,210031.9375,210264.125,210102.65625,210203.0625,-0.51220703125,0.0,-0.811279296875,-0.7019042372703552,0.4577636420726776,0.3662109076976776,80.0,6817.0,1.0,O,F,O,0
209957.1875,210072.796875,210292.203125,210176.59375,210300.421875,210532.703125,210371.328125,210471.8125,-0.513427734375,-0.000244140625,-0.81005859375,-0.5798339247703552,0.3967284858226776,0.4577636420726776,80.0,6818.0,1.0,O,F,O,0
210805.65625,210921.359375,211140.671875,211025.25,211148.890625,211381.171875,211219.609375,211320.546875,-0.513427734375,0.0,-0.810302734375,-0.7019042372703552,0.4272460639476776,0.4577636420726776,80.0,6819.0,1.0,O,F,O,0
210671.109375,210786.96875,211006.5625,210891.21875,211014.421875,211246.703125,211085.59375,211186.09375,-0.513916015625,0.00146484375,-0.811767578125,-0.7934569716453552,0.5493163466453552,0.3662109076976776,80.0,6820.0,1.0,O,F,O,0
209831.75,209947.796875,210167.203125,210051.953125,210175.25,210407.53125,210246.15625,210346.5625,-0.513916015625,0.0009765625,-0.81201171875,-0.7934569716453552,0.4882812201976776,0.3967284858226776,80.0,6821.0,1.0,O,F,O,0
209885.75,210001.890625,210221.03125,210105.875,210228.984375,210461.359375,210300.25,210400.375,-0.51318359375,0.001708984375,-0.8115234375,-0.7629393935203552,0.5187987685203552,0.4272460639476776,80.0,6822.0,1.0,O,F,O,0
210755.765625,210871.546875,211090.875,210975.53125,211099.0,211331.375,211170.265625,211270.578125,-0.513427734375,0.00244140625,-0.81201171875,-0.7629393935203552,0.4272460639476776,0.5187987685203552,80.0,6823.0,1.0,O,F,O,0
210835.609375,210951.65625,211170.703125,211055.734375,211179.203125,211411.125,211250.1875,211350.78125,-0.513427734375,-0.000244140625,-0.811767578125,-0.7934569716453552,0.3967284858226776,0.5798339247703552,80.0,6824.0,1.0,O,F,O,0
210000.109375,210116.25,210335.375,210220.40625,210343.609375,210575.703125,210414.6875,210515.265625,-0.5126953125,0.00146484375,-0.8095703125,-0.7934569716453552,0.3967284858226776,0.4577636420726776,80.0,6825.0,1.0,O,F,O,0
209839.265625,209955.21875,210174.71875,210059.375,210182.9375,210415.125,210253.84375,210354.421875,-0.512451171875,0.000732421875,-0.808349609375,-0.7934569716453552,0.3662109076976776,0.4272460639476776,80.0,6826.0,1.0,O,F,O,0
210679.59375,210795.203125,211014.875,210899.453125,211023.453125,211255.375,211093.734375,211194.84375,-0.513427734375,-0.000244140625,-0.808837890625,-0.7324218153953552,0.4577636420726776,0.3967284858226776,80.0,6827.0,1.0,O,F,O,0
210973.65625,211089.703125,211309.203125,211193.859375,211317.421875,211549.703125,211388.328125,211489.0,-0.51513671875,0.00244140625,-0.8095703125,-0.7934569716453552,0.4882812201976776,0.3967284858226776,80.0,6828.0,1.0,O,F,O,0
210194.5625,210310.34375,210529.84375,210414.6875,210537.96875,210770.34375,210609.140625,210709.453125,-0.514892578125,0.001220703125,-0.8134765625,-0.7019042372703552,0.4272460639476776,0.3967284858226776,80.0,6829.0,1.0,O,F,O,0
209824.6875,209940.203125,210159.6875,210044.1875,210167.5625,210400.015625,210238.640625,210339.21875,-0.515625,-0.00244140625,-0.815185546875,-0.7629393935203552,0.5187987685203552,0.3356933295726776,80.0,6830.0,1.0,O,F,O,0
210580.53125,210696.21875,210915.453125,210800.296875,210923.3125,211155.953125,210994.578125,211095.515625,-0.513427734375,-0.000732421875,-0.814208984375,-0.7934569716453552,0.5493163466453552,0.3967284858226776,80.0,6831.0,1.0,O,F,O,0
211070.296875,211186.359375,211405.3125,211289.984375,211413.453125,211646.171875,211484.703125,211585.734375,-0.51416015625,-0.00048828125,-0.8154296875,-0.7324218153953552,0.5798339247703552,0.4272460639476776,80.0,6832.0,1.0,O,F,O,0
210402.609375,210518.75,210737.703125,210622.734375,210745.578125,210978.65625,210817.46875,210917.859375,-0.51123046875,-0.0009765625,-0.81298828125,-0.6408690810203552,0.5493163466453552,0.4272460639476776,80.0,6833.0,1.0,O,F,O,0
209852.3125,209968.09375,210187.59375,210072.703125,210195.453125,210428.359375,210266.71875,210367.03125,-0.51220703125,-0.00048828125,-0.814453125,-0.5798339247703552,0.5493163466453552,0.4272460639476776,80.0,6834.0,1.0,O,F,O,0
210475.03125,210590.90625,210810.484375,210695.421875,210818.4375,211051.265625,210889.609375,210990.28125,-0.512451171875,-0.000732421875,-0.813232421875,-0.6103515028953552,0.4577636420726776,0.4272460639476776,80.0,6835.0,1.0,O,F,O,0
211129.140625,211245.359375,211464.859375,211349.171875,211472.453125,211705.453125,211543.890625,211644.828125,-0.511962890625,0.00048828125,-0.811767578125,-0.7324218153953552,0.5187987685203552,0.4272460639476776,80.0,6836.0,1.0,O,F,O,0
210615.671875,210731.453125,210951.21875,210835.875,210959.171875,211191.625,211030.25,211131.28125,-0.512939453125,0.00048828125,-0.8115234375,-0.7019042372703552,0.4272460639476776,0.4272460639476776,80.0,6837.0,1.0,O,F,O,0
209920.53125,210036.3125,210256.25,210141.015625,210263.9375,210496.484375,210334.75,210435.6875,-0.513916015625,0.0,-0.81201171875,-0.7629393935203552,0.5187987685203552,0.4577636420726776,80.0,6838.0,1.0,O,F,O,0
210372.75,210488.71875,210708.296875,210593.046875,210715.8125,210948.71875,210787.328125,210887.734375,-0.513916015625,0.000732421875,-0.813232421875,-0.7629393935203552,0.4272460639476776,0.4577636420726776,80.0,6839.0,1.0,O,F,O,0
211150.953125,211266.546875,211486.046875,211370.625,211493.828125,211726.90625,211565.34375,211665.84375,-0.515869140625,0.001708984375,-0.812255859375,-0.7934569716453552,0.5187987685203552,0.4272460639476776,80.0,6840.0,1.0,O,F,O,0
210824.609375,210939.953125,211159.359375,211044.203125,211167.578125,211400.03125,211238.5625,211338.96875,-0.51611328125,-0.000244140625,-0.8154296875,-0.7324218153953552,0.4882812201976776,0.4577636420726776,80.0,6841.0,1.0,O,F,O,0
210029.96875,210145.921875,210365.234375,210250.0,210373.109375,210605.296875,210444.015625,210544.328125,-0.516357421875,0.0,-0.8134765625,-0.7629393935203552,0.4272460639476776,0.4577636420726776,80.0,6842.0,1.0,O,F,O,0
210279.765625,210395.90625,210614.78125,210499.53125,210622.734375,210855.109375,210693.90625,210794.03125,-0.515869140625,0.0009765625,-0.812744140625,-0.7324218153953552,0.6103515028953552,0.3967284858226776,80.0,6843.0,1.0,O,F,O,0
211131.28125,211247.421875,211466.46875,211351.21875,211474.15625,211706.875,211545.6875,211646.265625,-0.516357421875,0.001220703125,-0.812744140625,-0.7324218153953552,0.5798339247703552,0.4272460639476776,80.0,6844.0,1.0,O,F,O,0
211014.6875,211130.828125,211350.234375,211234.640625,211357.75,211590.5625,211429.28125,211529.953125,-0.514892578125,0.0009765625,-0.813720703125,-0.6713866591453552,0.5187987685203552,0.4272460639476776,80.0,6845.0,1.0,O,F,O,0
210174.09375,210290.046875,210509.453125,210394.203125,210517.234375,210749.515625,210588.484375,210688.984375,-0.51513671875,0.00244140625,-0.812744140625,-0.6408690810203552,0.5187987685203552,0.3662109076976776,80.0,6846.0,1.0,O,F,O,0
210208.328125,210324.03125,210543.515625,210428.625,210552.015625,210783.75,210622.546875,210723.234375,-0.515869140625,0.00146484375,-0.8125,-0.6408690810203552,0.4882812201976776,0.3662109076976776,80.0,6847.0,1.0,O,F,O,0
211076.828125,211192.796875,211412.28125,211297.21875,211420.328125,211652.96875,211491.328125,211592.078125,-0.515625,0.000244140625,-0.813232421875,-0.7629393935203552,0.3967284858226776,0.3662109076976776,80.0,6848.0,1.0,O,F,O,0
211178.21875,211294.0,211513.140625,211398.078125,211521.1875,211754.265625,211592.171875,211693.03125,-0.513671875,0.000732421875,-0.814453125,-0.7324218153953552,0.4272460639476776,0.4272460639476776,80.0,6849.0,1.0,O,F,O,0
210346.375,210462.421875,210681.5625,210566.3125,210689.875,210922.421875,210760.59375,210860.828125,-0.515380859375,0.00048828125,-0.8125,-0.7629393935203552,0.4882812201976776,0.4272460639476776,80.0,6850.0,1.0,O,F,O,0
210164.25,210280.390625,210499.4375,210384.734375,210507.75,210740.125,210578.5625,210679.0625,-0.513916015625,0.0,-0.81103515625,-0.7019042372703552,0.3967284858226776,0.4272460639476776,80.0,6851.0,1.0,O,F,O,0
210998.15625,211114.203125,211333.34375,211218.359375,211341.203125,211573.9375,211412.46875,211513.5,-0.514404296875,0.000732421875,-0.8115234375,-0.7629393935203552,0.4577636420726776,0.4882812201976776,80.0,6852.0,1.0,O,F,O,0
211311.875,211428.109375,211647.25,211531.90625,211655.296875,211887.9375,211725.921875,211827.140625,-0.513916015625,0.00146484375,-0.81298828125,-0.7629393935203552,0.4577636420726776,0.4577636420726776,80.0,6853.0,1.0,O,F,O,0
210540.390625,210656.4375,210875.84375,210760.59375,210883.796875,211116.53125,210954.703125,211055.46875,-0.512939453125,0.0,-0.811279296875,-0.7019042372703552,0.5187987685203552,0.4882812201976776,80.0,6854.0,1.0,O,F,O,0
210153.609375,210269.671875,210489.0625,210374.0,210496.84375,210729.484375,210568.109375,210668.59375,-0.514404296875,0.000732421875,-0.811767578125,-0.7019042372703552,0.4882812201976776,0.3967284858226776,80.0,6855.0,1.0,O,F,O,0
210898.28125,211014.328125,211233.390625,211118.40625,211241.25,211474.25,211312.421875,211413.1875,-0.515869140625,0.00048828125,-0.8125,-0.7019042372703552,0.3967284858226776,0.3051757514476776,80.0,6856.0,1.0,O,F,O,0
211403.796875,211520.296875,211739.78125,211624.359375,211747.46875,211980.5625,211818.1875,211919.046875,-0.51318359375,0.00146484375,-0.8125,-0.6713866591453552,0.4577636420726776,0.3356933295726776,80.0,6857.0,1.0,O,F,O,0
210748.265625,210864.671875,211083.984375,210968.828125,211091.9375,211324.671875,211162.65625,211263.421875,-0.513671875,0.0,-0.811279296875,-0.7019042372703552,0.4577636420726776,0.4577636420726776,80.0,6858.0,1.0,O,F,O,0
210182.3125,210298.546875,210517.59375,210402.609375,210525.546875,210758.453125,210596.625,210697.296875,-0.5126953125,0.000244140625,-0.814453125,-0.6408690810203552,0.4272460639476776,0.4577636420726776,80.0,6859.0,1.0,O,F,O,0
210791.09375,210907.140625,211126.359375,211011.203125,211134.046875,211366.875,211205.3125,211306.15625,-0.513671875,0.000244140625,-0.81591796875,-0.7629393935203552,0.4577636420726776,0.4882812201976776,80.0,6860.0,1.0,O,F,O,0
211458.328125,211574.203125,211793.875,211678.359375,211801.65625,212034.203125,211872.375,211973.40625,-0.512939453125,-0.001220703125,-0.812744140625,-0.7324218153953552,0.4882812201976776,0.4272460639476776,80.0,6861.0,1.0,O,F,O,0
210959.890625,211075.9375,211295.25,211180.28125,211303.65625,211535.9375,211374.46875,211475.3125,-0.51416015625,0.0009765625,-0.812744140625,-0.7019042372703552,0.4577636420726776,0.4577636420726776,80.0,6862.0,1.0,O,F,O,0
210255.453125,210371.765625,210590.453125,210475.5625,210598.953125,210831.140625,210670.203125,210770.25,-0.51416015625,-0.00048828125,-0.812255859375,-0.7019042372703552,0.4272460639476776,0.4882812201976776,80.0,6863.0,1.0,O,F,O,0
210689.15625,210805.21875,211023.8125,210909.1875,211032.3125,211264.578125,211103.5625,211203.796875,-0.51416015625,0.00048828125,-0.811279296875,-0.7019042372703552,0.4272460639476776,0.5187987685203552,80.0,6864.0,1.0,O,F,O,0
211473.078125,211589.3125,211808.1875,211693.296875,211816.234375,212049.125,211887.75,211988.25,-0.51220703125,0.0,-0.81201171875,-0.7019042372703552,0.3967284858226776,0.5187987685203552,80.0,6865.0,1.0,O,F,O,0
211163.5625,211279.515625,211498.65625,211383.671875,211506.796875,211739.15625,211578.046875,211678.546875,-0.512939453125,0.001953125,-0.81005859375,-0.7324218153953552,0.3967284858226776,0.4577636420726776,80.0,6866.0,1.0,O,F,O,0
210363.71875,210479.59375,210699.09375,210584.015625,210706.953125,210939.140625,210777.9375,210878.53125,-0.51220703125,0.00146484375,-0.810791015625,-0.7019042372703552,0.4577636420726776,0.4577636420726776,80.0,6867.0,1.0,O,F,O,0
210597.609375,210714.015625,210933.0625,210818.265625,210940.84375,211173.296875,211012.1875,211112.953125,-0.5146484375,0.000732421875,-0.808837890625,-0.7019042372703552,0.5187987685203552,0.4882812201976776,80.0,6868.0,1.0,O,F,O,0
211451.796875,211568.390625,211787.609375,211672.28125,211794.765625,212027.765625,211866.390625,211967.0625,-0.51513671875,-0.001708984375,-0.8115234375,-0.7934569716453552,0.4882812201976776,0.5187987685203552,80.0,6869.0,1.0,O,F,O,0
211354.96875,211471.46875,211690.609375,211575.453125,211698.203125,211931.296875,211769.375,211870.3125,-0.513916015625,0.000732421875,-0.811279296875,-0.7934569716453552,0.5493163466453552,0.4577636420726776,80.0,6870.0,1.0,O,F,O,0
210513.921875,210630.25,210849.5625,210734.40625,210857.609375,211089.96875,210928.5,211029.0,-0.5146484375,-0.000244140625,-0.8115234375,-0.7324218153953552,0.5493163466453552,0.4272460639476776,80.0,6871.0,1.0,O,F,O,0
210529.21875,210645.265625,210864.578125,210749.515625,210872.71875,211105.0,210943.703125,211044.375,-0.515380859375,0.000244140625,-0.810546875,-0.7324218153953552,0.4577636420726776,0.4272460639476776,80.0,6872.0,1.0,O,F,O,0
211396.8125,211512.875,211732.1875,211616.765625,211740.140625,211972.59375,211811.3125,211912.15625,-0.515380859375,-0.00048828125,-0.8125,-0.7629393935203552,0.4882812201976776,0.4272460639476776,80.0,6873.0,1.0,O,F,O,0
211516.53125,211632.3125,211851.71875,211736.03125,211859.59375,212092.5,211930.484375,212031.515625,-0.514404296875,0.0009765625,-0.811767578125,-0.7019042372703552,0.4272460639476776,0.3967284858226776,80.0,6874.0,1.0,O,F,O,0
210687.015625,210802.984375,211022.296875,210906.78125,211029.890625,211262.890625,211100.609375,211201.546875,-0.512939453125,0.00048828125,-0.81396484375,-0.6713866591453552,0.3967284858226776,0.4577636420726776,80.0,6875.0,1.0,O,F,O,0
210485.84375,210601.984375,210821.3125,210705.796875,210828.90625,211061.8125,210899.984375,211000.75,-0.5126953125,-0.0009765625,-0.813232421875,-0.6408690810203552,0.3967284858226776,0.4882812201976776,80.0,6876.0,1.0,O,F,O,0
211314.5625,211430.796875,211649.75,211534.5,211657.625,211890.34375,211728.609375,211829.8125,-0.512451171875,-0.00048828125,-0.8125,-0.6713866591453552,0.3356933295726776,0.4577636420726776,80.0,6877.0,1.0,O,F,O,0
211646.71875,211763.203125,211981.8125,211866.734375,211989.59375,212222.9375,212060.671875,212161.96875,-0.513916015625,0.0,-0.812255859375,-0.7019042372703552,0.3662109076976776,0.5493163466453552,80.0,6878.0,1.0,O,F,O,0
210884.78125,211000.921875,211220.15625,211104.8125,211227.921875,211460.828125,211299.0,211399.765625,-0.514404296875,0.0,-0.814697265625,-0.8239745497703552,0.4577636420726776,0.4272460639476776,80.0,6879.0,1.0,O,F,O,0
210480.9375,210597.15625,210816.484375,210701.328125,210824.25,211056.890625,210895.328125,210995.921875,-0.515869140625,-0.0009765625,-0.8125,-0.7019042372703552,0.5798339247703552,0.4272460639476776,80.0,6880.0,1.0,O,F,O,0
211214.515625,211331.28125,211550.234375,211434.734375,211557.65625,211790.828125,211628.828125,211730.21875,-0.515380859375,-0.002197265625,-0.811767578125,-0.7324218153953552,0.5187987685203552,0.4577636420726776,80.0,6881.0,1.0,O,F,O,0
211735.046875,211851.71875,212070.859375,211955.25,212078.1875,212311.453125,212149.625,212250.828125,-0.51513671875,-0.001220703125,-0.812744140625,-0.7324218153953552,0.4577636420726776,0.4272460639476776,80.0,6882.0,1.0,O,F,O,0
211091.5,211207.640625,211427.125,211311.4375,211434.1875,211667.09375,211505.71875,211606.5625,-0.512939453125,-0.001708984375,-0.811767578125,-0.7019042372703552,0.3356933295726776,0.4272460639476776,80.0,6883.0,1.0,O,F,O,0
210513.203125,210629.078125,210848.484375,210732.875,210855.546875,211088.453125,210926.984375,211027.484375,-0.511474609375,-0.000732421875,-0.80908203125,-0.6713866591453552,0.4577636420726776,0.4272460639476776,80.0,6884.0,1.0,O,F,O,0
211107.765625,211223.453125,211443.046875,211327.53125,211450.46875,211683.28125,211521.359375,211622.296875,-0.5126953125,-0.0009765625,-0.811279296875,-0.6713866591453552,0.3967284858226776,0.3662109076976776,80.0,6885.0,1.0,O,F,O,0
211785.296875,211901.4375,212121.109375,212005.5,212127.984375,212361.4375,212199.328125,212300.640625,-0.51416015625,0.001953125,-0.813232421875,-0.7019042372703552,0.4577636420726776,0.3967284858226776,80.0,6886.0,1.0,O,F,O,0
211301.953125,211418.28125,211637.6875,211522.078125,211644.921875,211878.09375,211716.265625,211816.671875,-0.515380859375,0.003173828125,-0.813232421875,-0.7934569716453552,0.4577636420726776,0.3356933295726776,80.0,6887.0,1.0,O,F,O,0
210587.5,210703.5625,210922.609375,210807.71875,210930.5625,211163.015625,211001.734375,211102.21875,-0.514892578125,0.0009765625,-0.8115234375,-0.7019042372703552,0.4882812201976776,0.4882812201976776,80.0,6888.0,1.0,O,F,O,0
211005.75,211121.890625,211341.125,211225.609375,211348.625,211581.359375,211419.890625,211520.921875,-0.513671875,0.00048828125,-0.81201171875,-0.7934569716453552,0.5187987685203552,0.5798339247703552,80.0,6889.0,1.0,O,F,O,0
211799.421875,211916.1875,212135.234375,212019.8125,212142.390625,212375.46875,212213.640625,212315.125,-0.51611328125,-0.000244140625,-0.81201171875,-0.7324218153953552,0.4272460639476776,0.4272460639476776,80.0,6890.0,1.0,O,F,O,0
211506.796875,211623.46875,211842.6875,211727.09375,211849.9375,212083.015625,211921.375,212022.40625,-0.517578125,-0.001220703125,-0.81103515625,-0.7019042372703552,0.3967284858226776,0.3662109076976776,80.0,6891.0,1.0,O,F,O,0
210701.671875,210818.0,211037.484375,210922.0625,211045.0,211278.0,211116.265625,211216.9375,-0.5166015625,-0.0009765625,-0.81201171875,-0.7629393935203552,0.4577636420726776,0.3662109076976776,80.0,6892.0,1.0,O,F,O,0
210915.359375,211031.953125,211251.171875,211135.578125,211258.6875,211491.859375,211329.578125,211430.796875,-0.51513671875,0.000244140625,-0.813232421875,-0.7324218153953552,0.4882812201976776,0.4577636420726776,80.0,6893.0,1.0,O,F,O,0
211775.640625,211892.484375,212111.625,211995.84375,212118.875,212352.21875,212190.21875,212291.328125,-0.5146484375,0.000732421875,-0.81201171875,-0.6713866591453552,0.3967284858226776,0.5187987685203552,80.0,6894.0,1.0,O,F,O,0
211695.53125,211812.03125,212031.421875,211915.734375,212038.40625,212271.671875,212110.28125,212211.140625,-0.513916015625,0.001220703125,-0.810546875,-0.6408690810203552,0.4272460639476776,0.5493163466453552,80.0,6895.0,1.0,O,F,O,0
210850.453125,210966.5,211185.8125,211070.21875,211193.0625,211426.140625,211264.9375,211365.4375,-0.5146484375,0.0,-0.814697265625,-0.6713866591453552,0.4882812201976776,0.4882812201976776,80.0,6896.0,1.0,O,F,O,0
210847.953125,210963.90625,211183.40625,211067.890625,211190.828125,211423.546875,211262.265625,211362.9375,-0.51416015625,-0.0009765625,-0.811279296875,-0.7019042372703552,0.5187987685203552,0.3662109076976776,80.0,6897.0,1.0,O,F,O,0
211716.265625,211832.5,212052.0,211936.21875,212059.140625,212292.3125,212130.765625,212231.4375,-0.515869140625,-0.000244140625,-0.814453125,-0.6713866591453552,0.4577636420726776,0.4272460639476776,80.0,6898.0,1.0,O,F,O,0
211852.890625,211969.109375,212188.703125,212072.828125,212196.03125,212429.015625,212267.640625,212368.21875,-0.514892578125,-0.00048828125,-0.812255859375,-0.7019042372703552,0.3967284858226776,0.4272460639476776,80.0,6899.0,1.0,O,F,O,0
211025.78125,211142.09375,211361.140625,211245.71875,211368.828125,211601.734375,211440.359375,211540.9375,-0.514892578125,0.002197265625,-0.810546875,-0.7019042372703552,0.3662109076976776,0.4882812201976776,80.0,6900.0,1.0,O,F,O,0
210810.484375,210926.625,211146.03125,211030.703125,211153.90625,211386.53125,211224.984375,211325.375,-0.51318359375,-0.000244140625,-0.814208984375,-0.7629393935203552,0.3662109076976776,0.3967284858226776,80.0,6901.0,1.0,O,F,O,0
211637.140625,211753.46875,211972.875,211857.265625,211980.46875,212213.1875,212051.8125,212152.3125,-0.513916015625,0.000732421875,-0.812255859375,-0.6713866591453552,0.3662109076976776,0.3967284858226776,80.0,6902.0,1.0,O,F,O,0
211981.1875,212097.859375,212316.8125,212201.296875,212324.5,212557.5,212395.9375,212496.875,-0.51318359375,0.0009765625,-0.811767578125,-0.7019042372703552,0.5187987685203552,0.4577636420726776,80.0,6903.0,1.0,O,F,O,0
211225.25,211341.65625,211560.703125,211445.1875,211568.75,211801.390625,211639.921875,211740.328125,-0.5146484375,-0.000244140625,-0.811279296875,-0.6408690810203552,0.4577636420726776,0.4577636420726776,80.0,6904.0,1.0,O,F,O,0
210807.625,210923.859375,211142.546875,211027.484375,211151.125,211383.40625,211222.296875,211322.609375,-0.513671875,-0.0009765625,-0.812255859375,-0.6713866591453552,0.5798339247703552,0.4882812201976776,80.0,6905.0,1.0,O,F,O,0
211533.609375,211649.75,211868.703125,211753.375,211876.484375,212109.484375,211948.109375,212048.859375,-0.512939453125,0.00048828125,-0.813720703125,-0.7019042372703552,0.4577636420726776,0.4882812201976776,80.0,6906.0,1.0,O,F,O,0
212069.15625,212185.65625,212404.703125,212289.015625,212412.125,212645.296875,212483.734375,212584.859375,-0.514404296875,0.0009765625,-0.81298828125,-0.7324218153953552,0.3662109076976776,0.4882812201976776,80.0,6907.0,1.0,O,F,O,0
211438.390625,211554.53125,211773.765625,211658.15625,211781.53125,212014.0,211852.890625,211953.46875,-0.512939453125,0.00048828125,-0.81298828125,-0.7324218153953552,0.3967284858226776,0.3967284858226776,80.0,6908.0,1.0,O,F,O,0
210846.78125,210962.5625,211182.234375,211066.28125,211190.109375,211422.203125,211261.28125,211361.5,-0.512451171875,0.00146484375,-0.813720703125,-0.7324218153953552,0.4272460639476776,0.3356933295726776,80.0,6909.0,1.0,O,F,O,0
211426.6875,211543.265625,211762.40625,211646.53125,211770.09375,212002.734375,211841.4375,211942.015625,-0.51416015625,0.001220703125,-0.811767578125,-0.7934569716453552,0.4577636420726776,0.4272460639476776,80.0,6910.0,1.0,O,F,O,0
212116.546875,212232.953125,212452.09375,212336.390625,212459.953125,212692.765625,212530.953125,212632.0625,-0.514404296875,0.00146484375,-0.810302734375,-0.7324218153953552,0.4272460639476776,0.4882812201976776,80.0,6911.0,1.0,O,F,O,0
211648.234375,211764.28125,211983.5,211867.640625,211991.375,212224.28125,212062.453125,212163.125,-0.51318359375,0.001708984375,-0.81201171875,-0.7629393935203552,0.3967284858226776,0.4272460639476776,80.0,6912.0,1.0,O,F,O,0
210921.4375,211037.9375,211256.984375,211141.390625,211264.859375,211497.765625,211336.109375,211436.6875,-0.51611328125,0.00146484375,-0.812255859375,-0.7324218153953552,0.4272460639476776,0.4577636420726776,80.0,6913.0,1.0,O,F,O,0
211324.046875,211440.265625,211659.765625,211544.078125,211667.28125,211900.265625,211738.71875,211839.46875,-0.514404296875,0.00048828125,-0.8125,-0.7324218153953552,0.4577636420726776,0.3662109076976776,80.0,6914.0,1.0,O,F,O,0
212124.59375,212240.734375,212460.3125,212344.265625,212467.5625,212700.640625,212539.0,212640.015625,-0.512939453125,0.0009765625,-0.812744140625,-0.7934569716453552,0.3967284858226776,0.4272460639476776,80.0,6915.0,1.0,O,F,O,0
211849.75,211966.15625,212185.484375,212069.609375,212192.546875,212425.71875,212264.0625,212364.828125,-0.51318359375,0.001708984375,-0.81298828125,-0.7324218153953552,0.4577636420726776,0.4272460639476776,80.0,6916.0,1.0,O,F,O,0
211040.078125,211156.3125,211375.625,211259.765625,211383.046875,211615.859375,211454.578125,211554.796875,-0.514892578125,0.002197265625,-0.8134765625,-0.7629393935203552,0.5493163466453552,0.4272460639476776,80.0,6917.0,1.0,O,F,O,0
211237.046875,211353.015625,211572.5,211456.453125,211579.921875,211812.921875,211651.265625,211751.859375,-0.514892578125,-0.000244140625,-0.81298828125,-0.7019042372703552,0.5493163466453552,0.4272460639476776,80.0,6918.0,1.0,O,F,O,0
212096.421875,212212.296875,212431.96875,212316.1875,212439.21875,212672.65625,212510.46875,212611.6875,-0.514404296875,0.00048828125,-0.813720703125,-0.7934569716453552,0.4882812201976776,0.4272460639476776,80.0,6919.0,1.0,O,F,O,0
212035.28125,212151.234375,212370.90625,212255.21875,212377.96875,212610.96875,212449.5,212550.609375,-0.514892578125,0.001220703125,-0.810791015625,-0.7629393935203552,0.5187987685203552,0.4272460639476776,80.0,6920.0,1.0,O,F,O,0
211191.546875,211307.765625,211527.0,211411.65625,211534.59375,211767.328125,211606.03125,211706.609375,-0.51318359375,0.00048828125,-0.811279296875,-0.7324218153953552,0.5187987685203552,0.4882812201976776,80.0,6921.0,1.0,O,F,O,0
211170.890625,211286.84375,211506.34375,211390.921875,211514.03125,211746.75,211585.109375,211685.6875,-0.51171875,0.0009765625,-0.810546875,-0.7324218153953552,0.5187987685203552,0.3967284858226776,80.0,6922.0,1.0,O,F,O,0
212037.421875,212153.734375,212373.5,212257.453125,212380.921875,212613.734375,212451.90625,212553.125,-0.5126953125,0.000244140625,-0.81298828125,-0.7629393935203552,0.4272460639476776,0.4272460639476776,80.0,6923.0,1.0,O,F,O,0
212191.828125,212308.140625,212527.453125,212411.59375,212535.0625,212768.140625,212606.046875,212707.34375,-0.512451171875,-0.001220703125,-0.812744140625,-0.7324218153953552,0.3967284858226776,0.4272460639476776,80.0,6924.0,1.0,O,F,O,0
211369.8125,211485.59375,211704.921875,211589.484375,211712.609375,211945.6875,211783.6875,211884.625,-0.511962890625,0.000244140625,-0.81298828125,-0.7019042372703552,0.4272460639476776,0.4577636420726776,80.0,6925.0,1.0,O,F,O,0
211132.171875,211247.6875,211467.359375,211352.296875,211475.140625,211707.953125,211546.125,211646.796875,-0.5126953125,0.0,-0.81005859375,-0.7324218153953552,0.4577636420726776,0.4577636420726776,80.0,6926.0,1.0,O,F,O,0
211948.546875,212064.515625,212284.1875,212168.671875,212292.046875,212524.78125,212362.953125,212463.984375,-0.51220703125,-0.000244140625,-0.81201171875,-0.6408690810203552,0.3967284858226776,0.4577636420726776,80.0,6927.0,1.0,O,F,O,0
212313.953125,212430.0,212649.40625,212533.71875,212657.015625,212890.359375,212728.359375,212829.203125,-0.512939453125,0.0,-0.81201171875,-0.7324218153953552,0.3662109076976776,0.5187987685203552,80.0,6928.0,1.0,O,F,O,0
211568.390625,211684.265625,211903.84375,211788.328125,211911.453125,212144.625,211982.96875,212083.46875,-0.51318359375,0.000244140625,-0.812744140625,-0.7019042372703552,0.3967284858226776,0.4882812201976776,80.0,6929.0,1.0,O,F,O,0
211133.34375,211249.390625,211468.875,211353.453125,211476.65625,211709.75,211548.1875,211648.5,-0.513427734375,0.001953125,-0.810302734375,-0.7324218153953552,0.4577636420726776,0.4272460639476776,80.0,6930.0,1.0,O,F,O,0
211847.25,211963.65625,212183.25,212068.09375,212191.015625,212423.921875,212261.828125,212362.859375,-0.513671875,0.00244140625,-0.811279296875,-0.7324218153953552,0.4272460639476776,0.4577636420726776,80.0,6931.0,1.0,O,F,O,0
212399.15625,212515.390625,212734.890625,212619.546875,212742.484375,212975.484375,212813.5625,212914.859375,-0.51416015625,-0.000244140625,-0.81591796875,-0.7019042372703552,0.3967284858226776,0.4577636420726776,80.0,6932.0,1.0,O,F,O,0
211781.265625,211897.5,212116.984375,212001.484375,212124.234375,212357.5,212195.671875,212296.96875,-0.5126953125,0.0,-0.81640625,-0.7629393935203552,0.3967284858226776,0.3967284858226776,80.0,6933.0,1.0,O,F,O,0
211173.75,211289.796875,211509.46875,211393.953125,211516.890625,211749.796875,211588.421875,211689.359375,-0.513671875,0.001953125,-0.814697265625,-0.7629393935203552,0.4272460639476776,0.4882812201976776,80.0,6934.0,1.0,O,F,O,0
211740.40625,211856.640625,212076.40625,211960.890625,212083.828125,212316.90625,212155.265625,212255.84375,-0.513671875,0.000732421875,-0.81494140625,-0.7019042372703552,0.5798339247703552,0.3967284858226776,80.0,6935.0,1.0,O,F,O,0
212442.4375,212558.578125,212778.515625,212662.28125,212785.671875,213018.75,212857.109375,212958.40625,-0.512451171875,0.000244140625,-0.8134765625,-0.7019042372703552,0.5493163466453552,0.4577636420726776,80.0,6936.0,1.0,O,F,O,0
211989.234375,212105.375,212325.046875,212209.078125,212332.46875,212565.546875,212404.078125,212504.921875,-0.513671875,-0.001220703125,-0.816162109375,-0.7629393935203552,0.5187987685203552,0.5187987685203552,80.0,6937.0,1.0,O,F,O,0
211253.765625,211369.8125,211589.484375,211473.703125,211597.0,211829.640625,211668.4375,211769.109375,-0.514404296875,-0.000244140625,-0.813232421875,-0.7324218153953552,0.4272460639476776,0.4577636420726776,80.0,6938.0,1.0,O,F,O,0
211637.140625,211753.1875,211972.421875,211857.0,211980.203125,212213.46875,212051.71875,212152.390625,-0.514404296875,-0.000244140625,-0.813232421875,-0.7324218153953552,0.4882812201976776,0.5798339247703552,80.0,6939.0,1.0,O,F,O,0
212445.109375,212561.4375,212780.65625,212665.328125,212788.4375,213021.96875,212859.515625,212961.0,-0.514892578125,-0.00048828125,-0.81103515625,-0.6713866591453552,0.5187987685203552,0.5493163466453552,80.0,6940.0,1.0,O,F,O,0
212189.328125,212305.640625,212524.78125,212409.359375,212532.375,212765.640625,212603.71875,212705.109375,-0.515380859375,0.000244140625,-0.812255859375,-0.8239745497703552,0.4272460639476776,0.5187987685203552,80.0,6941.0,1.0,O,F,O,0
211374.109375,211490.34375,211709.46875,211594.046875,211717.34375,211950.421875,211788.6875,211889.546875,-0.514892578125,0.000244140625,-0.8125,-0.7324218153953552,0.3662109076976776,0.4882812201976776,80.0,6942.0,1.0,O,F,O,0
211551.140625,211667.09375,211886.59375,211771.078125,211894.453125,212127.546875,211965.53125,212066.5625,-0.513916015625,0.00048828125,-0.81494140625,-0.6713866591453552,0.3662109076976776,0.4577636420726776,80.0,6943.0,1.0,O,F,O,0
212414.53125,212530.671875,212750.171875,212634.484375,212757.765625,212990.953125,212829.03125,212930.234375,-0.513916015625,0.0009765625,-0.81298828125,-0.6408690810203552,0.3967284858226776,0.3967284858226776,80.0,6944.0,1.0,O,F,O,0
212373.859375,212490.53125,212709.765625,212593.890625,212717.0,212950.71875,212788.53125,212889.734375,-0.514892578125,0.001953125,-0.811767578125,-0.6408690810203552,0.4272460639476776,0.3967284858226776,80.0,6945.0,1.0,O,F,O,0
211530.484375,211646.796875,211866.203125,211750.421875,211873.625,212106.625,211944.96875,212045.734375,-0.512451171875,0.001220703125,-0.80908203125,-0.7324218153953552,0.4272460639476776,0.4577636420726776,80.0,6946.0,1.0,O,F,O,0
211489.796875,211605.9375,211825.171875,211709.5625,211833.21875,212065.578125,211904.109375,212004.78125,-0.513671875,0.00146484375,-0.811279296875,-0.6713866591453552,0.5187987685203552,0.4577636420726776,80.0,6947.0,1.0,O,F,O,0
212352.125,212468.625,212687.859375,212572.078125,212695.359375,212928.453125,212766.796875,212867.828125,-0.51416015625,0.001220703125,-0.814208984375,-0.7324218153953552,0.4272460639476776,0.4882812201976776,80.0,6948.0,1.0,O,F,O,0
212528.359375,212644.9375,212864.34375,212748.296875,212871.765625,213105.03125,212943.296875,213044.328125,-0.51513671875,0.000244140625,-0.810791015625,-0.7324218153953552,0.4882812201976776,0.5187987685203552,80.0,6949.0,1.0,O,F,O,0
211711.890625,211828.203125,212048.421875,211932.1875,212055.65625,212288.46875,212126.921875,212227.671875,-0.514404296875,0.0009765625,-0.8125,-0.7934569716453552,0.4577636420726776,0.4882812201976776,80.0,6950.0,1.0,O,F,O,0
211457.796875,211573.9375,211793.96875,211678.09375,211801.125,212034.375,211872.375,211973.5,-0.514892578125,0.00146484375,-0.813232421875,-0.7629393935203552,0.4882812201976776,0.5187987685203552,80.0,6951.0,1.0,O,F,O,0
212267.90625,212384.3125,212603.71875,212487.859375,212610.78125,212844.3125,212682.140625,212783.515625,-0.5146484375,0.001220703125,-0.813232421875,-0.7934569716453552,0.4882812201976776,0.4577636420726776,80.0,6952.0,1.0,O,F,O,0
212648.609375,212764.828125,212984.328125,212868.546875,212991.390625,213224.921875,213063.0,213164.390625,-0.514404296875,0.000732421875,-0.8134765625,-0.8544921278953552,0.3662109076976776,0.4882812201976776,80.0,6953.0,1.0,O,F,O,0
211911.359375,212027.671875,212247.171875,212131.46875,212254.59375,212488.125,212325.9375,212426.78125,-0.512451171875,0.000732421875,-0.81103515625,-0.6713866591453552,0.4272460639476776,0.4882812201976776,80.0,6954.0,1.0,O,F,O,0
211460.921875,211576.96875,211796.46875,211680.78125,211803.984375,212037.234375,211875.59375,211976.53125,-0.51318359375,0.00244140625,-0.8095703125,-0.7934569716453552,0.5493163466453552,0.4577636420726776,80.0,6955.0,1.0,O,F,O,0
212164.28125,212280.421875,212500.09375,212384.234375,212507.796875,212741.046875,212578.875,212680.25,-0.51513671875,0.001220703125,-0.811279296875,-0.6713866591453552,0.5493163466453552,0.3662109076976776,80.0,6956.0,1.0,O,F,O,0
212730.140625,212846.109375,213065.875,212949.90625,213073.375,213307.09375,213144.453125,213246.015625,-0.51416015625,0.001953125,-0.810791015625,-0.7629393935203552,0.6103515028953552,0.4272460639476776,80.0,6957.0,1.0,O,F,O,0
212124.140625,212240.734375,212459.953125,212344.625,212467.640625,212700.8125,212538.546875,212640.109375,-0.512939453125,0.001220703125,-0.813232421875,-0.7019042372703552,0.4882812201976776,0.4577636420726776,80.0,6958.0,1.0,O,F,O,0
211506.4375,211622.921875,211842.15625,211726.640625,211850.109375,212082.578125,211920.75,212022.046875,-0.512451171875,0.000732421875,-0.814697265625,-0.6408690810203552,0.4577636420726776,0.4577636420726776,80.0,6959.0,1.0,O,F,O,0
212059.40625,212175.734375,212394.953125,212279.4375,212403.09375,212635.375,212474.078125,212574.9375,-0.511474609375,-0.000732421875,-0.811767578125,-0.7019042372703552,0.4272460639476776,0.4577636420726776,80.0,6960.0,1.0,O,F,O,0
212771.71875,212888.125,213107.703125,212991.921875,213114.859375,213348.390625,213186.5625,213287.953125,-0.515380859375,-0.000732421875,-0.80859375,-0.7019042372703552,0.4577636420726776,0.5187987685203552,80.0,6961.0,1.0,O,F,O,0
212333.625,212449.765625,212668.984375,212553.65625,212676.328125,212910.03125,212748.03125,212849.0625,-0.5146484375,0.001953125,-0.81005859375,-0.7629393935203552,0.4577636420726776,0.4882812201976776,80.0,6962.0,1.0,O,F,O,0
211588.0625,211704.015625,211923.78125,211808.1875,211930.84375,212164.46875,212002.8125,212103.40625,-0.513671875,0.001220703125,-0.8095703125,-0.8239745497703552,0.4577636420726776,0.4882812201976776,80.0,6963.0,1.0,O,F,O,0
211954.09375,212070.234375,212289.8125,212174.125,212297.234375,212530.328125,212368.765625,212469.703125,-0.513427734375,-0.00048828125,-0.814208984375,-0.7324218153953552,0.4577636420726776,0.4577636420726776,80.0,6964.0,1.0,O,F,O,0
212772.25,212888.21875,213107.796875,212991.921875,213115.3125,213348.75,213186.5625,213288.3125,-0.51318359375,-0.000244140625,-0.812744140625,-0.7629393935203552,0.4272460639476776,0.5187987685203552,80.0,6965.0,1.0,O,F,O,0
212535.5,212651.640625,212871.40625,212755.359375,212878.5625,213111.90625,212950.0,213051.5625,-0.51416015625,0.0009765625,-0.814208984375,-0.7324218153953552,0.4882812201976776,0.4882812201976776,80.0,6966.0,1.0,O,F,O,0
211713.3125,211830.0,212049.484375,211933.796875,212056.734375,212289.640625,212128.703125,212229.203125,-0.51513671875,0.000244140625,-0.812255859375,-0.7629393935203552,0.4882812201976776,0.3967284858226776,80.0,6967.0,1.0,O,F,O,0
211871.390625,211987.890625,212207.65625,212092.21875,212214.890625,212448.15625,212286.6875,212387.71875,-0.514404296875,0.00146484375,-0.811767578125,-0.7934569716453552,0.4882812201976776,0.4272460639476776,80.0,6968.0,1.0,O,F,O,0
212736.671875,212853.078125,213072.578125,212956.796875,213079.8125,213313.609375,213151.4375,213252.8125,-0.51171875,0.001708984375,-0.811767578125,-0.7324218153953552,0.3967284858226776,0.3662109076976776,80.0,6969.0,1.0,O,F,O,0
212714.3125,212830.453125,213049.953125,212934.265625,213057.109375,213290.734375,213128.71875,213229.9375,-0.513671875,0.00244140625,-0.81396484375,-0.7324218153953552,0.5493163466453552,0.3662109076976776,80.0,6970.0,1.0,O,F,O,0
211869.421875,211985.828125,212205.234375,212089.8125,212212.390625,212445.65625,212284.1875,212385.21875,-0.513671875,0.001220703125,-0.814697265625,-0.8239745497703552,0.4577636420726776,0.4272460639476776,80.0,6971.0,1.0,O,F,O,0
211810.0625,211926.375,212145.875,212030.71875,212153.296875,212386.546875,212225.359375,212326.03125,-0.51318359375,0.001220703125,-0.81103515625,-0.7934569716453552,0.5187987685203552,0.4577636420726776,80.0,6972.0,1.0,O,F,O,0
212671.140625,212787.546875,213006.6875,212891.34375,213014.1875,213247.90625,213085.8125,213187.1875,-0.512939453125,-0.00048828125,-0.811767578125,-0.7019042372703552,0.5187987685203552,0.4577636420726776,80.0,6973.0,1.0,O,F,O,0
212867.390625,212983.34375,213202.921875,213087.140625,213209.8125,213443.875,213281.609375,213383.359375,-0.51318359375,0.00048828125,-0.810546875,-0.7629393935203552,0.5493163466453552,0.5187987685203552,80.0,6974.0,1.0,O,F,O,0
212053.953125,212170.1875,212390.046875,212274.265625,212396.828125,212630.359375,212468.890625,212569.84375,-0.513671875,0.001953125,-0.809814453125,-0.6103515028953552,0.4577636420726776,0.4882812201976776,80.0,6975.0,1.0,O,F,O,0
211779.125,211895.796875,212115.375,211999.421875,212122.453125,212355.703125,212193.96875,212294.46875,-0.511474609375,0.003173828125,-0.809814453125,-0.7324218153953552,0.4272460639476776,0.4577636420726776,80.0,6976.0,1.0,O,F,O,0
212579.5,212696.34375,212916.015625,212799.703125,212922.90625,213156.34375,212994.25,213095.640625,-0.513916015625,0.001708984375,-0.809814453125,-0.7629393935203552,0.4577636420726776,0.4577636420726776,80.0,6977.0,1.0,O,F,O,0
212979.5,213096.09375,213315.5,213199.625,213323.0,213556.265625,213394.265625,213495.921875,-0.51416015625,0.0,-0.81005859375,-0.7324218153953552,0.4882812201976776,0.4882812201976776,80.0,6978.0,1.0,O,F,O,0
212254.40625,212370.640625,212590.046875,212474.265625,212597.90625,212830.734375,212669.171875,212770.375,-0.515625,-0.000244140625,-0.8134765625,-0.7019042372703552,0.4272460639476776,0.4272460639476776,80.0,6979.0,1.0,O,F,O,0
211786.71875,211903.3125,212122.53125,212006.75,212130.140625,212363.3125,212201.578125,212302.515625,-0.513916015625,-0.00048828125,-0.81201171875,-0.7324218153953552,0.3662109076976776,0.4882812201976776,80.0,6980.0,1.0,O,F,O,0
212477.21875,212593.53125,212812.9375,212697.25,212820.53125,213053.984375,212891.96875,212993.453125,-0.51416015625,0.00048828125,-0.8115234375,-0.7934569716453552,0.4272460639476776,0.4577636420726776,80.0,6981.0,1.0,O,F,O,0
213057.828125,213174.234375,213393.71875,213277.9375,213401.140625,213634.671875,213472.671875,213574.328125,-0.51611328125,0.000732421875,-0.8115234375,-0.7324218153953552,0.4272460639476776,0.4577636420726776,80.0,6982.0,1.0,O,F,O,0
212465.671875,212582.265625,212801.9375,212686.0625,212809.1875,213042.625,212880.34375,212981.828125,-0.516357421875,0.0,-0.810546875,-0.6713866591453552,0.4882812201976776,0.4272460639476776,80.0,6983.0,1.0,O,F,O,0
211832.765625,211949.078125,212169.109375,212053.15625,212176.09375,212409.171875,212247.609375,212348.828125,-0.513671875,0.000732421875,-0.811279296875,-0.7019042372703552,0.4272460639476776,0.4882812201976776,80.0,6984.0,1.0,O,F,O,0
212367.953125,212484.0,212703.765625,212587.90625,212710.921875,212943.828125,212782.71875,212883.75,-0.514404296875,0.00048828125,-0.810546875,-0.8239745497703552,0.4882812201976776,0.4272460639476776,80.0,6985.0,1.0,O,F,O,0
213092.0625,213208.203125,213427.875,213311.734375,213434.9375,213668.46875,213506.640625,213608.03125,-0.515380859375,0.001220703125,-0.810546875,-0.7629393935203552,0.5798339247703552,0.3662109076976776,80.0,6986.0,1.0,O,F,O,0
212677.578125,212794.25,213013.5625,212897.609375,213020.625,213254.0625,213092.0625,213193.359375,-0.51416015625,0.001220703125,-0.810546875,-0.6713866591453552,0.4882812201976776,0.2746581733226776,80.0,6987.0,1.0,O,F,O,0
211923.15625,212039.46875,212258.796875,212142.828125,212265.859375,212499.125,212337.65625,212438.140625,-0.51220703125,0.001220703125,-0.810546875,-0.7019042372703552,0.5493163466453552,0.3051757514476776,80.0,6988.0,1.0,O,F,O,0
212267.546875,212383.515625,212603.1875,212486.953125,212610.15625,212843.421875,212682.140625,212782.8125,-0.512939453125,0.003662109375,-0.810302734375,-0.7324218153953552,0.4272460639476776,0.3967284858226776,80.0,6989.0,1.0,O,F,O,0
213089.828125,213206.421875,213425.90625,213309.765625,213433.0625,213666.234375,213504.671875,213606.0625,-0.512939453125,0.0029296875,-0.809814453125,-0.7019042372703552,0.4577636420726776,0.5187987685203552,80.0,6990.0,1.0,O,F,O,0
212874.265625,212990.59375,213210.265625,213094.03125,213217.6875,213450.59375,213288.765625,213390.421875,-0.513427734375,0.001953125,-0.8095703125,-0.7324218153953552,0.4272460639476776,0.4882812201976776,80.0,6991.0,1.0,O,F,O,0
212049.046875,212165.09375,212384.765625,212268.984375,212392.359375,212625.359375,212463.4375,212564.46875,-0.51513671875,0.001708984375,-0.812255859375,-0.7324218153953552,0.4882812201976776,0.4577636420726776,80.0,6992.0,1.0,O,F,O,0
212182.703125,212299.03125,212518.421875,212402.734375,212525.671875,212759.03125,212597.375,212698.3125,-0.51513671875,0.001708984375,-0.810546875,-0.6713866591453552,0.5187987685203552,0.4272460639476776,80.0,6993.0,1.0,O,F,O,0
213048.703125,213165.109375,213384.609375,213268.640625,213391.578125,213625.203125,213463.546875,213564.765625,-0.513671875,0.001953125,-0.8125,-0.7019042372703552,0.5493163466453552,0.5493163466453552,80.0,6994.0,1.0,O,F,O,0
213049.953125,213166.265625,213386.296875,213270.15625,213392.828125,213626.71875,213464.984375,213566.28125,-0.513671875,0.001708984375,-0.8125,-0.7019042372703552,0.5187987685203552,0.4882812201976776,80.0,6995.0,1.0,O,F,O,0
212209.4375,212325.484375,212545.15625,212429.375,212552.671875,212785.578125,212624.015625,212725.046875,-0.51171875,-0.000732421875,-0.816162109375,-0.7324218153953552,0.4577636420726776,0.4577636420726776,80.0,6996.0,1.0,O,F,O,0
212126.203125,212242.609375,212461.828125,212346.140625,212469.25,212702.34375,212540.515625,212641.8125,-0.51220703125,0.0009765625,-0.812255859375,-0.7629393935203552,0.5187987685203552,0.4882812201976776,80.0,6997.0,1.0,O,F,O,0
212981.203125,213097.875,213317.1875,213201.59375,213324.796875,213557.875,213395.953125,213497.4375,-0.513671875,0.001953125,-0.81201171875,-0.7324218153953552,0.4882812201976776,0.5187987685203552,80.0,6998.0,1.0,O,F,O,0
213198.1875,213314.859375,213534.09375,213418.40625,213541.515625,213774.6875,213612.59375,213714.6875,-0.5146484375,0.001953125,-0.815673828125,-0.7324218153953552,0.5493163466453552,0.3356933295726776,80.0,6999.0,1.0,O,F,O,0
212393.078125,212509.3125,212728.53125,212612.84375,212736.140625,212969.3125,212807.75,212908.78125,-0.512939453125,0.002197265625,-0.812255859375,-0.8544921278953552,0.5493163466453552,0.3051757514476776,80.0,7000.0,1.0,O,F,O,0
212098.65625,212214.890625,212434.03125,212318.421875,212441.546875,212674.359375,212513.0625,212613.921875,-0.5126953125,0.001220703125,-0.8115234375,-0.7324218153953552,0.4882812201976776,0.3662109076976776,80.0,7001.0,1.0,O,M,O,0
212889.296875,213005.78125,213224.828125,213108.875,213231.984375,213465.15625,213303.59375,213404.90625,-0.513427734375,0.0029296875,-0.812255859375,-0.7324218153953552,0.5493163466453552,0.3967284858226776,80.0,7002.0,1.0,O,M,O,0
213310.21875,213426.890625,213645.84375,213530.0625,213653.546875,213886.625,213724.984375,213826.09375,-0.512939453125,0.001220703125,-0.81201171875,-0.6408690810203552,0.6103515028953552,0.3356933295726776,80.0,7003.0,1.0,O,M,O,0
212596.65625,212713.421875,212932.203125,212816.6875,212940.15625,213173.25,213011.59375,213112.71875,-0.51318359375,-0.000244140625,-0.814208984375,-0.7019042372703552,0.5493163466453552,0.4577636420726776,80.0,7004.0,1.0,O,M,O,0
212111.0,212227.140625,212446.1875,212330.859375,212453.96875,212687.234375,212525.671875,212626.4375,-0.51416015625,0.000244140625,-0.81298828125,-0.6408690810203552,0.5187987685203552,0.3967284858226776,80.0,7005.0,1.0,O,M,O,0
212787.359375,212903.59375,213122.828125,213007.484375,213130.234375,213363.765625,213201.765625,213303.0625,-0.512939453125,0.0,-0.810302734375,-0.7629393935203552,0.4882812201976776,0.3662109076976776,80.0,7006.0,1.0,O,M,O,0
213383.53125,213500.125,213719.34375,213604.015625,213727.03125,213960.390625,213798.296875,213899.953125,-0.513427734375,0.000732421875,-0.8095703125,-0.7324218153953552,0.4882812201976776,0.4577636420726776,80.0,7007.0,1.0,O,M,O,0
212807.65625,212923.984375,213143.203125,213027.6875,213150.625,213384.421875,213222.328125,213323.546875,-0.51513671875,0.000244140625,-0.813232421875,-0.7629393935203552,0.3356933295726776,0.4272460639476776,80.0,7008.0,1.0,O,M,O,0
212161.96875,212278.46875,212497.421875,212381.90625,212505.109375,212738.375,212576.640625,212677.578125,-0.515625,0.00244140625,-0.812744140625,-0.7324218153953552,0.4577636420726776,0.4577636420726776,80.0,7009.0,1.0,O,M,O,0
212679.984375,212796.3125,213015.265625,212900.015625,213022.6875,213256.21875,213094.296875,213195.78125,-0.51513671875,0.000244140625,-0.812744140625,-0.7324218153953552,0.4882812201976776,0.4272460639476776,80.0,7010.0,1.0,O,M,O,0
213415.890625,213532.03125,213751.359375,213636.015625,213758.5,213992.390625,213829.84375,213932.046875,-0.513671875,0.000732421875,-0.811767578125,-0.7934569716453552,0.4272460639476776,0.3662109076976776,80.0,7011.0,1.0,O,M,O,0
213016.78125,213132.921875,213352.234375,213236.640625,213359.390625,213593.015625,213430.921875,213532.578125,-0.5146484375,0.000732421875,-0.812255859375,-0.7324218153953552,0.5187987685203552,0.4577636420726776,80.0,7012.0,1.0,O,M,O,0
212253.25,212369.75,212589.515625,212473.546875,212596.21875,212829.5625,212667.828125,212769.21875,-0.514892578125,0.001220703125,-0.812744140625,-0.7324218153953552,0.5493163466453552,0.3662109076976776,80.0,7013.0,1.0,O,M,O,0
212581.734375,212698.140625,212918.171875,212801.671875,212924.34375,213158.40625,212996.125,213097.78125,-0.515380859375,0.001220703125,-0.809814453125,-0.6713866591453552,0.4272460639476776,0.3967284858226776,80.0,7014.0,1.0,O,M,O,0
213411.0625,213527.390625,213746.875,213630.828125,213753.859375,213987.5625,213825.5625,213927.03125,-0.512939453125,0.0009765625,-0.812255859375,-0.7324218153953552,0.3967284858226776,0.3967284858226776,80.0,7015.0,1.0,O,M,O,0
213213.125,213329.703125,213548.84375,213432.96875,213556.171875,213789.53125,213627.515625,213729.0,-0.51416015625,0.00244140625,-0.813720703125,-0.7934569716453552,0.3356933295726776,0.5187987685203552,80.0,7016.0,1.0,O,M,O,0
212383.875,212500.09375,212719.59375,212603.640625,212726.390625,212960.09375,212797.828125,212899.296875,-0.514404296875,0.001953125,-0.8134765625,-0.7019042372703552,0.4577636420726776,0.4577636420726776,80.0,7017.0,1.0,O,M,O,0
212499.5625,212615.890625,212835.46875,212719.421875,212842.34375,213075.875,212913.96875,213015.359375,-0.512939453125,0.001708984375,-0.817138671875,-0.7629393935203552,0.4272460639476776,0.4577636420726776,80.0,7018.0,1.0,O,M,O,0
213368.421875,213485.015625,213704.234375,213588.453125,213711.46875,213945.09375,213782.640625,213884.75,-0.513916015625,0.001953125,-0.8125,-0.8544921278953552,0.4272460639476776,0.4882812201976776,80.0,7019.0,1.0,O,M,O,0
213387.109375,213503.609375,213722.65625,213606.953125,213729.890625,213963.78125,213801.328125,213903.078125,-0.513916015625,0.00048828125,-0.813720703125,-0.7019042372703552,0.3662109076976776,0.4272460639476776,80.0,7020.0,1.0,O,M,O,0
212545.34375,212661.390625,212880.96875,212765.1875,212888.125,213121.75,212959.828125,213060.6875,-0.513916015625,0.000244140625,-0.8134765625,-0.6713866591453552,0.4272460639476776,0.3967284858226776,80.0,7021.0,1.0,O,M,O,0
212444.765625,212561.25,212780.75,212664.78125,212787.984375,213021.4375,212859.421875,212960.375,-0.514892578125,-0.001953125,-0.81396484375,-0.7019042372703552,0.5187987685203552,0.4577636420726776,80.0,7022.0,1.0,O,M,O,0
213298.78125,213415.453125,213634.765625,213518.984375,213642.09375,213875.890625,213713.4375,213814.921875,-0.513916015625,0.001220703125,-0.809814453125,-0.7324218153953552,0.5187987685203552,0.4882812201976776,80.0,7023.0,1.0,O,M,O,0
213531.5,213647.546875,213867.3125,213751.359375,213874.28125,214108.171875,213945.90625,214047.203125,-0.514892578125,0.001953125,-0.80859375,-0.6713866591453552,0.5798339247703552,0.4577636420726776,80.0,7024.0,1.0,O,M,O,0
212730.953125,212847.09375,213066.765625,212950.71875,213073.828125,213307.453125,213145.265625,213246.46875,-0.51513671875,0.0009765625,-0.80908203125,-0.6408690810203552,0.5493163466453552,0.4577636420726776,80.0,7025.0,1.0,O,M,O,0
212420.34375,212536.765625,212756.25,212640.203125,212763.40625,212997.296875,212834.9375,212936.234375,-0.51513671875,0.00244140625,-0.812744140625,-0.6713866591453552,0.5798339247703552,0.5187987685203552,80.0,7026.0,1.0,O,M,O,0
213203.90625,213320.328125,213540.171875,213423.9375,213547.328125,213781.296875,213618.765625,213719.875,-0.51513671875,-0.000244140625,-0.8095703125,-0.6713866591453552,0.5493163466453552,0.4882812201976776,80.0,7027.0,1.0,O,M,O,0
213638.25,213754.578125,213974.421875,213858.375,213981.578125,214215.109375,214052.921875,214153.953125,-0.513916015625,0.001220703125,-0.810302734375,-0.7629393935203552,0.5493163466453552,0.4882812201976776,80.0,7028.0,1.0,O,M,O,0
212934.265625,213050.671875,213270.25,213154.375,213277.3125,213510.9375,213348.75,213449.875,-0.51318359375,0.001953125,-0.811767578125,-0.8544921278953552,0.4272460639476776,0.4577636420726776,80.0,7029.0,1.0,O,M,O,0
212432.421875,212548.65625,212767.96875,212652.09375,212775.46875,213008.828125,212846.46875,212947.671875,-0.5146484375,0.0009765625,-0.814208984375,-0.8239745497703552,0.4272460639476776,0.4882812201976776,80.0,7030.0,1.0,O,M,O,0
213098.234375,213214.46875,213433.78125,213317.90625,213441.015625,213674.546875,213512.1875,213613.9375,-0.515380859375,-0.001220703125,-0.8154296875,-0.8850097060203552,0.4882812201976776,0.4577636420726776,80.0,7031.0,1.0,O,M,O,0
213708.890625,213825.203125,214044.703125,213928.640625,214051.84375,214285.734375,214123.46875,214225.203125,-0.513671875,0.00146484375,-0.815673828125,-0.8239745497703552,0.4577636420726776,0.4577636420726776,80.0,7032.0,1.0,O,M,O,0
213146.875,213263.015625,213482.765625,213366.28125,213489.65625,213723.453125,213561.0,213662.75,-0.514404296875,0.001953125,-0.810546875,-0.7324218153953552,0.5187987685203552,0.4577636420726776,80.0,7033.0,1.0,O,M,O,0
212488.203125,212604.265625,212824.296875,212707.96875,212831.359375,213064.53125,212902.171875,213003.90625,-0.515380859375,0.001953125,-0.80908203125,-0.7629393935203552,0.4577636420726776,0.3662109076976776,80.0,7034.0,1.0,O,M,O,0
212989.25,213105.390625,213325.5,213209.1875,213332.296875,213565.921875,213403.640625,213505.296875,-0.51416015625,0.000732421875,-0.813232421875,-0.6713866591453552,0.3967284858226776,0.4272460639476776,80.0,7035.0,1.0,O,M,O,0
213734.28125,213851.125,214070.984375,213954.578125,214077.859375,214311.671875,214149.21875,214250.953125,-0.51513671875,0.001708984375,-0.8115234375,-0.7324218153953552,0.4577636420726776,0.4882812201976776,80.0,7036.0,1.0,O,M,O,0
213351.078125,213467.3125,213686.984375,213570.578125,213694.40625,213928.015625,213765.75,213867.3125,-0.514892578125,0.002197265625,-0.8134765625,-0.7324218153953552,0.4577636420726776,0.3967284858226776,80.0,7037.0,1.0,O,M,O,0
212580.65625,212696.890625,212916.375,212799.875,212923.984375,213156.96875,212995.421875,213096.625,-0.5146484375,0.000732421875,-0.813232421875,-0.6408690810203552,0.5187987685203552,0.4577636420726776,80.0,7038.0,1.0,O,M,O,0
212890.1875,213006.765625,213226.078125,213109.859375,213233.78125,213466.859375,213305.203125,213406.421875,-0.512939453125,0.000732421875,-0.81298828125,-0.7019042372703552,0.5493163466453552,0.4577636420726776,80.0,7039.0,1.0,O,M,O,0
213725.15625,213841.65625,214060.96875,213944.921875,214068.5625,214302.09375,214139.921875,214241.5625,-0.513427734375,0.000732421875,-0.812744140625,-0.7324218153953552,0.3967284858226776,0.3662109076976776,80.0,7040.0,1.0,O,M,O,0
213544.828125,213661.3125,213880.8125,213764.9375,213887.96875,214121.765625,213959.484375,214060.875,-0.51171875,0.001708984375,-0.809326171875,-0.7629393935203552,0.5187987685203552,0.3356933295726776,80.0,7041.0,1.0,O,M,O,0
212712.0,212828.046875,213047.984375,212931.9375,213054.78125,213288.21875,213126.75,213227.609375,-0.513671875,0.001220703125,-0.812744140625,-0.7324218153953552,0.3662109076976776,0.4272460639476776,80.0,7042.0,1.0,O,M,O,0
212809.53125,212925.59375,213145.53125,213029.390625,213152.328125,213386.125,213224.203125,213325.59375,-0.513916015625,0.001220703125,-0.81591796875,-0.6103515028953552,0.3967284858226776,0.3662109076976776,80.0,7043.0,1.0,O,M,O,0
213679.375,213796.234375,214015.546875,213899.046875,214022.703125,214256.5,214094.046875,214195.96875,-0.515380859375,0.001708984375,-0.81640625,-0.7019042372703552,0.4272460639476776,0.4272460639476776,80.0,7044.0,1.0,O,M,O,0
213718.09375,213834.671875,214054.171875,213937.859375,214061.59375,214295.125,214132.765625,214234.421875,-0.514404296875,0.00341796875,-0.814208984375,-0.7629393935203552,0.3662109076976776,0.4577636420726776,80.0,7045.0,1.0,O,M,O,0
212877.671875,212993.625,213213.390625,213096.984375,213220.71875,213454.15625,213291.703125,213393.546875,-0.513916015625,0.001220703125,-0.811279296875,-0.7324218153953552,0.3662109076976776,0.4272460639476776,80.0,7046.0,1.0,O,M,O,0
212758.125,212873.46875,213093.3125,212977.171875,213100.734375,213333.828125,213171.8125,213273.46875,-0.513916015625,0.001708984375,-0.812255859375,-0.6408690810203552,0.4577636420726776,0.3051757514476776,80.0,7047.0,1.0,O,M,O,0
213610.09375,213725.6875,213945.28125,213829.140625,213952.609375,214186.140625,214023.859375,214125.78125,-0.51416015625,-0.001220703125,-0.814453125,-0.8239745497703552,0.4577636420726776,0.3967284858226776,80.0,7048.0,1.0,O,M,O,0
213862.3125,213978.71875,214197.9375,214081.796875,214205.09375,214439.25,214276.625,214378.625,-0.513916015625,0.000244140625,-0.813720703125,-0.7629393935203552,0.4882812201976776,0.4882812201976776,80.0,7049.0,1.0,O,M,O,0
213067.921875,213184.421875,213403.640625,213287.859375,213411.15625,213644.6875,213482.59375,213583.984375,-0.511962890625,-0.00048828125,-0.81396484375,-0.7324218153953552,0.4882812201976776,0.4577636420726776,80.0,7050.0,1.0,O,M,O,0
212738.640625,212855.140625,213074.1875,212958.40625,213081.6875,213315.140625,213153.21875,213254.421875,-0.513916015625,0.0,-0.8125,-0.6713866591453552,0.5187987685203552,0.3967284858226776,80.0,7051.0,1.0,O,M,O,0
213513.4375,213629.765625,213848.890625,213733.375,213856.40625,214089.9375,213927.21875,214029.234375,-0.514892578125,0.001220703125,-0.811279296875,-0.7019042372703552,0.4577636420726776,0.4272460639476776,80.0,7052.0,1.0,O,M,O,0
213965.75,214082.421875,214301.65625,214185.875,214309.25,214542.875,214379.96875,214482.4375,-0.513427734375,0.00146484375,-0.812255859375,-0.7934569716453552,0.4577636420726776,0.4577636420726776,80.0,7053.0,1.0,O,M,O,0
213273.734375,213390.6875,213609.734375,213493.6875,213616.96875,213850.6875,213688.59375,213790.328125,-0.514404296875,0.001220703125,-0.809326171875,-0.7629393935203552,0.4577636420726776,0.4577636420726776,80.0,7054.0,1.0,O,M,O,0
212757.234375,212873.90625,213093.046875,212977.265625,213100.734375,213334.09375,213172.078125,213273.5625,-0.514404296875,0.001220703125,-0.8134765625,-0.7324218153953552,0.5493163466453552,0.4272460639476776,80.0,7055.0,1.0,O,M,O,0
213408.296875,213524.703125,213744.015625,213628.0625,213751.171875,213985.15625,213822.609375,213924.359375,-0.512939453125,0.0009765625,-0.814208984375,-0.7324218153953552,0.4577636420726776,0.4882812201976776,80.0,7056.0,1.0,O,M,O,0
214033.875,214150.203125,214369.875,214253.46875,214376.75,214610.828125,214448.09375,214550.03125,-0.5126953125,0.001220703125,-0.8125,-0.7324218153953552,0.4272460639476776,0.4272460639476776,80.0,7057.0,1.0,O,M,O,0
213488.046875,213604.71875,213824.3125,213707.984375,213831.375,214064.8125,213902.71875,214004.375,-0.51611328125,0.000244140625,-0.8095703125,-0.7324218153953552,0.3662109076976776,0.4577636420726776,80.0,7058.0,1.0,O,M,O,0
212815.96875,212932.390625,213152.0625,213035.921875,213159.296875,213392.46875,213230.5625,213332.03125,-0.516357421875,0.001953125,-0.814208984375,-0.7934569716453552,0.3967284858226776,0.4882812201976776,80.0,7059.0,1.0,O,M,O,0
213299.9375,213416.171875,213635.65625,213519.875,213643.171875,213876.796875,213714.25,213816.171875,-0.5146484375,0.000244140625,-0.81396484375,-0.7019042372703552,0.4577636420726776,0.3662109076976776,80.0,7060.0,1.0,O,M,O,0
214056.9375,214173.359375,214392.75,214276.890625,214400.171875,214633.796875,214471.25,214573.53125,-0.513427734375,0.000244140625,-0.8125,-0.6103515028953552,0.4882812201976776,0.4882812201976776,80.0,7061.0,1.0,O,M,O,0
213691.53125,213807.953125,214027.4375,213911.75,214034.765625,214268.390625,214106.125,214207.78125,-0.51416015625,-0.001220703125,-0.81201171875,-0.6103515028953552,0.4272460639476776,0.3967284858226776,80.0,7062.0,1.0,O,M,O,0
212911.8125,213028.3125,213247.546875,213131.578125,213254.703125,213488.140625,213326.21875,213427.515625,-0.514892578125,-0.002197265625,-0.811767578125,-0.7019042372703552,0.4882812201976776,0.4272460639476776,80.0,7063.0,1.0,O,M,O,0
213203.203125,213319.609375,213538.5625,213422.421875,213546.15625,213779.15625,213617.328125,213718.890625,-0.5166015625,-0.0009765625,-0.81494140625,-0.7019042372703552,0.4577636420726776,0.5187987685203552,80.0,7064.0,1.0,O,M,O,0
214045.328125,214161.734375,214380.78125,214265.078125,214387.84375,214622.0,214459.640625,214561.640625,-0.514892578125,0.0,-0.81201171875,-0.7324218153953552,0.4577636420726776,0.4882812201976776,80.0,7065.0,1.0,O,M,O,0
213887.703125,214003.75,214223.234375,214107.453125,214230.3125,214464.28125,214302.015625,214404.015625,-0.5146484375,-0.00048828125,-0.8095703125,-0.7019042372703552,0.3662109076976776,0.4882812201976776,80.0,7066.0,1.0,O,M,O,0
213050.578125,213166.890625,213386.03125,213269.984375,213393.546875,213626.890625,213464.625,213566.375,-0.5146484375,0.001220703125,-0.810791015625,-0.7324218153953552,0.3967284858226776,0.4577636420726776,80.0,7067.0,1.0,O,M,O,0
213125.5,213241.90625,213461.140625,213345.53125,213468.921875,213702.171875,213539.90625,213641.734375,-0.5146484375,0.001220703125,-0.812744140625,-0.7019042372703552,0.3967284858226776,0.4272460639476776,80.0,7068.0,1.0,O,M,O,0
213996.140625,214112.46875,214331.609375,214216.0,214339.203125,214572.828125,214410.375,214512.5625,-0.51416015625,0.00146484375,-0.811767578125,-0.7629393935203552,0.3662109076976776,0.4272460639476776,80.0,7069.0,1.0,O,M,O,0
214058.28125,214174.875,214393.828125,214278.046875,214401.15625,214635.140625,214472.421875,214574.4375,-0.513671875,0.00048828125,-0.810791015625,-0.7019042372703552,0.4577636420726776,0.4577636420726776,80.0,7070.0,1.0,O,M,O,0
213219.375,213335.609375,213555.109375,213439.140625,213562.53125,213796.0625,213633.609375,213735.4375,-0.513427734375,-0.000244140625,-0.812255859375,-0.7019042372703552,0.3967284858226776,0.4272460639476776,80.0,7071.0,1.0,O,M,O,0
213077.21875,213193.90625,213413.75,213297.703125,213420.90625,213654.34375,213492.34375,213593.8125,-0.51318359375,0.0009765625,-0.8125,-0.7019042372703552,0.4272460639476776,0.3356933295726776,80.0,7072.0,1.0,O,M,O,0
213922.5625,214039.421875,214259.0,214143.21875,214266.421875,214499.953125,214337.953125,214439.515625,-0.51416015625,0.00048828125,-0.81396484375,-0.6713866591453552,0.5187987685203552,0.4272460639476776,80.0,7073.0,1.0,O,M,O,0
214195.34375,214311.671875,214531.515625,214415.734375,214538.578125,214772.375,214610.109375,214712.03125,-0.513427734375,0.0,-0.81494140625,-0.7324218153953552,0.5798339247703552,0.4272460639476776,80.0,7074.0,1.0,O,M,O,0
213409.375,213525.6875,213745.546875,213629.578125,213752.78125,213986.140625,213823.859375,213925.78125,-0.513671875,0.001220703125,-0.813720703125,-0.7324218153953552,0.3967284858226776,0.3967284858226776,80.0,7075.0,1.0,O,M,O,0
213061.578125,213177.8125,213397.296875,213281.515625,213404.90625,213638.34375,213476.0625,213577.640625,-0.51416015625,0.00244140625,-0.811767578125,-0.6713866591453552,0.4577636420726776,0.4577636420726776,80.0,7076.0,1.0,O,M,O,0
213826.546875,213943.21875,214162.4375,214046.84375,214169.6875,214403.75,214241.296875,214343.40625,-0.514404296875,0.00146484375,-0.811279296875,-0.7019042372703552,0.4577636420726776,0.3662109076976776,80.0,7077.0,1.0,O,M,O,0
214295.21875,214411.890625,214630.9375,214515.15625,214638.53125,214872.34375,214709.890625,214812.34375,-0.513427734375,0.0009765625,-0.811767578125,-0.7324218153953552,0.4577636420726776,0.4882812201976776,80.0,7078.0,1.0,O,M,O,0
213613.9375,213730.4375,213949.484375,213833.609375,213957.25,214190.78125,214028.15625,214130.078125,-0.51416015625,-0.00146484375,-0.80859375,-0.8239745497703552,0.4577636420726776,0.4882812201976776,80.0,7079.0,1.0,O,M,O,0
213081.0625,213197.46875,213417.0625,213301.28125,213424.484375,213658.015625,213495.734375,213597.296875,-0.5146484375,-0.001220703125,-0.8095703125,-0.7629393935203552,0.3662109076976776,0.3662109076976776,80.0,7080.0,1.0,O,M,O,0
213718.890625,213834.953125,214054.625,213938.921875,214061.859375,214295.65625,214133.203125,214235.578125,-0.51513671875,0.0,-0.811767578125,-0.7934569716453552,0.3967284858226776,0.4272460639476776,80.0,7081.0,1.0,O,M,O,0
214358.0625,214474.46875,214694.234375,214578.28125,214701.296875,214935.375,214772.46875,214875.28125,-0.514892578125,0.000732421875,-0.808349609375,-0.8239745497703552,0.3967284858226776,0.5187987685203552,80.0,7082.0,1.0,O,M,O,0
213828.6875,213944.828125,214164.5,214048.546875,214171.828125,214405.28125,214243.171875,214345.015625,-0.51318359375,0.00146484375,-0.809814453125,-0.8544921278953552,0.4577636420726776,0.4882812201976776,80.0,7083.0,1.0,O,M,O,0
213145.4375,213261.484375,213480.984375,213365.375,213488.671875,213721.84375,213559.65625,213661.3125,-0.514404296875,0.00146484375,-0.812744140625,-0.7019042372703552,0.4882812201976776,0.4577636420726776,80.0,7084.0,1.0,O,M,O,0
213614.109375,213730.4375,213949.65625,213833.875,213957.078125,214190.609375,214028.609375,214130.078125,-0.51513671875,0.0,-0.813720703125,-0.6103515028953552,0.5798339247703552,0.4272460639476776,80.0,7085.0,1.0,O,M,O,0
214379.96875,214496.109375,214715.34375,214599.5625,214722.9375,214956.5625,214794.015625,214896.203125,-0.513671875,0.00146484375,-0.811767578125,-0.6713866591453552,0.5493163466453552,0.4272460639476776,80.0,7086.0,1.0,O,M,O,0
214031.828125,214147.96875,214367.453125,214251.578125,214375.234375,214608.5,214445.78125,214548.140625,-0.514404296875,0.00048828125,-0.808837890625,-0.7019042372703552,0.5798339247703552,0.4272460639476776,80.0,7087.0,1.0,O,M,O,0
213244.0625,213360.640625,213579.875,213464.171875,213587.828125,213820.90625,213658.640625,213760.46875,-0.512939453125,0.00048828125,-0.81103515625,-0.7019042372703552,0.4882812201976776,0.4272460639476776,80.0,7088.0,1.0,O,M,O,0
213514.25,213630.828125,213850.421875,213734.625,213858.015625,214091.359375,213928.90625,214030.921875,-0.513671875,-0.000244140625,-0.81298828125,-0.7019042372703552,0.5187987685203552,0.3967284858226776,80.0,7089.0,1.0,O,M,O,0
214360.578125,214477.34375,214696.46875,214580.515625,214704.25,214938.046875,214775.15625,214877.4375,-0.51513671875,0.000244140625,-0.81298828125,-0.7019042372703552,0.4882812201976776,0.4272460639476776,80.0,7090.0,1.0,O,M,O,0
214222.34375,214339.296875,214558.15625,214442.46875,214566.125,214799.65625,214637.015625,214739.125,-0.5146484375,0.0,-0.811279296875,-0.8239745497703552,0.4882812201976776,0.5187987685203552,80.0,7091.0,1.0,O,M,O,0
213384.34375,213500.65625,213719.875,213604.09375,213727.75,213961.28125,213799.09375,213900.75,-0.51611328125,0.00048828125,-0.812255859375,-0.8239745497703552,0.3967284858226776,0.4272460639476776,80.0,7092.0,1.0,O,M,O,0
213438.0625,213554.5625,213773.875,213657.921875,213781.578125,214014.75,213852.65625,213954.3125,-0.515380859375,-0.000244140625,-0.810546875,-0.7934569716453552,0.4577636420726776,0.4272460639476776,80.0,7093.0,1.0,O,M,O,0
214309.15625,214425.84375,214645.421875,214529.1875,214652.65625,214886.375,214723.734375,214825.671875,-0.51513671875,0.001220703125,-0.8134765625,-0.7934569716453552,0.4577636420726776,0.5798339247703552,80.0,7094.0,1.0,O,M,O,0
214389.359375,214505.765625,214725.703125,214609.296875,214732.6875,214966.578125,214803.9375,214906.21875,-0.514892578125,0.0009765625,-0.815185546875,-0.8239745497703552,0.5187987685203552,0.4882812201976776,80.0,7095.0,1.0,O,M,O,0
213553.40625,213669.453125,213889.125,213773.34375,213896.640625,214130.265625,213967.71875,214069.90625,-0.5146484375,-0.000244140625,-0.815673828125,-0.7934569716453552,0.5187987685203552,0.4882812201976776,80.0,7096.0,1.0,O,M,O,0
213393.8125,213510.125,213729.890625,213613.75,213737.5,213970.84375,213808.65625,213910.578125,-0.513671875,-0.000244140625,-0.812744140625,-0.7324218153953552,0.4577636420726776,0.3662109076976776,80.0,7097.0,1.0,O,M,O,0
214235.046875,214351.453125,214571.296875,214454.8125,214578.8125,214812.171875,214649.796875,214752.0,-0.515625,-0.000732421875,-0.814208984375,-0.6713866591453552,0.5798339247703552,0.3356933295726776,80.0,7098.0,1.0,O,M,O,0
214529.28125,214645.953125,214865.546875,214749.40625,214873.40625,215107.03125,214944.046875,215046.6875,-0.513427734375,-0.000244140625,-0.8173828125,-0.5798339247703552,0.5798339247703552,0.2746581733226776,80.0,7099.0,1.0,O,M,O,0
213751.0,213868.03125,214087.4375,213971.296875,214095.21875,214328.390625,214165.75,214268.296875,-0.51220703125,0.00146484375,-0.81396484375,-0.5798339247703552,0.5798339247703552,0.3662109076976776,80.0,7100.0,1.0,O,M,O,0
213381.921875,213498.859375,213718.265625,213602.3125,213726.234375,213959.3125,213797.03125,213898.6875,-0.512451171875,0.0029296875,-0.812255859375,-0.6713866591453552,0.5187987685203552,0.4882812201976776,80.0,7101.0,1.0,O,M,O,0
214139.109375,214255.609375,214475.375,214358.96875,214482.515625,214716.40625,214553.59375,214655.96875,-0.513916015625,0.002685546875,-0.810546875,-0.6103515028953552,0.5493163466453552,0.4577636420726776,80.0,7102.0,1.0,O,M,O,0
214627.09375,214743.859375,214963.53125,214846.859375,214970.421875,215204.296875,215041.5,215144.40625,-0.51318359375,0.001708984375,-0.81396484375,-0.7934569716453552,0.4882812201976776,0.4577636420726776,80.0,7103.0,1.0,O,M,O,0
213958.328125,214075.09375,214294.59375,214178.09375,214302.1875,214535.625,214373.09375,214475.09375,-0.512451171875,0.000244140625,-0.81103515625,-0.7629393935203552,0.5187987685203552,0.3662109076976776,80.0,7104.0,1.0,O,M,O,0
213410.078125,213526.9375,213746.078125,213630.109375,213753.9375,213987.390625,213824.671875,213926.859375,-0.514404296875,0.001220703125,-0.811279296875,-0.7629393935203552,0.4882812201976776,0.4272460639476776,80.0,7105.0,1.0,O,M,O,0
214032.453125,214148.9375,214368.171875,214252.125,214376.125,214609.390625,214446.578125,214549.3125,-0.512451171875,0.00146484375,-0.8134765625,-0.7629393935203552,0.3662109076976776,0.3967284858226776,80.0,7106.0,1.0,O,M,O,0
214687.171875,214803.84375,215023.25,214907.03125,215030.59375,215264.46875,215101.21875,215204.21875,-0.51513671875,0.001953125,-0.8134765625,-0.7324218153953552,0.4272460639476776,0.4882812201976776,80.0,7107.0,1.0,O,M,O,0
214171.65625,214288.515625,214507.734375,214391.5,214515.15625,214749.140625,214586.0625,214688.609375,-0.513427734375,0.000244140625,-0.811767578125,-0.7324218153953552,0.4272460639476776,0.3967284858226776,80.0,7108.0,1.0,O,M,O,0
213476.0625,213593.1875,213812.234375,213695.921875,213819.921875,214053.453125,213890.828125,213992.84375,-0.51220703125,0.000244140625,-0.809814453125,-0.6713866591453552,0.3662109076976776,0.4577636420726776,80.0,7109.0,1.0,O,M,O,0
213925.25,214042.8125,214261.859375,214145.546875,214269.015625,214502.640625,214340.0,214442.109375,-0.5146484375,0.002197265625,-0.81201171875,-0.7934569716453552,0.4272460639476776,0.4577636420726776,80.0,7110.0,1.0,O,M,O,0
214700.859375,214818.0625,215037.296875,214920.890625,215044.4375,215278.15625,215115.25,215218.078125,-0.516357421875,0.001953125,-0.813232421875,-0.7019042372703552,0.4882812201976776,0.4882812201976776,80.0,7111.0,1.0,O,M,O,0
214372.8125,214489.3125,214708.625,214592.3125,214715.875,214949.859375,214787.125,214889.5,-0.512939453125,-0.00048828125,-0.814208984375,-0.6408690810203552,0.5493163466453552,0.4577636420726776,80.0,7112.0,1.0,O,M,O,0
213575.84375,213692.609375,213911.65625,213795.515625,213919.078125,214152.875,213990.78125,214092.625,-0.514892578125,-0.00048828125,-0.814208984375,-0.7019042372703552,0.5493163466453552,0.5187987685203552,80.0,7113.0,1.0,O,M,O,0
213826.8125,213943.671875,214162.71875,214046.9375,214170.3125,214403.9375,214241.75,214343.765625,-0.514404296875,0.000732421875,-0.8134765625,-0.7019042372703552,0.5493163466453552,0.4882812201976776,80.0,7114.0,1.0,O,M,O,0
214678.0625,214794.828125,215014.21875,214898.078125,215021.640625,215255.453125,215092.71875,215195.28125,-0.51416015625,0.001708984375,-0.81103515625,-0.7629393935203552,0.4577636420726776,0.5493163466453552,80.0,7115.0,1.0,O,M,O,0
214559.765625,214676.71875,214895.84375,214779.53125,214903.265625,215136.984375,214974.265625,215076.90625,-0.514404296875,0.0,-0.811767578125,-0.7324218153953552,0.5493163466453552,0.4577636420726776,80.0,7116.0,1.0,O,M,O,0
213718.71875,213835.578125,214054.53125,213938.75,214062.484375,214295.84375,214133.390625,214235.484375,-0.514404296875,0.00048828125,-0.810546875,-0.7019042372703552,0.4577636420726776,0.4272460639476776,80.0,7117.0,1.0,O,M,O,0
213754.484375,213871.25,214090.296875,213974.421875,214098.15625,214331.328125,214169.0625,214271.078125,-0.513671875,-0.000732421875,-0.814208984375,-0.6408690810203552,0.4882812201976776,0.4272460639476776,80.0,7118.0,1.0,O,M,O,0
214624.140625,214741.171875,214960.21875,214843.71875,214967.734375,215201.359375,215038.546875,215141.09375,-0.512451171875,0.0009765625,-0.81396484375,-0.6408690810203552,0.4882812201976776,0.5493163466453552,80.0,7119.0,1.0,O,M,O,0
214725.703125,214843.09375,215061.96875,214945.5625,215069.296875,215303.09375,215140.46875,215243.109375,-0.511962890625,0.001220703125,-0.813720703125,-0.7324218153953552,0.4577636420726776,0.5187987685203552,80.0,7120.0,1.0,O,M,O,0
213893.515625,214010.453125,214229.5,214113.546875,214237.28125,214470.90625,214308.171875,214410.375,-0.514404296875,0.002197265625,-0.813720703125,-0.7019042372703552,0.4577636420726776,0.4882812201976776,80.0,7121.0,1.0,O,M,O,0
213710.84375,213827.265625,214046.484375,213930.609375,214054.265625,214287.890625,214125.15625,214227.71875,-0.512451171875,0.00244140625,-0.81103515625,-0.7019042372703552,0.4577636420726776,0.4882812201976776,80.0,7122.0,1.0,O,M,O,0
214546.0,214662.5,214881.453125,214765.671875,214889.140625,215123.21875,214960.140625,215062.953125,-0.512939453125,0.001220703125,-0.81494140625,-0.7324218153953552,0.4272460639476776,0.4272460639476776,80.0,7123.0,1.0,O,M,O,0
214858.484375,214974.96875,215194.203125,215078.15625,215201.796875,215436.046875,215272.703125,215375.703125,-0.51318359375,0.0009765625,-0.8134765625,-0.6408690810203552,0.4272460639476776,0.5187987685203552,80.0,7124.0,1.0,O,M,O,0
214088.953125,214205.625,214425.21875,214308.890625,214432.28125,214666.25,214503.71875,214605.90625,-0.51220703125,0.002685546875,-0.8134765625,-0.7019042372703552,0.4272460639476776,0.5187987685203552,80.0,7125.0,1.0,O,M,O,0
213702.265625,213818.9375,214038.609375,213922.203125,214045.5,214279.390625,214117.109375,214219.046875,-0.513916015625,0.000732421875,-0.8115234375,-0.7324218153953552,0.5187987685203552,0.4272460639476776,80.0,7126.0,1.0,O,M,O,0
214446.578125,214563.25,214782.65625,214666.515625,214790.0,215023.96875,214861.421875,214963.796875,-0.513671875,0.001708984375,-0.81298828125,-0.7324218153953552,0.5493163466453552,0.4882812201976776,80.0,7127.0,1.0,O,M,O,0
214950.5625,215067.25,215286.296875,215170.328125,215293.890625,215528.140625,215365.140625,215467.78125,-0.514404296875,-0.0009765625,-0.81201171875,-0.7019042372703552,0.4577636420726776,0.4577636420726776,80.0,7128.0,1.0,O,M,O,0
214294.234375,214410.546875,214630.046875,214514.171875,214637.109375,214871.265625,214708.71875,214811.09375,-0.5146484375,0.0,-0.808837890625,-0.7629393935203552,0.5187987685203552,0.4577636420726776,80.0,7129.0,1.0,O,M,O,0
213730.515625,213846.65625,214066.328125,213950.1875,214073.484375,214307.28125,214144.65625,214247.109375,-0.51318359375,0.0009765625,-0.81005859375,-0.7629393935203552,0.5187987685203552,0.4577636420726776,80.0,7130.0,1.0,O,M,O,0
214341.265625,214457.671875,214677.421875,214561.203125,214684.578125,214918.5625,214755.65625,214858.203125,-0.512451171875,0.0,-0.812744140625,-0.7934569716453552,0.4882812201976776,0.4882812201976776,80.0,7131.0,1.0,O,M,O,0
215007.78125,215124.46875,215344.140625,215227.546875,215351.109375,215585.09375,215422.375,215524.921875,-0.514404296875,0.0,-0.811767578125,-0.7934569716453552,0.5187987685203552,0.4272460639476776,80.0,7132.0,1.0,O,M,O,0
214506.65625,214623.0625,214842.5625,214726.15625,214849.71875,215083.515625,214921.15625,215023.25,-0.512939453125,-0.00048828125,-0.8125,-0.7629393935203552,0.4882812201976776,0.3967284858226776,80.0,7133.0,1.0,O,M,O,0
213800.96875,213917.203125,214136.78125,214020.734375,214144.296875,214377.734375,214215.46875,214317.390625,-0.51416015625,-0.0009765625,-0.810546875,-0.7934569716453552,0.4882812201976776,0.5187987685203552,80.0,7134.0,1.0,O,M,O,0
214235.21875,214351.1875,214571.125,214454.8125,214578.28125,214811.984375,214649.71875,214751.8125,-0.513916015625,0.0009765625,-0.81005859375,-0.7629393935203552,0.4577636420726776,0.5187987685203552,80.0,7135.0,1.0,O,M,O,0
215019.234375,215135.46875,215355.3125,215239.078125,215362.46875,215596.359375,215433.8125,215536.1875,-0.514404296875,0.001953125,-0.8115234375,-0.8239745497703552,0.4577636420726776,0.3967284858226776,80.0,7136.0,1.0,O,M,O,0
214705.59375,214821.90625,215041.9375,214925.4375,215048.640625,215282.890625,215119.90625,215222.359375,-0.512939453125,0.00048828125,-0.815185546875,-0.7629393935203552,0.3662109076976776,0.3967284858226776,80.0,7137.0,1.0,O,M,O,0
213905.3125,214021.625,214241.484375,214125.34375,214248.546875,214482.34375,214319.625,214421.8125,-0.5146484375,0.0009765625,-0.81005859375,-0.7934569716453552,0.4577636420726776,0.4882812201976776,80.0,7138.0,1.0,O,M,O,0
214138.75,214255.34375,214474.75,214358.875,214482.25,214715.96875,214553.25,214655.34375,-0.51416015625,0.002197265625,-0.811767578125,-0.8239745497703552,0.3356933295726776,0.4577636420726776,80.0,7139.0,1.0,O,M,O,0
214992.859375,215109.4375,215328.84375,215213.15625,215336.53125,215570.34375,215407.4375,215510.25,-0.514404296875,0.00146484375,-0.810791015625,-0.7934569716453552,0.4882812201976776,0.4882812201976776,80.0,7140.0,1.0,O,M,O,0
214892.28125,215008.234375,215227.90625,215111.765625,215235.328125,215468.859375,215306.3125,215409.21875,-0.513671875,0.002197265625,-0.812255859375,-0.7324218153953552,0.5798339247703552,0.4577636420726776,80.0,7141.0,1.0,O,M,O,0
214049.53125,214165.65625,214385.421875,214269.015625,214392.484375,214626.109375,214463.921875,214566.125,-0.513427734375,0.001220703125,-0.810791015625,-0.7934569716453552,0.4882812201976776,0.3662109076976776,80.0,7142.0,1.0,O,M,O,0
214067.671875,214183.71875,214403.390625,214287.34375,214410.546875,214644.34375,214482.078125,214584.09375,-0.513671875,0.0,-0.809814453125,-0.8239745497703552,0.5187987685203552,0.4272460639476776,80.0,7143.0,1.0,O,M,O,0
214938.3125,215054.28125,215274.3125,215157.984375,215281.1875,215515.34375,215352.625,215455.1875,-0.514892578125,0.001953125,-0.81298828125,-0.7324218153953552,0.4577636420726776,0.4272460639476776,80.0,7144.0,1.0,O,M,O,0
215057.59375,215173.8125,215393.671875,215277.265625,215400.90625,215634.703125,215471.90625,215574.625,-0.513427734375,0.00146484375,-0.815673828125,-0.6408690810203552,0.4577636420726776,0.4577636420726776,80.0,7145.0,1.0,O,M,O,0
214227.4375,214343.671875,214563.4375,214447.46875,214570.859375,214804.5625,214641.578125,214744.03125,-0.514892578125,0.00048828125,-0.814453125,-0.5798339247703552,0.5798339247703552,0.4577636420726776,80.0,7146.0,1.0,O,M,O,0
214025.46875,214141.875,214361.640625,214245.6875,214368.890625,214602.6875,214439.875,214542.328125,-0.514892578125,0.000244140625,-0.813232421875,-0.8239745497703552,0.4882812201976776,0.3967284858226776,80.0,7147.0,1.0,O,M,O,0
214854.90625,214971.40625,215191.078125,215074.671875,215198.046875,215432.03125,215269.296875,215372.203125,-0.51318359375,0.00048828125,-0.813232421875,-0.7934569716453552,0.3967284858226776,0.4577636420726776,80.0,7148.0,1.0,O,M,O,0
215184.640625,215301.125,215520.984375,215404.578125,215528.140625,215761.671875,215599.21875,215702.03125,-0.5126953125,0.00146484375,-0.81298828125,-0.6713866591453552,0.3967284858226776,0.4882812201976776,80.0,7149.0,1.0,O,M,O,0
214422.625,214539.03125,214758.703125,214642.5625,214766.125,214999.65625,214837.375,214939.484375,-0.51318359375,0.000732421875,-0.812255859375,-0.7629393935203552,0.3662109076976776,0.3967284858226776,80.0,7150.0,1.0,O,M,O,0
214017.609375,214134.015625,214353.59375,214237.375,214360.484375,214594.453125,214432.0,214533.578125,-0.512451171875,-0.000732421875,-0.8095703125,-0.7629393935203552,0.4272460639476776,0.3967284858226776,80.0,7151.0,1.0,O,M,O,0
214751.90625,214868.3125,215088.171875,214971.484375,215094.6875,215329.109375,215166.484375,215268.40625,-0.513671875,0.001220703125,-0.809326171875,-0.7324218153953552,0.4272460639476776,0.3967284858226776,80.0,7152.0,1.0,O,M,O,0
215273.59375,215390.09375,215609.671875,215493.0,215616.46875,215851.171875,215687.90625,215790.453125,-0.513427734375,0.000244140625,-0.81201171875,-0.7934569716453552,0.4577636420726776,0.3967284858226776,80.0,7153.0,1.0,O,M,O,0
214628.875,214745.5625,214964.6875,214848.640625,214972.03125,215206.09375,215043.1875,215145.296875,-0.513916015625,-0.000244140625,-0.814208984375,-0.8239745497703552,0.4577636420726776,0.4272460639476776,80.0,7154.0,1.0,O,M,O,0
214049.53125,214165.65625,214385.34375,214269.640625,214392.578125,214626.46875,214463.65625,214565.671875,-0.515380859375,0.0009765625,-0.81396484375,-0.7629393935203552,0.4272460639476776,0.4577636420726776,80.0,7155.0,1.0,O,M,O,0
214642.65625,214758.796875,214978.734375,214862.6875,214985.890625,215220.125,215056.78125,215159.421875,-0.515380859375,0.000732421875,-0.812255859375,-0.7629393935203552,0.3967284858226776,0.4882812201976776,80.0,7156.0,1.0,O,M,O,0
215320.796875,215437.5625,215657.0625,215540.921875,215664.03125,215898.375,215735.5625,215837.9375,-0.5146484375,0.001220703125,-0.815673828125,-0.7324218153953552,0.4577636420726776,0.4577636420726776,80.0,7157.0,1.0,O,M,O,0
214838.8125,214955.9375,215175.0625,215059.109375,215182.3125,215416.109375,215253.484375,215355.671875,-0.513427734375,0.001220703125,-0.812255859375,-0.6408690810203552,0.3967284858226776,0.5187987685203552,80.0,7158.0,1.0,O,M,O,0
214122.21875,214238.890625,214458.203125,214342.421875,214465.71875,214699.328125,214536.34375,214638.625,-0.512451171875,0.00146484375,-0.810302734375,-0.6713866591453552,0.4272460639476776,0.5187987685203552,80.0,7159.0,1.0,O,M,O,0
214534.640625,214650.96875,214870.734375,214754.765625,214877.96875,215111.765625,214948.953125,215051.515625,-0.512939453125,0.001953125,-0.81103515625,-0.6408690810203552,0.3967284858226776,0.4577636420726776,80.0,7160.0,1.0,O,M,O,0
215329.75,215446.234375,215665.640625,215549.765625,215672.96875,215906.953125,215744.046875,215847.046875,-0.514404296875,0.001220703125,-0.810791015625,-0.6713866591453552,0.5187987685203552,0.4577636420726776,80.0,7161.0,1.0,O,M,O,0
215042.828125,215159.328125,215378.640625,215262.59375,215385.71875,215620.21875,215457.140625,215559.703125,-0.51318359375,0.001953125,-0.8125,-0.7324218153953552,0.4577636420726776,0.4882812201976776,80.0,7162.0,1.0,O,M,O,0
214236.296875,214352.96875,214572.375,214456.234375,214579.625,214813.328125,214650.703125,214752.796875,-0.515869140625,0.00244140625,-0.8115234375,-0.6713866591453552,0.4577636420726776,0.4272460639476776,80.0,7163.0,1.0,O,M,O,0
214447.65625,214564.328125,214783.828125,214667.59375,214791.15625,215024.78125,214862.328125,214964.6875,-0.51318359375,0.003173828125,-0.810546875,-0.6408690810203552,0.4272460639476776,0.4272460639476776,80.0,7164.0,1.0,O,M,O,0
215305.25,215422.015625,215641.5,215525.28125,215648.484375,215882.640625,215719.640625,215822.46875,-0.513671875,0.00146484375,-0.81103515625,-0.7019042372703552,0.3967284858226776,0.4577636420726776,80.0,7165.0,1.0,O,M,O,0
215224.953125,215341.8125,215561.21875,215444.984375,215568.109375,215802.34375,215639.453125,215742.09375,-0.514404296875,0.001220703125,-0.811767578125,-0.6103515028953552,0.3967284858226776,0.4272460639476776,80.0,7166.0,1.0,O,M,O,0
214380.421875,214497.71875,214717.21875,214600.890625,214724.1875,214957.71875,214795.71875,214897.640625,-0.5146484375,0.001220703125,-0.811767578125,-0.7629393935203552,0.4577636420726776,0.4272460639476776,80.0,7167.0,1.0,O,M,O,0
214374.96875,214492.09375,214711.84375,214595.796875,214719.0,214952.625,214790.53125,214892.28125,-0.5146484375,0.00146484375,-0.8115234375,-0.8239745497703552,0.4577636420726776,0.3967284858226776,80.0,7168.0,1.0,O,M,O,0
215243.546875,215360.859375,215580.078125,215464.125,215586.96875,215821.03125,215658.3125,215760.59375,-0.512451171875,0.000732421875,-0.812744140625,-0.7324218153953552,0.4272460639476776,0.3662109076976776,80.0,7169.0,1.0,O,M,O,0
215385.359375,215502.203125,215721.53125,215605.109375,215728.671875,215962.46875,215799.84375,215902.578125,-0.511474609375,-0.000244140625,-0.812744140625,-0.7019042372703552,0.3967284858226776,0.4272460639476776,80.0,7170.0,1.0,O,M,O,0
214560.75,214677.25,214896.65625,214780.421875,214904.34375,215137.78125,214975.15625,215077.96875,-0.514404296875,-0.00048828125,-0.810546875,-0.7019042372703552,0.3662109076976776,0.4577636420726776,80.0,7171.0,1.0,O,M,O,0
214339.734375,214455.96875,214675.375,214559.234375,214683.234375,214916.6875,214753.78125,214856.25,-0.51513671875,-0.0009765625,-0.812255859375,-0.6713866591453552,0.4577636420726776,0.3967284858226776,80.0,7172.0,1.0,O,M,O,0
215160.40625,215276.640625,215496.125,215380.171875,215503.546875,215737.34375,215574.453125,215677.265625,-0.514892578125,0.001220703125,-0.809326171875,-0.7324218153953552,0.4272460639476776,0.3662109076976776,80.0,7173.0,1.0,O,M,O,0
215510.25,215626.84375,215846.609375,215730.375,215853.484375,216087.375,215924.484375,216027.46875,-0.51513671875,-0.00048828125,-0.8115234375,-0.7019042372703552,0.5187987685203552,0.4577636420726776,80.0,7174.0,1.0,O,M,O,0
214759.0625,214876.265625,215095.5,214979.359375,215102.5625,215336.09375,215173.90625,215276.09375,-0.513427734375,0.002197265625,-0.810791015625,-0.6408690810203552,0.4577636420726776,0.4882812201976776,80.0,7175.0,1.0,O,M,O,0
214337.140625,214453.640625,214673.671875,214557.265625,214680.640625,214914.09375,214751.71875,214854.015625,-0.512939453125,-0.00048828125,-0.811767578125,-0.6713866591453552,0.4882812201976776,0.4272460639476776,80.0,7176.0,1.0,O,M,O,0
215058.03125,215174.796875,215394.5625,215278.0625,215401.796875,215635.328125,215472.53125,215575.078125,-0.513427734375,0.00048828125,-0.811279296875,-0.7629393935203552,0.4577636420726776,0.3662109076976776,80.0,7177.0,1.0,O,M,O,0
215596.0,215713.125,215932.25,215815.84375,215939.3125,216173.203125,216010.21875,216113.125,-0.514404296875,0.001953125,-0.8125,-0.7934569716453552,0.4882812201976776,0.4272460639476776,80.0,7178.0,1.0,O,M,O,0
214968.1875,215085.296875,215304.4375,215188.390625,215311.140625,215545.390625,215382.671875,215485.484375,-0.51513671875,0.0029296875,-0.814697265625,-0.7019042372703552,0.4882812201976776,0.3967284858226776,80.0,7179.0,1.0,O,M,O,0
214375.0625,214491.734375,214711.21875,214595.171875,214718.375,214952.265625,214789.546875,214891.921875,-0.513427734375,0.000732421875,-0.81396484375,-0.7629393935203552,0.5187987685203552,0.3662109076976776,80.0,7180.0,1.0,O,M,O,0
214952.09375,215068.859375,215288.078125,215171.9375,215295.140625,215529.296875,215366.671875,215468.859375,-0.512451171875,0.001953125,-0.813720703125,-0.8544921278953552,0.4882812201976776,0.4577636420726776,80.0,7181.0,1.0,O,M,O,0
215642.484375,215758.984375,215978.65625,215862.34375,215985.625,216219.796875,216057.25,216159.703125,-0.51220703125,0.00048828125,-0.81298828125,-0.8239745497703552,0.3662109076976776,0.4272460639476776,80.0,7182.0,1.0,O,M,O,0
215176.765625,215293.71875,215513.296875,215396.984375,215520.09375,215754.25,215591.609375,215694.171875,-0.514404296875,0.001953125,-0.813232421875,-0.7324218153953552,0.4577636420726776,0.4577636420726776,80.0,7183.0,1.0,O,M,O,0
214449.890625,214567.1875,214786.234375,214670.359375,214793.21875,215027.28125,214864.640625,214967.46875,-0.514404296875,0.00244140625,-0.814453125,-0.7019042372703552,0.5493163466453552,0.4272460639476776,80.0,7184.0,1.0,O,M,O,0
214846.671875,214963.984375,215182.84375,215066.796875,215190.171875,215423.984375,215261.25,215364.078125,-0.513916015625,0.002197265625,-0.81396484375,-0.5798339247703552,0.5187987685203552,0.4577636420726776,80.0,7185.0,1.0,O,M,O,0
215650.71875,215767.5625,215986.796875,215870.65625,215993.765625,216228.1875,216065.03125,216168.109375,-0.5146484375,0.00146484375,-0.8125,-0.6408690810203552,0.4577636420726776,0.4272460639476776,80.0,7186.0,1.0,O,M,O,0
215382.140625,215499.171875,215718.21875,215602.4375,215725.28125,215959.609375,215796.625,215899.359375,-0.514892578125,0.002197265625,-0.808837890625,-0.6103515028953552,0.4882812201976776,0.4577636420726776,80.0,7187.0,1.0,O,M,O,0
214569.421875,214686.375,214905.6875,214789.71875,214912.75,215146.8125,214983.734375,215086.203125,-0.513916015625,0.00048828125,-0.814208984375,-0.7324218153953552,0.5187987685203552,0.4272460639476776,80.0,7188.0,1.0,O,M,O,0
214758.15625,214875.015625,215094.15625,214978.109375,215101.578125,215335.375,215172.296875,215274.9375,-0.514404296875,-0.000244140625,-0.813232421875,-0.7324218153953552,0.4577636420726776,0.4272460639476776,80.0,7189.0,1.0,O,M,O,0
215619.0625,215735.734375,215955.0625,215839.0,215962.203125,216196.453125,216033.109375,216136.375,-0.51513671875,0.0009765625,-0.8115234375,-0.7324218153953552,0.5493163466453552,0.4882812201976776,80.0,7190.0,1.0,O,M,O,0
215563.71875,215680.125,215899.625,215783.65625,215906.78125,216141.015625,215977.9375,216080.9375,-0.514404296875,0.00146484375,-0.811279296875,-0.8239745497703552,0.5187987685203552,0.4577636420726776,80.0,7191.0,1.0,O,M,O,0
214718.90625,214835.40625,215055.0,214939.03125,215062.328125,215296.296875,215133.578125,215235.953125,-0.513916015625,0.002197265625,-0.81103515625,-0.7019042372703552,0.4882812201976776,0.5187987685203552,80.0,7192.0,1.0,O,M,O,0
214690.84375,214807.421875,215027.015625,214910.78125,215034.15625,215267.96875,215105.328125,215207.703125,-0.513427734375,0.0009765625,-0.81396484375,-0.7324218153953552,0.5187987685203552,0.3662109076976776,80.0,7193.0,1.0,O,M,O,0
215556.484375,215673.15625,215892.46875,215776.234375,215899.796875,216133.6875,215970.515625,216073.515625,-0.512939453125,0.0009765625,-0.810546875,-0.7934569716453552,0.3967284858226776,0.4882812201976776,80.0,7194.0,1.0,O,M,O,0
215719.203125,215836.140625,216055.453125,215939.234375,216062.515625,216296.5,216133.328125,216236.421875,-0.51220703125,0.00048828125,-0.810302734375,-0.7934569716453552,0.4577636420726776,0.5493163466453552,80.0,7195.0,1.0,O,M,O,0
214898.265625,215014.765625,215234.171875,215118.109375,215241.59375,215475.46875,215312.578125,215415.21875,-0.5126953125,0.00048828125,-0.812255859375,-0.6408690810203552,0.4882812201976776,0.5798339247703552,80.0,7196.0,1.0,O,M,O,0
214654.71875,214771.484375,214990.890625,214874.390625,214997.953125,215232.015625,215068.859375,215171.84375,-0.515625,0.0009765625,-0.8154296875,-0.6713866591453552,0.4882812201976776,0.4577636420726776,80.0,7197.0,1.0,O,M,O,0
215468.234375,215584.828125,215804.3125,215688.0,215811.28125,216045.53125,215882.359375,215985.28125,-0.516357421875,0.0,-0.8125,-0.6713866591453552,0.4577636420726776,0.4577636420726776,80.0,7198.0,1.0,O,M,O,0
215837.65625,215954.25,216173.828125,216057.515625,216180.546875,216415.328125,216252.15625,216354.890625,-0.514404296875,-0.000244140625,-0.813232421875,-0.7324218153953552,0.4882812201976776,0.3967284858226776,80.0,7199.0,1.0,O,M,O,0
215095.859375,215213.15625,215432.375,215316.234375,215439.359375,215673.78125,215510.875,215613.25,-0.513427734375,0.002197265625,-0.8115234375,-0.6713866591453552,0.4272460639476776,0.4272460639476776,80.0,7200.0,1.0,O,M,O,0
214653.828125,214770.953125,214990.4375,214874.03125,214997.234375,215231.3125,215068.140625,215170.953125,-0.512451171875,0.001953125,-0.812255859375,-0.6408690810203552,0.4577636420726776,0.4272460639476776,80.0,7201.0,1.0,O,M,O,0
215361.84375,215478.6875,215698.28125,215581.953125,215704.984375,215939.59375,215775.703125,215879.15625,-0.513916015625,0.0009765625,-0.812255859375,-0.7324218153953552,0.3967284858226776,0.4272460639476776,80.0,7202.0,1.0,O,M,O,0
215916.875,216034.09375,216253.765625,216136.8125,216260.375,216494.71875,216331.28125,216434.71875,-0.513671875,0.000732421875,-0.8125,-0.7324218153953552,0.4272460639476776,0.4577636420726776,80.0,7203.0,1.0,O,M,O,0
215304.796875,215421.75,215641.328125,215524.828125,215648.03125,215882.453125,215719.015625,215821.84375,-0.5146484375,0.00048828125,-0.813720703125,-0.6713866591453552,0.3967284858226776,0.5187987685203552,80.0,7204.0,1.0,O,M,O,0
214693.96875,214810.46875,215029.6875,214913.640625,215036.671875,215270.828125,215107.828125,215210.203125,-0.514404296875,0.002685546875,-0.810302734375,-0.6713866591453552,0.3967284858226776,0.4577636420726776,80.0,7205.0,1.0,O,M,O,0
215250.703125,215367.828125,215586.875,215470.734375,215594.03125,215827.921875,215665.375,215767.921875,-0.51513671875,0.00146484375,-0.814453125,-0.8239745497703552,0.4577636420726776,0.3967284858226776,80.0,7206.0,1.0,O,M,O,0
215958.359375,216075.3125,216294.71875,216178.296875,216301.421875,216535.65625,216372.578125,216475.84375,-0.513916015625,0.002197265625,-0.8115234375,-0.7934569716453552,0.4272460639476776,0.5493163466453552,80.0,7207.0,1.0,O,M,O,0
215515.0,215631.765625,215851.609375,215735.109375,215858.3125,216092.03125,215929.21875,216032.125,-0.513916015625,0.0009765625,-0.81201171875,-0.7934569716453552,0.4577636420726776,0.4882812201976776,80.0,7208.0,1.0,O,M,O,0
214776.21875,214892.625,215112.21875,214996.078125,215119.28125,215353.078125,215190.171875,215292.734375,-0.516357421875,0.000732421875,-0.81396484375,-0.7629393935203552,0.5187987685203552,0.4272460639476776,80.0,7209.0,1.0,O,M,O,0
215151.28125,215267.96875,215487.453125,215371.40625,215493.984375,215728.40625,215565.515625,215668.140625,-0.514404296875,0.00048828125,-0.815185546875,-0.7019042372703552,0.5493163466453552,0.4577636420726776,80.0,7210.0,1.0,O,M,O,0
215962.296875,216079.421875,216298.734375,216182.421875,216305.171875,216539.515625,216376.875,216479.6875,-0.51416015625,-0.00048828125,-0.812744140625,-0.7324218153953552,0.4882812201976776,0.4882812201976776,80.0,7211.0,1.0,O,M,O,0
215716.25,215833.109375,216052.421875,215936.1875,216059.21875,216293.734375,216130.375,216233.46875,-0.51416015625,-0.000244140625,-0.811767578125,-0.7629393935203552,0.4882812201976776,0.4577636420726776,80.0,7212.0,1.0,O,M,O,0
214898.984375,215015.296875,215234.875,215118.65625,215241.859375,215475.828125,215312.84375,215415.84375,-0.51318359375,-0.000732421875,-0.812255859375,-0.6713866591453552,0.4272460639476776,0.3967284858226776,80.0,7213.0,1.0,O,M,O,0
215064.46875,215180.875,215400.109375,215283.96875,215407.171875,215641.234375,215478.34375,215581.0625,-0.513427734375,0.00244140625,-0.8125,-0.7019042372703552,0.4272460639476776,0.3967284858226776,80.0,7214.0,1.0,O,M,O,0
215927.515625,216044.109375,216263.515625,216147.015625,216270.390625,216504.640625,216341.46875,216444.296875,-0.5126953125,0.001953125,-0.813232421875,-0.7019042372703552,0.3662109076976776,0.3967284858226776,80.0,7215.0,1.0,O,M,O,0
215893.90625,216010.84375,216230.15625,216114.015625,216237.3125,216471.375,216308.21875,216411.03125,-0.51416015625,0.00048828125,-0.813720703125,-0.6408690810203552,0.3967284858226776,0.4272460639476776,80.0,7216.0,1.0,O,M,O,0
215050.078125,215167.5625,215386.6875,215270.203125,215393.765625,215627.5625,215464.65625,215567.390625,-0.514892578125,0.00048828125,-0.8134765625,-0.6408690810203552,0.3967284858226776,0.4577636420726776,80.0,7217.0,1.0,O,M,O,0
214998.3125,215115.25,215335.015625,215218.515625,215341.984375,215575.515625,215412.796875,215515.703125,-0.514892578125,-0.001953125,-0.811279296875,-0.6713866591453552,0.4272460639476776,0.4577636420726776,80.0,7218.0,1.0,O,M,O,0
215858.9375,215975.890625,216195.375,216079.0625,216202.265625,216435.890625,216273.171875,216376.4375,-0.51416015625,0.00146484375,-0.81494140625,-0.5798339247703552,0.4577636420726776,0.4272460639476776,80.0,7219.0,1.0,O,M,O,0
216044.28125,216161.5,216380.8125,216264.84375,216387.96875,216622.03125,216459.125,216562.3125,-0.513916015625,0.00146484375,-0.81201171875,-0.7324218153953552,0.4577636420726776,0.4272460639476776,80.0,7220.0,1.0,O,M,O,0
215231.75,215348.703125,215567.75,215451.78125,215574.71875,215808.875,215646.328125,215748.703125,-0.514892578125,-0.00048828125,-0.8095703125,-0.7324218153953552,0.5187987685203552,0.4272460639476776,80.0,7221.0,1.0,O,M,O,0
214967.015625,215084.140625,215303.09375,215186.875,215310.15625,215544.234375,215381.234375,215483.875,-0.5146484375,0.00048828125,-0.8134765625,-0.7629393935203552,0.4577636420726776,0.3967284858226776,80.0,7222.0,1.0,O,M,O,0
215771.953125,215889.078125,216107.765625,215991.890625,216115.1875,216349.34375,216186.34375,216289.171875,-0.5146484375,0.0,-0.811767578125,-0.7629393935203552,0.4272460639476776,0.4577636420726776,80.0,7223.0,1.0,O,M,O,0
216164.265625,216281.5625,216500.609375,216384.5625,216507.765625,216741.84375,216579.03125,216681.84375,-0.51416015625,0.000732421875,-0.80908203125,-0.7934569716453552,0.4577636420726776,0.5187987685203552,80.0,7224.0,1.0,O,M,O,0
215431.84375,215548.96875,215768.015625,215652.140625,215775.25,216009.234375,215846.421875,215949.421875,-0.513427734375,0.0009765625,-0.810546875,-0.6713866591453552,0.5493163466453552,0.5798339247703552,80.0,7225.0,1.0,O,M,O,0
214971.75,215088.34375,215307.75,215191.875,215314.984375,215548.96875,215386.15625,215488.96875,-0.513671875,0.0009765625,-0.81298828125,-0.6713866591453552,0.5187987685203552,0.4577636420726776,80.0,7226.0,1.0,O,M,O,0
215667.078125,215783.65625,216003.328125,215887.28125,216010.21875,216244.46875,216081.65625,216184.5625,-0.513916015625,-0.001708984375,-0.81396484375,-0.6408690810203552,0.4882812201976776,0.3967284858226776,80.0,7227.0,1.0,O,M,O,0
216240.984375,216358.109375,216577.5,216461.546875,216584.296875,216818.71875,216655.828125,216758.828125,-0.513671875,-0.0009765625,-0.813720703125,-0.6103515028953552,0.5798339247703552,0.4272460639476776,80.0,7228.0,1.0,O,M,O,0
215642.046875,215759.078125,215978.65625,215862.34375,215985.546875,216219.875,216056.890625,216159.625,-0.513671875,-0.000732421875,-0.813720703125,-0.6103515028953552,0.5187987685203552,0.4272460639476776,80.0,7229.0,1.0,O,M,O,0
215017.359375,215134.5625,215354.0625,215237.75,215360.765625,215594.75,215432.296875,215534.65625,-0.512451171875,-0.00048828125,-0.810546875,-0.6408690810203552,0.5187987685203552,0.4577636420726776,80.0,7230.0,1.0,O,M,O,0
215559.25,215676.1875,215895.421875,215779.640625,215902.390625,216136.546875,215974.015625,216076.734375,-0.513916015625,-0.001220703125,-0.812255859375,-0.5798339247703552,0.5187987685203552,0.5187987685203552,80.0,7231.0,1.0,O,M,O,0
216278.796875,216396.09375,216615.421875,216499.28125,216622.484375,216856.453125,216693.375,216796.640625,-0.51318359375,0.000244140625,-0.813232421875,-0.7019042372703552,0.4882812201976776,0.4577636420726776,80.0,7232.0,1.0,O,M,O,0
215851.4375,215968.203125,216188.140625,216071.640625,216195.015625,216429.265625,216266.1875,216369.1875,-0.51220703125,0.0009765625,-0.812744140625,-0.7629393935203552,0.4577636420726776,0.3967284858226776,80.0,7233.0,1.0,O,M,O,0
215104.34375,215221.03125,215440.609375,215324.640625,215447.484375,215681.46875,215519.015625,215621.296875,-0.512939453125,-0.00048828125,-0.812744140625,-0.7019042372703552,0.4272460639476776,0.5493163466453552,80.0,7234.0,1.0,O,M,O,0
215460.359375,215577.125,215797.078125,215680.75,215803.59375,216037.578125,215875.484375,215977.5,-0.5126953125,-0.00048828125,-0.8134765625,-0.7629393935203552,0.4882812201976776,0.4272460639476776,80.0,7235.0,1.0,O,M,O,0
216278.171875,216395.203125,216615.140625,216498.375,216621.5,216855.5625,216692.9375,216796.109375,-0.514404296875,0.00048828125,-0.812255859375,-0.7019042372703552,0.3967284858226776,0.3967284858226776,80.0,7236.0,1.0,O,M,O,0
216049.921875,216167.125,216386.71875,216270.125,216393.0625,216627.390625,216464.671875,216567.84375,-0.514892578125,0.001708984375,-0.8125,-0.7019042372703552,0.3967284858226776,0.3967284858226776,80.0,7237.0,1.0,O,M,O,0
215224.515625,215341.546875,215560.859375,215444.8125,215567.921875,215801.90625,215639.1875,215742.09375,-0.513916015625,0.001220703125,-0.810791015625,-0.7629393935203552,0.4577636420726776,0.4577636420726776,80.0,7238.0,1.0,O,M,O,0
215371.046875,215487.90625,215707.578125,215591.4375,215714.28125,215948.078125,215785.71875,215888.09375,-0.5166015625,0.00048828125,-0.811279296875,-0.7934569716453552,0.5187987685203552,0.3662109076976776,80.0,7239.0,1.0,O,M,O,0
216235.875,216353.1875,216572.671875,216456.453125,216579.46875,216813.359375,216650.734375,216753.1875,-0.51513671875,-0.000244140625,-0.812744140625,-0.7629393935203552,0.4882812201976776,0.4577636420726776,80.0,7240.0,1.0,O,M,O,0
216224.4375,216341.203125,216560.875,216444.5625,216567.671875,216801.921875,216639.015625,216742.015625,-0.514404296875,0.00048828125,-0.811767578125,-0.7934569716453552,0.4272460639476776,0.5187987685203552,80.0,7241.0,1.0,O,M,O,0
215381.515625,215497.921875,215717.5,215601.71875,215724.46875,215958.8125,215795.90625,215898.453125,-0.5146484375,0.0009765625,-0.811767578125,-0.6408690810203552,0.3356933295726776,0.4577636420726776,80.0,7242.0,1.0,O,M,O,0
215308.90625,215425.765625,215645.265625,215529.03125,215652.0625,215886.21875,215723.40625,215826.046875,-0.515625,0.000732421875,-0.810302734375,-0.6713866591453552,0.4577636420726776,0.5187987685203552,80.0,7243.0,1.0,O,M,O,0
216166.6875,216283.71875,216503.125,216386.890625,216509.828125,216744.15625,216581.078125,216684.265625,-0.51611328125,0.000732421875,-0.8125,-0.7019042372703552,0.5493163466453552,0.3662109076976776,80.0,7244.0,1.0,O,M,O,0
216372.40625,216489.53125,216708.84375,216592.53125,216715.375,216950.15625,216786.890625,216890.25,-0.513671875,0.0009765625,-0.812255859375,-0.7019042372703552,0.5493163466453552,0.4272460639476776,80.0,7245.0,1.0,O,M,O,0
215564.078125,215680.84375,215900.25,215784.109375,215907.046875,216141.015625,215978.296875,216081.390625,-0.513671875,-0.000244140625,-0.81298828125,-0.8239745497703552,0.4577636420726776,0.5187987685203552,80.0,7246.0,1.0,O,M,O,0
215281.015625,215397.953125,215617.546875,215501.140625,215623.890625,215857.953125,215695.328125,215798.140625,-0.512939453125,0.0,-0.814208984375,-0.7019042372703552,0.4272460639476776,0.5798339247703552,80.0,7247.0,1.0,O,M,O,0
216078.609375,216195.5625,216415.328125,216298.5625,216421.578125,216655.640625,216492.84375,216595.75,-0.51220703125,0.000244140625,-0.81591796875,-0.5493163466453552,0.4577636420726776,0.6103515028953552,80.0,7248.0,1.0,O,M,O,0
216487.46875,216604.59375,216823.90625,216707.421875,216830.625,217064.78125,216901.609375,217005.046875,-0.51513671875,0.002197265625,-0.812744140625,-0.6713866591453552,0.4272460639476776,0.6103515028953552,80.0,7249.0,1.0,O,M,O,0
215767.03125,215883.890625,216103.203125,215986.96875,216110.0,216344.25,216181.078125,216284.34375,-0.514892578125,0.001220703125,-0.811279296875,-0.7324218153953552,0.4882812201976776,0.5187987685203552,80.0,7250.0,1.0,O,M,O,0
215287.8125,215404.390625,215623.890625,215507.578125,215630.953125,215864.671875,215701.859375,215804.84375,-0.512939453125,0.001220703125,-0.812744140625,-0.8239745497703552,0.4577636420726776,0.4577636420726776,80.0,7251.0,1.0,O,M,O,0
215971.328125,216088.09375,216307.5,216191.171875,216314.203125,216548.53125,216385.734375,216488.546875,-0.513916015625,0.001708984375,-0.813720703125,-0.8544921278953552,0.5187987685203552,0.4577636420726776,80.0,7252.0,1.0,O,M,O,0
216562.84375,216679.4375,216899.375,216782.78125,216905.265625,217139.96875,216976.984375,217079.796875,-0.513427734375,-0.00048828125,-0.812255859375,-0.7629393935203552,0.3662109076976776,0.4882812201976776,80.0,7253.0,1.0,O,M,O,0
215978.921875,216095.609375,216315.359375,216199.3125,216321.796875,216556.5,216393.0625,216496.234375,-0.51416015625,0.0,-0.81396484375,-0.7019042372703552,0.6103515028953552,0.4272460639476776,80.0,7254.0,1.0,O,M,O,0
215337.96875,215455.0,215674.578125,215558.453125,215681.5625,215915.453125,215752.640625,215855.359375,-0.51416015625,0.00048828125,-0.8125,-0.7324218153953552,0.5493163466453552,0.4882812201976776,80.0,7255.0,1.0,O,M,O,0
215861.0,215978.296875,216198.0625,216081.390625,216204.671875,216438.5625,216275.765625,216378.671875,-0.513427734375,0.002197265625,-0.813720703125,-0.7019042372703552,0.4882812201976776,0.4882812201976776,80.0,7256.0,1.0,O,M,O,0
216592.265625,216709.203125,216929.140625,216812.296875,216935.671875,217169.828125,217006.75,217110.375,-0.51416015625,0.0009765625,-0.81298828125,-0.5493163466453552,0.4882812201976776,0.4272460639476776,80.0,7257.0,1.0,O,M,O,0
216183.125,216299.71875,216519.921875,216403.4375,216526.546875,216760.703125,216597.71875,216700.984375,-0.512451171875,0.0,-0.812744140625,-0.5798339247703552,0.4882812201976776,0.4272460639476776,80.0,7258.0,1.0,O,M,O,0
215423.703125,215540.203125,215759.96875,215643.734375,215766.859375,216000.921875,215838.203125,215940.84375,-0.5126953125,0.001220703125,-0.810791015625,-0.7019042372703552,0.5187987685203552,0.4577636420726776,80.0,7259.0,1.0,O,M,O,0
215759.875,215876.5625,216096.234375,215979.90625,216102.9375,216336.90625,216174.28125,216277.1875,-0.51416015625,0.00146484375,-0.812255859375,-0.7629393935203552,0.5493163466453552,0.4577636420726776,80.0,7260.0,1.0,O,M,O,0
216584.921875,216701.875,216921.640625,216805.5,216928.25,217162.671875,216999.5,217102.859375,-0.516357421875,-0.00146484375,-0.812744140625,-0.7629393935203552,0.4882812201976776,0.4882812201976776,80.0,7261.0,1.0,O,M,O,0
216377.5,216494.625,216714.296875,216597.71875,216721.09375,216955.25,216792.4375,216895.34375,-0.515869140625,0.0,-0.812255859375,-0.7324218153953552,0.5798339247703552,0.5187987685203552,80.0,7262.0,1.0,O,M,O,0
215548.796875,215665.90625,215885.578125,215769.09375,215892.65625,216126.1875,215963.640625,216066.453125,-0.514404296875,0.001708984375,-0.809326171875,-0.7934569716453552,0.5187987685203552,0.4882812201976776,80.0,7263.0,1.0,O,M,O,0
215675.484375,215791.984375,216012.09375,215895.78125,216018.71875,216252.421875,216090.0625,216193.140625,-0.51318359375,0.002197265625,-0.811767578125,-0.8239745497703552,0.3662109076976776,0.3662109076976776,80.0,7264.0,1.0,O,M,O,0
216542.8125,216659.671875,216879.796875,216763.03125,216886.140625,217120.296875,216957.578125,217061.015625,-0.5146484375,0.00244140625,-0.81494140625,-0.7629393935203552,0.3662109076976776,0.4577636420726776,80.0,7265.0,1.0,O,M,O,0
216551.75,216668.515625,216888.734375,216772.0625,216894.90625,217129.421875,216966.34375,217069.6875,-0.512939453125,0.001220703125,-0.813720703125,-0.7019042372703552,0.4577636420726776,0.4272460639476776,80.0,7266.0,1.0,O,M,O,0
215708.5625,215825.421875,216045.359375,215928.6875,216051.796875,216286.046875,216123.140625,216226.21875,-0.511962890625,0.00146484375,-0.814697265625,-0.6713866591453552,0.3967284858226776,0.4272460639476776,80.0,7267.0,1.0,O,M,O,0
215617.453125,215734.40625,215954.25,215837.484375,215960.859375,216194.9375,216032.125,216135.296875,-0.5126953125,0.001953125,-0.81103515625,-0.6713866591453552,0.4882812201976776,0.3662109076976776,80.0,7268.0,1.0,O,M,O,0
216473.609375,216590.734375,216810.328125,216694.265625,216816.765625,217051.359375,216888.203125,216991.453125,-0.512939453125,0.003662109375,-0.809814453125,-0.6103515028953552,0.5493163466453552,0.3967284858226776,80.0,7269.0,1.0,O,M,O,0
216699.453125,216816.9375,217035.8125,216920.296875,217042.6875,217277.203125,217114.21875,217217.296875,-0.513427734375,0.0009765625,-0.81103515625,-0.7324218153953552,0.5798339247703552,0.3662109076976776,80.0,7270.0,1.0,O,M,O,0
215896.671875,216013.609375,216232.65625,216116.703125,216239.8125,216473.96875,216311.515625,216414.15625,-0.512451171875,0.001220703125,-0.8095703125,-0.7324218153953552,0.5187987685203552,0.3662109076976776,80.0,7271.0,1.0,O,M,O,0
215591.609375,215707.84375,215927.34375,215811.109375,215934.21875,216168.46875,216006.015625,216108.296875,-0.5126953125,0.00146484375,-0.8095703125,-0.6713866591453552,0.5187987685203552,0.3051757514476776,80.0,7272.0,1.0,O,M,O,0
216380.1875,216497.046875,216716.359375,216599.953125,216723.15625,216957.3125,216794.765625,216897.40625,-0.512939453125,0.000732421875,-0.811767578125,-0.6408690810203552,0.5798339247703552,0.3662109076976776,80.0,7273.0,1.0,O,M,O,0
216810.234375,216927.09375,217146.140625,217030.265625,217153.015625,217387.53125,217224.546875,217327.71875,-0.51318359375,0.001708984375,-0.81005859375,-0.7324218153953552,0.4882812201976776,0.4272460639476776,80.0,7274.0,1.0,O,M,O,0
216101.765625,216218.53125,216437.671875,216321.4375,216444.828125,216678.890625,216515.90625,216618.90625,-0.51318359375,0.000732421875,-0.810546875,-0.6713866591453552,0.4272460639476776,0.3662109076976776,80.0,7275.0,1.0,O,M,O,0
215605.65625,215722.234375,215941.640625,215825.234375,215948.4375,216182.859375,216020.046875,216122.609375,-0.51416015625,0.000732421875,-0.810791015625,-0.7324218153953552,0.3662109076976776,0.3356933295726776,80.0,7276.0,1.0,O,M,O,0
216272.890625,216389.9375,216609.25,216492.84375,216615.765625,216850.28125,216687.5625,216790.296875,-0.511962890625,0.001220703125,-0.8115234375,-0.7629393935203552,0.4882812201976776,0.4272460639476776,80.0,7277.0,1.0,O,M,O,0
216877.109375,216993.96875,217213.28125,217096.96875,217219.984375,217455.125,217291.953125,217394.6875,-0.513671875,0.001953125,-0.81298828125,-0.6713866591453552,0.4882812201976776,0.5493163466453552,80.0,7278.0,1.0,O,M,O,0
216310.265625,216427.21875,216646.703125,216530.390625,216653.328125,216888.203125,216724.84375,216827.9375,-0.51416015625,0.002197265625,-0.811279296875,-0.6408690810203552,0.4577636420726776,0.5187987685203552,80.0,7279.0,1.0,O,M,O,0
215655.71875,215772.84375,215992.34375,215875.9375,215999.046875,216233.5625,216070.390625,216173.296875,-0.5146484375,0.000732421875,-0.8115234375,-0.6713866591453552,0.4577636420726776,0.4272460639476776,80.0,7280.0,1.0,O,M,O,0
216164.265625,216281.65625,216501.15625,216384.75,216507.765625,216742.1875,216579.109375,216682.65625,-0.51513671875,-0.000244140625,-0.812255859375,-0.6713866591453552,0.3662109076976776,0.4272460639476776,80.0,7281.0,1.0,O,M,O,0
216908.3125,217025.34375,217244.921875,217128.515625,217251.546875,217485.96875,217322.890625,217426.0625,-0.514404296875,0.000244140625,-0.81005859375,-0.7019042372703552,0.4882812201976776,0.4577636420726776,80.0,7282.0,1.0,O,M,O,0
216519.84375,216636.609375,216855.828125,216739.953125,216862.796875,217097.5,216934.515625,217037.140625,-0.513916015625,0.001220703125,-0.8134765625,-0.7629393935203552,0.4577636420726776,0.3356933295726776,80.0,7283.0,1.0,O,M,O,0
215752.09375,215869.140625,216088.09375,215972.484375,216095.421875,216329.9375,216167.125,216269.5,-0.51318359375,0.000244140625,-0.81103515625,-0.6713866591453552,0.4577636420726776,0.4272460639476776,80.0,7284.0,1.0,O,M,O,0
216064.671875,216181.875,216401.203125,216285.140625,216408.078125,216642.328125,216479.6875,216582.15625,-0.51318359375,-0.000244140625,-0.814697265625,-0.8239745497703552,0.4577636420726776,0.4272460639476776,80.0,7285.0,1.0,O,M,O,0
216898.03125,217014.796875,217234.734375,217118.234375,217241.359375,217475.421875,217312.703125,217415.96875,-0.51318359375,0.000244140625,-0.813232421875,-0.7934569716453552,0.5187987685203552,0.3356933295726776,80.0,7286.0,1.0,O,M,O,0
216714.484375,216831.515625,217051.28125,216934.859375,217057.890625,217292.140625,217129.234375,217232.59375,-0.513916015625,-0.000244140625,-0.814208984375,-0.7324218153953552,0.5493163466453552,0.4272460639476776,80.0,7287.0,1.0,O,M,O,0
215882.640625,215999.3125,216218.984375,216102.75,216225.6875,216459.3125,216296.859375,216399.671875,-0.51416015625,0.000732421875,-0.81201171875,-0.6713866591453552,0.4272460639476776,0.4882812201976776,80.0,7288.0,1.0,O,M,O,0
215982.140625,216099.09375,216318.21875,216202.171875,216325.109375,216559.09375,216396.453125,216499.1875,-0.515869140625,0.002685546875,-0.813720703125,-0.7934569716453552,0.4577636420726776,0.5187987685203552,80.0,7289.0,1.0,O,M,O,0
216850.28125,216966.875,217186.453125,217070.234375,217193.34375,217427.859375,217264.59375,217367.859375,-0.51513671875,0.001953125,-0.81591796875,-0.7629393935203552,0.4272460639476776,0.4272460639476776,80.0,7290.0,1.0,O,M,O,0
216884.171875,217000.671875,217220.078125,217104.296875,217227.046875,217461.5625,217298.21875,217401.84375,-0.515869140625,0.00244140625,-0.81396484375,-0.7629393935203552,0.3967284858226776,0.5187987685203552,80.0,7291.0,1.0,O,M,O,0
216043.296875,216160.25,216379.46875,216263.515625,216386.0,216620.25,216457.34375,216560.515625,-0.51513671875,0.001708984375,-0.81298828125,-0.7019042372703552,0.4577636420726776,0.4272460639476776,80.0,7292.0,1.0,O,M,O,0
215927.078125,216044.015625,216263.515625,216147.453125,216269.765625,216504.453125,216341.734375,216444.46875,-0.513427734375,0.003173828125,-0.815185546875,-0.7324218153953552,0.4272460639476776,0.3967284858226776,80.0,7293.0,1.0,O,M,O,0
216777.78125,216895.34375,217114.390625,216998.4375,217120.828125,217355.609375,217192.453125,217295.796875,-0.512451171875,0.00146484375,-0.81591796875,-0.7629393935203552,0.3051757514476776,0.5187987685203552,80.0,7294.0,1.0,O,M,O,0
217028.65625,217145.78125,217364.828125,217248.953125,217371.703125,217606.40625,217443.0625,217546.671875,-0.5126953125,0.001220703125,-0.811767578125,-0.7019042372703552,0.3662109076976776,0.4577636420726776,80.0,7295.0,1.0,O,M,O,0
216231.5,216348.453125,216567.5,216451.4375,216574.46875,216809.078125,216645.71875,216749.171875,-0.515625,0.000732421875,-0.811279296875,-0.8239745497703552,0.3967284858226776,0.4272460639476776,80.0,7296.0,1.0,O,M,O,0
215902.65625,216019.703125,216238.75,216122.421875,216245.890625,216479.96875,216317.15625,216419.96875,-0.513671875,0.001220703125,-0.812744140625,-0.8239745497703552,0.4272460639476776,0.3662109076976776,80.0,7297.0,1.0,O,M,O,0
216681.046875,216797.984375,217017.203125,216900.796875,217024.1875,217258.34375,217095.171875,217198.890625,-0.513916015625,0.002685546875,-0.81201171875,-0.7934569716453552,0.4272460639476776,0.4577636420726776,80.0,7298.0,1.0,O,M,O,0
217133.625,217250.390625,217469.609375,217353.296875,217476.40625,217710.5625,217547.390625,217651.28125,-0.51513671875,0.001708984375,-0.813232421875,-0.7934569716453552,0.5187987685203552,0.4882812201976776,80.0,7299.0,1.0,O,M,O,0
216439.640625,216556.671875,216775.546875,216659.3125,216782.875,217016.578125,216853.5,216957.125,-0.515625,0.000244140625,-0.813720703125,-0.7324218153953552,0.5187987685203552,0.3967284858226776,80.0,7300.0,1.0,O,M,O,0
215922.953125,216039.8125,216259.03125,216142.984375,216266.1875,216499.90625,216337.1875,216440.265625,-0.51513671875,-0.00146484375,-0.815185546875,-0.7019042372703552,0.4577636420726776,0.3967284858226776,80.0,7301.0,1.0,O,M,O,0
216576.25,216693.28125,216912.78125,216796.203125,216919.40625,217153.90625,216990.5625,217094.015625,-0.5126953125,-0.00048828125,-0.811767578125,-0.7324218153953552,0.4882812201976776,0.4577636420726776,80.0,7302.0,1.0,O,M,O,0
217198.4375,217315.203125,217534.703125,217418.015625,217541.40625,217775.734375,217612.84375,217716.28125,-0.51416015625,-0.000244140625,-0.808837890625,-0.7934569716453552,0.5798339247703552,0.4882812201976776,80.0,7303.0,1.0,O,M,O,0
216650.46875,216766.875,216986.625,216870.140625,216993.515625,217227.671875,217064.6875,217168.3125,-0.515625,0.001220703125,-0.8125,-0.7629393935203552,0.5798339247703552,0.5187987685203552,80.0,7304.0,1.0,O,M,O,0
215981.609375,216098.28125,216318.140625,216201.375,216324.65625,216558.546875,216395.65625,216499.0,-0.51513671875,0.0,-0.81298828125,-0.7629393935203552,0.5187987685203552,0.4577636420726776,80.0,7305.0,1.0,O,M,O,0
216468.875,216585.734375,216805.3125,216688.546875,216811.75,217045.8125,216882.921875,216986.625,-0.514892578125,0.0,-0.814453125,-0.8239745497703552,0.5187987685203552,0.5187987685203552,80.0,7306.0,1.0,O,M,O,0
217223.828125,217340.859375,217560.265625,217443.859375,217566.890625,217801.40625,217638.140625,217742.21875,-0.511962890625,-0.00048828125,-0.814208984375,-0.7324218153953552,0.4577636420726776,0.4882812201976776,80.0,7307.0,1.0,O,M,O,0
216857.4375,216973.765625,217193.34375,217077.109375,217200.046875,217434.46875,217271.578125,217375.109375,-0.513916015625,-0.001708984375,-0.81103515625,-0.7019042372703552,0.4272460639476776,0.4577636420726776,80.0,7308.0,1.0,O,M,O,0
216079.0625,216195.46875,216414.96875,216298.828125,216421.765625,216656.28125,216493.203125,216596.1875,-0.513671875,0.000244140625,-0.808837890625,-0.7019042372703552,0.4577636420726776,0.4272460639476776,80.0,7309.0,1.0,O,M,O,0
216371.0625,216487.921875,216707.234375,216591.0,216713.671875,216948.640625,216785.46875,216888.90625,-0.51416015625,0.001220703125,-0.8125,-0.7324218153953552,0.4882812201976776,0.3967284858226776,80.0,7310.0,1.0,O,M,O,0
217210.859375,217327.90625,217547.125,217430.625,217553.65625,217788.609375,217625.53125,217728.890625,-0.514404296875,-0.000244140625,-0.811279296875,-0.6713866591453552,0.5493163466453552,0.4272460639476776,80.0,7311.0,1.0,O,M,O,0
217051.359375,217168.3125,217387.890625,217271.296875,217394.5,217629.296875,217466.03125,217569.484375,-0.513427734375,0.000732421875,-0.81201171875,-0.7629393935203552,0.4272460639476776,0.3662109076976776,80.0,7312.0,1.0,O,M,O,0
216214.328125,216331.1875,216550.78125,216434.28125,216557.65625,216791.71875,216629.0,216732.0,-0.51318359375,0.000732421875,-0.812255859375,-0.7324218153953552,0.5187987685203552,0.4272460639476776,80.0,7313.0,1.0,O,M,O,0
216293.109375,216409.6875,216629.1875,216512.6875,216636.25,216869.953125,216707.140625,216810.328125,-0.513671875,0.00048828125,-0.81103515625,-0.7019042372703552,0.4272460639476776,0.3662109076976776,80.0,7314.0,1.0,O,M,O,0
217164.546875,217281.40625,217500.546875,217384.21875,217507.609375,217741.671875,217578.6875,217682.21875,-0.513916015625,0.00048828125,-0.8134765625,-0.6713866591453552,0.5187987685203552,0.3662109076976776,80.0,7315.0,1.0,O,M,O,0
217220.96875,217338.09375,217557.40625,217440.90625,217564.109375,217798.53125,217635.546875,217738.90625,-0.513671875,0.002685546875,-0.813720703125,-0.5798339247703552,0.5493163466453552,0.4272460639476776,80.0,7316.0,1.0,O,M,O,0
216380.359375,216497.046875,216716.890625,216600.3125,216723.515625,216957.578125,216794.9375,216898.203125,-0.515380859375,0.0009765625,-0.810791015625,-0.6408690810203552,0.4882812201976776,0.5493163466453552,80.0,7317.0,1.0,O,M,O,0
216237.84375,216354.25,216573.75,216457.609375,216580.8125,216815.15625,216652.15625,216755.34375,-0.514404296875,-0.00048828125,-0.811279296875,-0.6713866591453552,0.4272460639476776,0.4272460639476776,80.0,7318.0,1.0,O,M,O,0
217081.84375,217198.703125,217418.203125,217301.796875,217425.171875,217659.6875,217496.609375,217599.96875,-0.513671875,0.000732421875,-0.810302734375,-0.6713866591453552,0.4882812201976776,0.4272460639476776,80.0,7319.0,1.0,O,M,O,0
217353.5625,217470.328125,217689.375,217573.140625,217696.4375,217931.21875,217768.40625,217871.3125,-0.51513671875,0.000244140625,-0.8115234375,-0.7019042372703552,0.4272460639476776,0.3967284858226776,80.0,7320.0,1.0,O,M,O,0
216566.59375,216683.359375,216902.671875,216786.265625,216909.46875,217144.171875,216981.265625,217083.90625,-0.515625,0.0,-0.8134765625,-0.6713866591453552,0.4882812201976776,0.4272460639476776,80.0,7321.0,1.0,O,M,O,0
216218.53125,216335.296875,216554.34375,216438.203125,216561.0625,216795.921875,216632.9375,216735.75,-0.51513671875,0.000244140625,-0.8115234375,-0.7019042372703552,0.4882812201976776,0.4577636420726776,80.0,7322.0,1.0,O,M,O,0
216984.21875,217100.890625,217320.390625,217204.15625,217326.734375,217561.875,217398.703125,217501.890625,-0.51416015625,0.0009765625,-0.8115234375,-0.6408690810203552,0.5798339247703552,0.5187987685203552,80.0,7323.0,1.0,O,M,O,0
217452.984375,217570.1875,217789.5,217673.015625,217795.59375,218030.90625,217867.5625,217970.828125,-0.51318359375,0.001708984375,-0.81201171875,-0.7019042372703552,0.5187987685203552,0.4882812201976776,80.0,7324.0,1.0,O,M,O,0
216769.90625,216886.671875,217105.984375,216989.84375,217112.34375,217347.390625,217184.40625,217287.390625,-0.513916015625,0.0,-0.812255859375,-0.7324218153953552,0.5187987685203552,0.4882812201976776,80.0,7325.0,1.0,O,M,O,0
216239.453125,216355.859375,216575.359375,216459.3125,216581.796875,216816.578125,216653.5,216756.765625,-0.513671875,0.00048828125,-0.814697265625,-0.7629393935203552,0.5187987685203552,0.3967284858226776,80.0,7326.0,1.0,O,M,O,0
216878.890625,216995.125,217214.703125,217098.5625,217221.5,217455.75,217293.03125,217396.296875,-0.51416015625,0.001220703125,-0.81201171875,-0.7934569716453552,0.5187987685203552,0.4882812201976776,80.0,7327.0,1.0,O,M,O,0
217517.0,217633.40625,217852.890625,217736.40625,217859.25,218094.109375,217931.125,218034.921875,-0.5146484375,0.0009765625,-0.810302734375,-0.7019042372703552,0.5493163466453552,0.4272460639476776,80.0,7328.0,1.0,O,M,O,0
216984.046875,217100.625,217320.296875,217203.796875,217326.734375,217561.4375,217398.4375,217502.0625,-0.513916015625,0.001220703125,-0.812255859375,-0.7324218153953552,0.4272460639476776,0.4882812201976776,80.0,7329.0,1.0,O,M,O,0
216302.046875,216418.546875,216638.125,216522.15625,216644.65625,216879.34375,216716.71875,216819.625,-0.513671875,0.0029296875,-0.811279296875,-0.7019042372703552,0.4577636420726776,0.4577636420726776,80.0,7330.0,1.0,O,M,O,0
216771.34375,216888.28125,217107.515625,216991.640625,217114.484375,217349.09375,217186.1875,217289.453125,-0.515625,0.00146484375,-0.81103515625,-0.7324218153953552,0.5187987685203552,0.4272460639476776,80.0,7331.0,1.0,O,M,O,0
217536.3125,217653.34375,217872.484375,217756.25,217879.453125,218114.140625,217950.890625,218054.328125,-0.51513671875,0.000244140625,-0.810302734375,-0.7629393935203552,0.3967284858226776,0.4577636420726776,80.0,7332.0,1.0,O,M,O,0
217189.140625,217306.0,217525.3125,217408.984375,217532.28125,217767.0625,217603.71875,217707.34375,-0.513916015625,-0.00048828125,-0.81298828125,-0.7019042372703552,0.3967284858226776,0.5187987685203552,80.0,7333.0,1.0,O,M,O,0
216404.234375,216520.90625,216740.5,216624.4375,216747.5625,216982.15625,216818.71875,216922.171875,-0.5146484375,0.000244140625,-0.81298828125,-0.7324218153953552,0.3967284858226776,0.4882812201976776,80.0,7334.0,1.0,O,M,O,0
216675.859375,216792.796875,217012.46875,216896.0625,217019.4375,217253.78125,217090.53125,217193.875,-0.51708984375,0.001220703125,-0.812255859375,-0.7629393935203552,0.3967284858226776,0.5187987685203552,80.0,7335.0,1.0,O,M,O,0
217520.578125,217637.875,217857.28125,217741.140625,217864.15625,218098.765625,217935.59375,218039.125,-0.515869140625,0.00048828125,-0.8115234375,-0.7934569716453552,0.4882812201976776,0.4272460639476776,80.0,7336.0,1.0,O,M,O,0
217379.578125,217496.703125,217716.109375,217599.703125,217722.546875,217957.328125,217794.25,217897.59375,-0.513427734375,-0.000244140625,-0.81396484375,-0.7629393935203552,0.4882812201976776,0.3662109076976776,80.0,7337.0,1.0,O,M,O,0
216539.59375,216656.453125,216875.953125,216759.890625,216882.5625,217116.90625,216954.171875,217057.625,-0.5146484375,0.00146484375,-0.812255859375,-0.7324218153953552,0.3967284858226776,0.3967284858226776,80.0,7338.0,1.0,O,M,O,0
216597.265625,216714.390625,216933.4375,216817.46875,216940.59375,217174.5625,217011.9375,217115.109375,-0.515625,0.00048828125,-0.81201171875,-0.7629393935203552,0.3662109076976776,0.4577636420726776,80.0,7339.0,1.0,O,M,O,0
217467.109375,217584.140625,217803.28125,217687.140625,217809.984375,218044.765625,217881.6875,217985.21875,-0.513427734375,0.0,-0.81396484375,-0.7934569716453552,0.4882812201976776,0.4882812201976776,80.0,7340.0,1.0,O,M,O,0
217546.328125,217663.625,217882.84375,217766.796875,217889.375,218124.25,217960.90625,218064.515625,-0.515380859375,0.0009765625,-0.81494140625,-0.7019042372703552,0.5187987685203552,0.5493163466453552,80.0,7341.0,1.0,O,M,O,0
216710.8125,216828.375,217047.25,216931.109375,217054.3125,217288.734375,217125.578125,217228.65625,-0.511962890625,0.0009765625,-0.8125,-0.7324218153953552,0.4272460639476776,0.4882812201976776,80.0,7342.0,1.0,O,M,O,0
216549.078125,216666.109375,216885.15625,216769.015625,216892.3125,217126.734375,216963.296875,217066.828125,-0.513916015625,0.001953125,-0.81201171875,-0.6713866591453552,0.4882812201976776,0.4272460639476776,80.0,7343.0,1.0,O,M,O,0
217390.484375,217507.703125,217726.46875,217610.609375,217733.8125,217968.40625,217804.890625,217908.78125,-0.51416015625,0.0009765625,-0.80908203125,-0.6713866591453552,0.5493163466453552,0.3967284858226776,80.0,7344.0,1.0,O,M,O,0
217681.328125,217798.890625,218017.5,217901.625,218024.5625,218259.34375,218096.171875,218199.625,-0.513427734375,0.000732421875,-0.810791015625,-0.5798339247703552,0.5493163466453552,0.4577636420726776,80.0,7345.0,1.0,O,M,O,0
216901.421875,217018.546875,217237.6875,217121.640625,217244.484375,217479.0,217316.1875,217419.265625,-0.514404296875,-0.000244140625,-0.8125,-0.5798339247703552,0.4882812201976776,0.4577636420726776,80.0,7346.0,1.0,O,M,O,0
216531.375,216648.234375,216867.28125,216751.40625,216874.15625,217108.671875,216945.6875,217049.125,-0.5146484375,0.002197265625,-0.808349609375,-0.6713866591453552,0.4882812201976776,0.4882812201976776,80.0,7347.0,1.0,O,M,O,0
217286.953125,217403.890625,217623.203125,217507.078125,217629.921875,217864.78125,217701.171875,217805.328125,-0.51220703125,0.00244140625,-0.810791015625,-0.7324218153953552,0.4272460639476776,0.4882812201976776,80.0,7348.0,1.0,O,M,O,0
217773.765625,217890.53125,218110.03125,217993.796875,218116.921875,218351.78125,218188.0,218292.15625,-0.514892578125,0.000732421875,-0.8115234375,-0.7629393935203552,0.5493163466453552,0.5187987685203552,80.0,7349.0,1.0,O,M,O,0
217102.140625,217219.265625,217438.9375,217322.625,217445.296875,217680.15625,217516.546875,217620.34375,-0.514404296875,0.002197265625,-0.812255859375,-0.7019042372703552,0.4577636420726776,0.4577636420726776,80.0,7350.0,1.0,O,M,O,0
216554.703125,216671.65625,216890.703125,216774.734375,216897.40625,217132.015625,216969.109375,217072.375,-0.513671875,0.001708984375,-0.813232421875,-0.8239745497703552,0.5187987685203552,0.4577636420726776,80.0,7351.0,1.0,O,M,O,0
217177.875,217294.90625,217514.046875,217397.90625,217521.015625,217755.625,217592.28125,217696.34375,-0.51318359375,0.0,-0.812255859375,-0.7324218153953552,0.4577636420726776,0.3967284858226776,80.0,7352.0,1.0,O,M,O,0
217828.3125,217945.703125,218165.109375,218048.515625,218171.453125,218406.859375,218243.0625,218347.140625,-0.5126953125,0.0009765625,-0.81298828125,-0.6713866591453552,0.3662109076976776,0.3662109076976776,80.0,7353.0,1.0,O,M,O,0
217314.671875,217431.796875,217651.375,217534.609375,217657.984375,217892.765625,217729.515625,217832.953125,-0.513916015625,0.0,-0.810791015625,-0.7629393935203552,0.4577636420726776,0.3967284858226776,80.0,7354.0,1.0,O,M,O,0
216619.609375,216736.203125,216956.140625,216839.375,216962.5,217196.921875,217034.203125,217137.28125,-0.513916015625,0.00048828125,-0.808837890625,-0.7629393935203552,0.4882812201976776,0.3662109076976776,80.0,7355.0,1.0,O,M,O,0
217069.875,217186.453125,217406.671875,217289.90625,217413.28125,217647.171875,217484.1875,217587.8125,-0.513671875,0.001220703125,-0.810546875,-0.7324218153953552,0.4577636420726776,0.3662109076976776,80.0,7356.0,1.0,O,M,O,0
217844.21875,217961.078125,218180.84375,218064.25,218188.0,218422.0625,218258.71875,218362.15625,-0.513916015625,0.0009765625,-0.810546875,-0.6408690810203552,0.4577636420726776,0.4577636420726776,80.0,7357.0,1.0,O,M,O,0
217517.359375,217634.390625,217853.875,217737.734375,217860.9375,218095.09375,217932.203125,218035.203125,-0.513671875,0.000732421875,-0.812255859375,-0.7324218153953552,0.4577636420726776,0.4882812201976776,80.0,7358.0,1.0,O,M,O,0
216725.203125,216842.15625,217061.375,216945.5,217068.34375,217302.859375,217139.78125,217242.96875,-0.513427734375,0.001220703125,-0.809326171875,-0.6408690810203552,0.5187987685203552,0.5187987685203552,80.0,7359.0,1.0,O,M,O,0
216974.734375,217091.859375,217310.90625,217194.859375,217317.796875,217552.3125,217389.140625,217492.5,-0.51318359375,0.001220703125,-0.810302734375,-0.7324218153953552,0.4882812201976776,0.5187987685203552,80.0,7360.0,1.0,O,M,O,0
217823.390625,217940.34375,218159.65625,218043.421875,218166.359375,218401.234375,218237.796875,218341.5,-0.51416015625,0.001220703125,-0.810546875,-0.7934569716453552,0.4577636420726776,0.5187987685203552,80.0,7361.0,1.0,O,M,O,0
217705.640625,217822.765625,218041.8125,217925.671875,218048.96875,218283.75,218120.046875,218223.671875,-0.51416015625,0.00244140625,-0.8115234375,-0.7629393935203552,0.4882812201976776,0.4272460639476776,80.0,7362.0,1.0,O,M,O,0
216865.84375,216982.78125,217202.015625,217085.875,217209.171875,217443.6875,217280.515625,217383.78125,-0.51318359375,0.00244140625,-0.81201171875,-0.7324218153953552,0.4272460639476776,0.3967284858226776,80.0,7363.0,1.0,O,M,O,0
216903.21875,217020.25,217239.65625,217123.609375,217246.453125,217480.96875,217317.703125,217421.421875,-0.513671875,0.0029296875,-0.81201171875,-0.6408690810203552,0.5187987685203552,0.5187987685203552,80.0,7364.0,1.0,O,M,O,0
217772.515625,217889.28125,218108.875,217992.90625,218115.390625,218350.359375,218186.828125,218290.8125,-0.51416015625,0.00146484375,-0.814697265625,-0.7629393935203552,0.5493163466453552,0.3967284858226776,80.0,7365.0,1.0,O,M,O,0
217871.3125,217987.90625,218207.484375,218091.25,218214.09375,218448.96875,218285.71875,218389.421875,-0.51220703125,0.000732421875,-0.813232421875,-0.7019042372703552,0.5187987685203552,0.4272460639476776,80.0,7366.0,1.0,O,M,O,0
217039.390625,217156.140625,217375.46875,217259.59375,217382.4375,217616.953125,217453.6875,217557.140625,-0.51318359375,0.000244140625,-0.811767578125,-0.6408690810203552,0.4882812201976776,0.4272460639476776,80.0,7367.0,1.0,O,M,O,0
216857.0,216973.9375,217193.078125,217077.109375,217200.046875,217434.296875,217271.125,217374.390625,-0.513916015625,0.00244140625,-0.811767578125,-0.6713866591453552,0.4577636420726776,0.4882812201976776,80.0,7368.0,1.0,O,M,O,0
217688.65625,217806.046875,218025.0,217908.78125,218031.71875,218266.5,218103.234375,218206.953125,-0.51220703125,0.00244140625,-0.807861328125,-0.6713866591453552,0.5493163466453552,0.3967284858226776,80.0,7369.0,1.0,O,M,O,0
218000.15625,218117.546875,218336.59375,218220.1875,218342.9375,218578.4375,218414.546875,218518.53125,-0.514404296875,0.0,-0.81103515625,-0.5798339247703552,0.4577636420726776,0.4577636420726776,80.0,7370.0,1.0,O,M,O,0
217229.90625,217347.21875,217566.34375,217450.46875,217573.328125,217808.109375,217644.484375,217748.109375,-0.51416015625,0.003662109375,-0.81298828125,-0.6408690810203552,0.4272460639476776,0.4272460639476776,80.0,7371.0,1.0,O,M,O,0
216845.8125,216962.578125,217181.890625,217066.109375,217189.046875,217423.5625,217260.125,217363.84375,-0.51220703125,0.00244140625,-0.809814453125,-0.7324218153953552,0.3662109076976776,0.5187987685203552,80.0,7372.0,1.0,O,M,O,0
217590.671875,217707.34375,217926.5625,217810.25,217933.453125,218168.234375,218004.703125,218108.421875,-0.514404296875,0.003173828125,-0.811279296875,-0.6713866591453552,0.4577636420726776,0.4882812201976776,80.0,7373.0,1.0,O,M,O,0
218096.359375,218213.03125,218432.25,218315.84375,218439.046875,218674.09375,218510.484375,218614.203125,-0.516357421875,0.003662109375,-0.812255859375,-0.7629393935203552,0.4577636420726776,0.4577636420726776,80.0,7374.0,1.0,O,M,O,0
217440.375,217557.578125,217776.28125,217660.21875,217783.15625,218017.9375,217854.5,217958.125,-0.5146484375,0.00390625,-0.815185546875,-0.7324218153953552,0.5493163466453552,0.4272460639476776,80.0,7375.0,1.0,O,M,O,0
216876.578125,216993.703125,217212.65625,217096.875,217219.71875,217454.234375,217290.890625,217394.234375,-0.51513671875,0.001708984375,-0.812744140625,-0.6103515028953552,0.5798339247703552,0.5187987685203552,80.0,7376.0,1.0,O,M,O,0
217483.5625,217600.765625,217819.546875,217703.234375,217826.515625,218061.21875,217897.78125,218001.765625,-0.512939453125,0.0,-0.811767578125,-0.6103515028953552,0.4577636420726776,0.4272460639476776,80.0,7377.0,1.0,O,M,O,0
218149.375,218266.40625,218485.890625,218369.484375,218492.609375,218727.5625,218564.125,218667.84375,-0.5126953125,-0.000244140625,-0.8134765625,-0.7324218153953552,0.5187987685203552,0.4577636420726776,80.0,7378.0,1.0,O,M,O,0
217649.859375,217766.984375,217986.375,217870.15625,217993.171875,218228.046875,218064.25,218168.234375,-0.5146484375,0.0,-0.8134765625,-0.6713866591453552,0.5798339247703552,0.4577636420726776,80.0,7379.0,1.0,O,M,O,0
216942.734375,217059.953125,217279.265625,217162.9375,217286.140625,217520.296875,217356.953125,217460.84375,-0.51513671875,0.00146484375,-0.8134765625,-0.7019042372703552,0.5493163466453552,0.4882812201976776,80.0,7380.0,1.0,O,M,O,0
217374.75,217491.96875,217711.453125,217595.046875,217717.890625,217952.578125,217789.234375,217892.953125,-0.5146484375,0.001708984375,-0.810546875,-0.7629393935203552,0.4882812201976776,0.4272460639476776,80.0,7381.0,1.0,O,M,O,0
218160.28125,218277.671875,218496.71875,218380.484375,218503.15625,218738.296875,218574.671875,218678.84375,-0.512939453125,0.001220703125,-0.8095703125,-0.6408690810203552,0.5493163466453552,0.3967284858226776,80.0,7382.0,1.0,O,M,O,0
217852.09375,217969.125,218188.359375,218072.21875,218194.96875,218429.578125,218266.21875,218370.46875,-0.51318359375,0.000732421875,-0.80859375,-0.7324218153953552,0.6103515028953552,0.4882812201976776,80.0,7383.0,1.0,O,M,O,0
217050.015625,217166.96875,217386.1875,217269.78125,217392.625,217627.0625,217464.0625,217567.875,-0.514892578125,-0.001708984375,-0.811767578125,-0.8239745497703552,0.4882812201976776,0.4577636420726776,80.0,7384.0,1.0,O,M,O,0
217278.8125,217396.296875,217615.25,217498.84375,217621.78125,217856.5625,217693.03125,217796.84375,-0.51318359375,0.0,-0.8115234375,-0.7934569716453552,0.4577636420726776,0.3967284858226776,80.0,7385.0,1.0,O,M,O,0
218133.1875,218250.40625,218469.625,218353.3125,218476.0625,218711.203125,218546.96875,218651.484375,-0.513916015625,0.000244140625,-0.811767578125,-0.7324218153953552,0.5187987685203552,0.4272460639476776,80.0,7386.0,1.0,O,M,O,0
218034.390625,218151.515625,218370.65625,218254.421875,218377.265625,218612.046875,218448.171875,218552.78125,-0.515869140625,0.002197265625,-0.81298828125,-0.7019042372703552,0.4272460639476776,0.3662109076976776,80.0,7387.0,1.0,O,M,O,0
217190.484375,217307.25,217526.5625,217410.78125,217533.265625,217767.953125,217604.4375,217708.59375,-0.514404296875,0.001220703125,-0.8134765625,-0.7324218153953552,0.3967284858226776,0.4577636420726776,80.0,7388.0,1.0,O,M,O,0
217203.890625,217321.015625,217540.234375,217424.375,217546.859375,217781.453125,217618.296875,217721.921875,-0.513671875,0.000732421875,-0.814453125,-0.7324218153953552,0.3662109076976776,0.4272460639476776,80.0,7389.0,1.0,O,M,O,0
218073.640625,218190.859375,218409.984375,218293.9375,218416.703125,218651.296875,218488.140625,218591.9375,-0.515869140625,-0.00146484375,-0.81396484375,-0.7934569716453552,0.4272460639476776,0.4577636420726776,80.0,7390.0,1.0,O,M,O,0
218194.25,218311.375,218530.421875,218414.375,218537.390625,218772.0,218608.65625,218712.546875,-0.514892578125,-0.000244140625,-0.81005859375,-0.7629393935203552,0.4577636420726776,0.4577636420726776,80.0,7391.0,1.0,O,M,O,0
217365.0,217481.859375,217700.8125,217584.9375,217707.875,217942.484375,217779.046875,217882.9375,-0.51513671875,0.00146484375,-0.810302734375,-0.7019042372703552,0.5493163466453552,0.4272460639476776,80.0,7392.0,1.0,O,M,O,0
217161.78125,217278.546875,217497.5,217381.546875,217504.03125,217738.90625,217575.640625,217679.09375,-0.513916015625,0.001708984375,-0.814453125,-0.7629393935203552,0.4882812201976776,0.4577636420726776,80.0,7393.0,1.0,O,M,O,0
217988.609375,218105.734375,218325.0625,218208.828125,218331.3125,218566.1875,218402.578125,218506.46875,-0.51318359375,0.0009765625,-0.8134765625,-0.7629393935203552,0.4272460639476776,0.5187987685203552,80.0,7394.0,1.0,O,M,O,0
218322.015625,218439.671875,218658.984375,218542.578125,218665.0625,218900.125,218736.59375,218840.21875,-0.512939453125,0.00146484375,-0.81298828125,-0.7324218153953552,0.4577636420726776,0.4882812201976776,80.0,7395.0,1.0,O,M,O,0
217560.53125,217677.75,217897.25,217781.1875,217903.59375,218138.828125,217975.390625,218078.734375,-0.513427734375,0.001220703125,-0.811767578125,-0.6408690810203552,0.3967284858226776,0.4882812201976776,80.0,7396.0,1.0,O,M,O,0
217154.890625,217271.75,217490.890625,217375.28125,217498.046875,217732.734375,217569.5625,217673.015625,-0.513916015625,0.001708984375,-0.8115234375,-0.6408690810203552,0.3967284858226776,0.4577636420726776,80.0,7397.0,1.0,O,M,O,0
217888.921875,218005.515625,218224.921875,218109.140625,218231.796875,218466.9375,218303.328125,218407.046875,-0.5146484375,-0.000732421875,-0.811279296875,-0.7019042372703552,0.4882812201976776,0.3967284858226776,80.0,7398.0,1.0,O,M,O,0
218409.453125,218526.484375,218745.625,218629.671875,218752.421875,218987.65625,218823.671875,218928.015625,-0.5146484375,0.00244140625,-0.810791015625,-0.6713866591453552,0.5187987685203552,0.3662109076976776,80.0,7399.0,1.0,O,M,O,0
217765.453125,217882.40625,218101.8125,217985.484375,218108.515625,218343.65625,218179.953125,218283.65625,-0.513916015625,0.00048828125,-0.812255859375,-0.6408690810203552,0.5493163466453552,0.4577636420726776,80.0,7400.0,1.0,O,M,O,0
217185.828125,217302.953125,217522.0,217405.765625,217528.96875,217763.578125,217600.328125,217703.671875,-0.5146484375,0.002685546875,-0.813232421875,-0.6713866591453552,0.4882812201976776,0.3967284858226776,80.0,7401.0,1.0,O,M,O,0
217779.578125,217896.703125,218115.671875,217999.53125,218122.546875,218357.515625,218193.984375,218297.703125,-0.51220703125,0.00048828125,-0.810546875,-0.6408690810203552,0.5187987685203552,0.3662109076976776,80.0,7402.0,1.0,O,M,O,0
218459.171875,218576.015625,218795.515625,218678.65625,218801.765625,219037.0,218873.390625,218977.453125,-0.51171875,0.000244140625,-0.81005859375,-0.7629393935203552,0.5187987685203552,0.4272460639476776,80.0,7403.0,1.0,O,M,O,0
217974.765625,218091.875,218310.75,218194.25,218317.546875,218552.59375,218388.984375,218493.3125,-0.5126953125,0.0009765625,-0.81494140625,-0.7019042372703552,0.4577636420726776,0.4272460639476776,80.0,7404.0,1.0,O,M,O,0
217257.171875,217374.21875,217593.078125,217476.765625,217600.234375,217834.84375,217671.40625,217775.65625,-0.513427734375,0.001953125,-0.81591796875,-0.8239745497703552,0.3662109076976776,0.3967284858226776,80.0,7405.0,1.0,O,M,O,0
217672.296875,217789.234375,218008.375,217892.0625,218015.625,218250.21875,218086.703125,218190.5,-0.513427734375,-0.000244140625,-0.81201171875,-0.7629393935203552,0.4577636420726776,0.4272460639476776,80.0,7406.0,1.0,O,M,O,0
218466.5,218583.265625,218802.671875,218686.34375,218809.375,219044.328125,218880.625,218985.0625,-0.5126953125,0.0,-0.812255859375,-0.7019042372703552,0.4577636420726776,0.4882812201976776,80.0,7407.0,1.0,O,M,O,0
218175.296875,218292.328125,218511.734375,218395.328125,218518.078125,218752.953125,218589.4375,218693.859375,-0.51513671875,0.000732421875,-0.812744140625,-0.7324218153953552,0.4272460639476776,0.3662109076976776,80.0,7408.0,1.0,O,M,O,0
217366.703125,217483.734375,217703.3125,217587.09375,217709.671875,217944.265625,217780.921875,217884.8125,-0.51513671875,0.002197265625,-0.813720703125,-0.6713866591453552,0.5187987685203552,0.4272460639476776,80.0,7409.0,1.0,O,M,O,0
217575.734375,217692.40625,217912.078125,217795.59375,217918.703125,218153.484375,217990.140625,218093.84375,-0.514892578125,0.003662109375,-0.815185546875,-0.7019042372703552,0.5187987685203552,0.3967284858226776,80.0,7410.0,1.0,O,M,O,0
218434.125,218551.4375,218770.484375,218653.984375,218777.359375,219012.328125,218848.71875,218952.875,-0.51416015625,0.0,-0.81396484375,-0.6713866591453552,0.5187987685203552,0.3967284858226776,80.0,7411.0,1.0,O,M,O,0
218355.90625,218473.203125,218692.25,218575.9375,218699.21875,218934.09375,218770.296875,218874.90625,-0.51416015625,0.000732421875,-0.81005859375,-0.6713866591453552,0.5187987685203552,0.4882812201976776,80.0,7412.0,1.0,O,M,O,0
217511.71875,217628.578125,217847.890625,217731.75,217854.859375,218089.5625,217926.296875,218030.109375,-0.51416015625,0.00048828125,-0.80859375,-0.7629393935203552,0.5187987685203552,0.5493163466453552,80.0,7413.0,1.0,O,M,O,0
217506.984375,217623.84375,217843.234375,217727.09375,217849.953125,218085.0,217921.46875,218025.28125,-0.51416015625,0.000732421875,-0.811767578125,-0.7324218153953552,0.4577636420726776,0.5187987685203552,80.0,7414.0,1.0,O,M,O,0
218376.015625,218493.140625,218712.359375,218596.140625,218718.890625,218954.390625,218790.59375,218894.578125,-0.51513671875,0.001220703125,-0.812744140625,-0.7019042372703552,0.3356933295726776,0.4882812201976776,80.0,7415.0,1.0,O,M,O,0
218516.125,218633.421875,218852.640625,218736.328125,218859.4375,219094.21875,218930.703125,219035.03125,-0.513671875,0.0009765625,-0.8125,-0.7629393935203552,0.3662109076976776,0.3967284858226776,80.0,7416.0,1.0,O,M,O,0
217689.8125,217807.296875,218026.796875,217910.125,218033.234375,218267.828125,218104.484375,218208.5625,-0.51220703125,0.001953125,-0.814208984375,-0.7934569716453552,0.3967284858226776,0.4577636420726776,80.0,7417.0,1.0,O,M,O,0
217468.0,217585.390625,217804.703125,217688.203125,217810.96875,218046.109375,217882.578125,217986.203125,-0.512939453125,0.0029296875,-0.81494140625,-0.7629393935203552,0.4272460639476776,0.3662109076976776,80.0,7418.0,1.0,O,M,O,0
218290.8125,218407.75,218626.984375,218510.84375,218633.6875,218868.828125,218704.765625,218809.015625,-0.514404296875,-0.000244140625,-0.814208984375,-0.7019042372703552,0.4577636420726776,0.4577636420726776,80.0,7419.0,1.0,O,M,O,0
218640.84375,218757.96875,218977.28125,218860.875,218983.625,219219.125,219054.890625,219159.40625,-0.51513671875,-0.0009765625,-0.808837890625,-0.6408690810203552,0.4272460639476776,0.5493163466453552,80.0,7420.0,1.0,O,M,O,0
217887.40625,218004.796875,218224.03125,218107.4375,218230.375,218465.609375,218301.90625,218405.703125,-0.512451171875,0.000732421875,-0.812255859375,-0.6103515028953552,0.4272460639476776,0.5187987685203552,80.0,7421.0,1.0,O,M,O,0
217463.53125,217580.65625,217799.796875,217683.5625,217806.40625,218041.359375,217877.75,217981.546875,-0.513427734375,-0.000732421875,-0.81103515625,-0.6713866591453552,0.4882812201976776,0.4882812201976776,80.0,7422.0,1.0,O,M,O,0
218185.765625,218303.0625,218522.203125,218406.140625,218528.8125,218764.046875,218600.34375,218704.953125,-0.512451171875,0.000732421875,-0.812744140625,-0.7324218153953552,0.4272460639476776,0.4272460639476776,80.0,7423.0,1.0,O,M,O,0
218723.984375,218841.203125,219060.421875,218944.375,219067.046875,219302.1875,219138.21875,219242.8125,-0.512451171875,0.00048828125,-0.811767578125,-0.6103515028953552,0.5187987685203552,0.4882812201976776,80.0,7424.0,1.0,O,M,O,0
218094.921875,218211.953125,218431.1875,218314.78125,218437.53125,218672.40625,218508.96875,218613.21875,-0.512451171875,-0.0009765625,-0.8125,-0.6408690810203552,0.4577636420726776,0.4272460639476776,80.0,7425.0,1.0,O,M,O,0
217499.921875,217617.046875,217836.359375,217720.125,217842.703125,218077.390625,217914.234375,218018.296875,-0.515380859375,-0.0009765625,-0.81005859375,-0.8239745497703552,0.4882812201976776,0.4577636420726776,80.0,7426.0,1.0,O,M,O,0
218078.03125,218195.421875,218414.46875,218297.96875,218420.8125,218656.21875,218492.421875,218596.40625,-0.51513671875,0.001708984375,-0.811279296875,-0.8239745497703552,0.4882812201976776,0.4577636420726776,80.0,7427.0,1.0,O,M,O,0
218770.921875,218888.40625,219107.546875,218991.046875,219113.796875,219349.390625,219185.421875,219289.75,-0.513671875,0.00146484375,-0.811279296875,-0.7629393935203552,0.4577636420726776,0.4577636420726776,80.0,7428.0,1.0,O,M,O,0
218305.5625,218423.140625,218642.0,218525.5,218648.4375,218883.671875,218720.140625,218824.125,-0.513427734375,0.0009765625,-0.812255859375,-0.7019042372703552,0.4272460639476776,0.3967284858226776,80.0,7429.0,1.0,O,M,O,0
217575.203125,217692.671875,217911.546875,217795.3125,217918.078125,218153.21875,217989.6875,218093.484375,-0.51416015625,0.0009765625,-0.81103515625,-0.7629393935203552,0.5187987685203552,0.3967284858226776,80.0,7430.0,1.0,O,M,O,0
217971.09375,218088.3125,218307.4375,218191.125,218313.96875,218549.015625,218385.578125,218489.65625,-0.513427734375,0.00146484375,-0.8134765625,-0.6713866591453552,0.5798339247703552,0.4272460639476776,80.0,7431.0,1.0,O,M,O,0
218773.875,218891.265625,219110.5,218994.09375,219117.109375,219352.15625,219188.453125,219293.0625,-0.512451171875,0.000244140625,-0.811279296875,-0.7629393935203552,0.5187987685203552,0.4577636420726776,80.0,7432.0,1.0,O,M,O,0
218503.953125,218620.90625,218839.953125,218723.90625,218846.921875,219082.15625,218918.265625,219022.703125,-0.512939453125,-0.000244140625,-0.81103515625,-0.7934569716453552,0.4577636420726776,0.4882812201976776,80.0,7433.0,1.0,O,M,O,0
217688.125,217805.15625,218024.5625,217908.421875,218031.171875,218266.40625,218102.703125,218206.6875,-0.5146484375,0.000244140625,-0.812744140625,-0.7019042372703552,0.4272460639476776,0.4272460639476776,80.0,7434.0,1.0,O,M,O,0
217879.0,217996.65625,218215.4375,218099.390625,218221.96875,218457.109375,218293.765625,218397.828125,-0.51416015625,-0.001708984375,-0.813232421875,-0.7019042372703552,0.4882812201976776,0.5187987685203552,80.0,7435.0,1.0,O,M,O,0
218741.0625,218858.640625,219077.59375,218961.09375,219084.125,219319.4375,219155.828125,219260.25,-0.513671875,-0.00048828125,-0.8125,-0.7629393935203552,0.4577636420726776,0.3967284858226776,80.0,7436.0,1.0,O,M,O,0
218685.359375,218802.84375,219022.15625,218905.3125,219028.234375,219263.5625,219099.40625,219204.546875,-0.51220703125,-0.000244140625,-0.809814453125,-0.7934569716453552,0.4577636420726776,0.4272460639476776,80.0,7437.0,1.0,O,M,O,0
217842.4375,217959.65625,218178.875,218062.375,218185.046875,218420.1875,218256.5625,218360.734375,-0.513671875,-0.0009765625,-0.810546875,-0.7629393935203552,0.5493163466453552,0.4882812201976776,80.0,7438.0,1.0,O,M,O,0
217814.265625,217931.578125,218150.53125,218034.21875,218156.96875,218392.203125,218229.03125,218332.390625,-0.51318359375,-0.0009765625,-0.813720703125,-0.7324218153953552,0.4882812201976776,0.3967284858226776,80.0,7439.0,1.0,O,M,O,0
218677.59375,218795.0625,219014.296875,218897.625,219020.828125,219256.046875,219092.34375,219196.328125,-0.51416015625,0.000244140625,-0.813232421875,-0.7629393935203552,0.4577636420726776,0.4577636420726776,80.0,7440.0,1.0,O,M,O,0
218839.5,218956.890625,219176.296875,219059.796875,219183.0,219418.234375,219254.34375,219358.59375,-0.513916015625,0.001708984375,-0.81103515625,-0.7019042372703552,0.4272460639476776,0.4272460639476776,80.0,7441.0,1.0,O,M,O,0
218019.28125,218136.3125,218355.625,218239.21875,218362.15625,218597.484375,218433.78125,218537.75,-0.51416015625,0.0,-0.8115234375,-0.7019042372703552,0.4882812201976776,0.4577636420726776,80.0,7442.0,1.0,O,M,O,0
217779.21875,217896.265625,218115.671875,217999.25,218122.09375,218357.234375,218193.71875,218297.78125,-0.513916015625,0.0009765625,-0.811767578125,-0.7324218153953552,0.4577636420726776,0.5187987685203552,80.0,7443.0,1.0,O,M,O,0
218592.46875,218709.953125,218929.53125,218812.765625,218935.171875,219171.203125,219007.140625,219111.484375,-0.514404296875,0.0009765625,-0.8115234375,-0.7324218153953552,0.5187987685203552,0.4577636420726776,80.0,7444.0,1.0,O,M,O,0
218960.828125,219078.125,219297.53125,219180.6875,219303.171875,219539.46875,219375.5,219479.65625,-0.5146484375,-0.00048828125,-0.81201171875,-0.7629393935203552,0.4577636420726776,0.4577636420726776,80.0,7445.0,1.0,O,M,O,0
218217.765625,218334.625,218553.9375,218437.265625,218559.75,218795.78125,218631.71875,218736.15625,-0.513916015625,-0.001953125,-0.8134765625,-0.7324218153953552,0.4577636420726776,0.4882812201976776,80.0,7446.0,1.0,O,M,O,0
217776.90625,217893.84375,218113.15625,217996.484375,218119.234375,218354.5625,218190.671875,218294.828125,-0.514404296875,-0.0009765625,-0.81494140625,-0.6408690810203552,0.5187987685203552,0.5493163466453552,80.0,7447.0,1.0,O,M,O,0
218486.609375,218603.921875,218822.96875,218706.203125,218829.484375,219064.625,218900.75,219004.8125,-0.51416015625,-0.00146484375,-0.811767578125,-0.7019042372703552,0.4882812201976776,0.5798339247703552,80.0,7448.0,1.0,O,M,O,0
219040.21875,219157.703125,219376.65625,219259.890625,219383.015625,219618.5,219454.4375,219559.234375,-0.514892578125,0.00048828125,-0.8115234375,-0.8239745497703552,0.4272460639476776,0.4577636420726776,80.0,7449.0,1.0,O,M,O,0
218426.625,218544.015625,218763.15625,218646.734375,218769.59375,219004.90625,218841.203125,218945.453125,-0.515625,0.00048828125,-0.81298828125,-0.7324218153953552,0.3967284858226776,0.4882812201976776,80.0,7450.0,1.0,O,M,O,0
217819.1875,217936.3125,218155.625,218039.21875,218162.0625,218397.03125,218233.953125,218337.296875,-0.514892578125,0.001708984375,-0.81298828125,-0.7019042372703552,0.4577636420726776,0.4882812201976776,80.0,7451.0,1.0,O,M,O,0
218380.84375,218498.234375,218717.46875,218601.140625,218723.8125,218959.046875,218795.6875,218899.5,-0.516357421875,0.001708984375,-0.812744140625,-0.7019042372703552,0.4272460639476776,0.4272460639476776,80.0,7452.0,1.0,O,M,O,0
219085.015625,219202.40625,219421.453125,219305.3125,219427.625,219663.296875,219499.59375,219604.203125,-0.51708984375,0.00146484375,-0.809814453125,-0.7934569716453552,0.4577636420726776,0.5493163466453552,80.0,7453.0,1.0,O,M,O,0
218635.390625,218752.515625,218971.828125,218855.59375,218978.359375,219213.5,219050.0625,219154.3125,-0.514404296875,0.00146484375,-0.808837890625,-0.7019042372703552,0.4577636420726776,0.5493163466453552,80.0,7454.0,1.0,O,M,O,0
217896.34375,218013.46875,218232.609375,218116.46875,218239.578125,218474.1875,218311.109375,218414.546875,-0.514404296875,0.000732421875,-0.81298828125,-0.7629393935203552,0.5493163466453552,0.4882812201976776,80.0,7455.0,1.0,O,M,O,0
218273.375,218390.6875,218609.546875,218493.140625,218616.25,218851.03125,218687.875,218791.765625,-0.514892578125,0.000244140625,-0.81494140625,-0.7629393935203552,0.4882812201976776,0.4272460639476776,80.0,7456.0,1.0,O,M,O,0
219083.40625,219200.53125,219419.578125,219303.25,219426.015625,219661.15625,219497.8125,219601.96875,-0.514404296875,-0.001708984375,-0.811279296875,-0.7324218153953552,0.4577636420726776,0.4272460639476776,80.0,7457.0,1.0,O,M,O,0
218834.234375,218951.625,219170.75,219054.265625,219177.28125,219412.515625,219249.078125,219353.140625,-0.514892578125,0.00146484375,-0.811279296875,-0.7019042372703552,0.4577636420726776,0.3662109076976776,80.0,7458.0,1.0,O,M,O,0
218013.828125,218130.859375,218350.265625,218233.765625,218356.96875,218591.84375,218428.40625,218532.03125,-0.516357421875,-0.000244140625,-0.8115234375,-0.6408690810203552,0.5493163466453552,0.3051757514476776,80.0,7459.0,1.0,O,M,O,0
218182.453125,218299.578125,218519.25,218402.75,218525.59375,218760.640625,218597.390625,218700.5625,-0.51416015625,0.000244140625,-0.81201171875,-0.6408690810203552,0.5798339247703552,0.5187987685203552,80.0,7460.0,1.0,O,M,O,0
219048.171875,219165.21875,219384.703125,219268.203125,219391.140625,219626.109375,219463.03125,219566.921875,-0.514892578125,0.0009765625,-0.8125,-0.6713866591453552,0.4577636420726776,0.4577636420726776,80.0,7461.0,1.0,O,M,O,0
219016.0,219133.03125,219352.15625,219235.390625,219358.421875,219593.828125,219430.125,219534.546875,-0.513916015625,0.00146484375,-0.811279296875,-0.6408690810203552,0.4577636420726776,0.5187987685203552,80.0,7462.0,1.0,O,M,O,0
218172.078125,218289.109375,218508.25,218391.65625,218514.6875,218749.734375,218586.21875,218690.46875,-0.514404296875,0.001220703125,-0.812744140625,-0.7629393935203552,0.4882812201976776,0.5493163466453552,80.0,7463.0,1.0,O,M,O,0
218121.296875,218238.421875,218457.734375,218341.15625,218464.265625,218699.21875,218535.96875,218639.671875,-0.513671875,0.001708984375,-0.817138671875,-0.7324218153953552,0.4577636420726776,0.4577636420726776,80.0,7464.0,1.0,O,M,O,0
218982.109375,219099.5,219319.171875,219202.40625,219325.4375,219560.921875,219396.953125,219501.203125,-0.5146484375,-0.00048828125,-0.8134765625,-0.8544921278953552,0.4272460639476776,0.3967284858226776,80.0,7465.0,1.0,O,M,O,0
219165.484375,219282.96875,219502.09375,219385.6875,219508.71875,219744.484375,219580.234375,219684.671875,-0.513671875,0.000732421875,-0.81396484375,-0.7934569716453552,0.4272460639476776,0.4272460639476776,80.0,7466.0,1.0,O,M,O,0
218350.625,218468.015625,218687.25,218570.828125,218693.328125,218928.734375,218765.109375,218869.1875,-0.51318359375,0.001708984375,-0.8134765625,-0.7629393935203552,0.4577636420726776,0.4577636420726776,80.0,7467.0,1.0,O,M,O,0
218087.140625,218204.53125,218423.84375,218307.359375,218430.203125,218665.15625,218501.984375,218605.53125,-0.51318359375,0.00146484375,-0.812744140625,-0.7324218153953552,0.4577636420726776,0.4577636420726776,80.0,7468.0,1.0,O,M,O,0
218893.6875,219010.8125,219230.21875,219113.53125,219236.921875,219471.796875,219308.4375,219412.25,-0.51416015625,0.00146484375,-0.809814453125,-0.7629393935203552,0.4577636420726776,0.3967284858226776,80.0,7469.0,1.0,O,M,O,0
219284.75,219402.046875,219621.28125,219504.78125,219627.625,219863.21875,219699.421875,219803.578125,-0.5146484375,0.001708984375,-0.814453125,-0.7324218153953552,0.5187987685203552,0.4577636420726776,80.0,7470.0,1.0,O,M,O,0
218552.0625,218669.359375,218888.59375,218772.0,218895.03125,219130.515625,218966.90625,219070.625,-0.514404296875,0.002685546875,-0.81494140625,-0.7019042372703552,0.5187987685203552,0.4882812201976776,80.0,7471.0,1.0,O,M,O,0
218089.5625,218206.234375,218425.640625,218309.59375,218432.4375,218667.75,218504.140625,218607.765625,-0.512939453125,0.001220703125,-0.81201171875,-0.6408690810203552,0.4882812201976776,0.3967284858226776,80.0,7472.0,1.0,O,M,O,0
218785.5,218902.53125,219121.84375,219005.890625,219128.734375,219363.96875,219200.265625,219304.421875,-0.514892578125,0.000244140625,-0.81298828125,-0.7324218153953552,0.4577636420726776,0.3662109076976776,80.0,7473.0,1.0,O,M,O,0
219359.046875,219476.078125,219695.578125,219579.25,219702.109375,219937.515625,219773.625,219877.96875,-0.514892578125,-0.00048828125,-0.811279296875,-0.7629393935203552,0.4882812201976776,0.4272460639476776,80.0,7474.0,1.0,O,M,O,0
218757.34375,218874.28125,219093.953125,218977.375,219100.390625,219335.796875,219172.1875,219276.078125,-0.514892578125,-0.000244140625,-0.8125,-0.6713866591453552,0.4272460639476776,0.4577636420726776,80.0,7475.0,1.0,O,M,O,0
218134.0,218250.84375,218470.25,218353.75,218477.046875,218712.1875,218549.015625,218652.203125,-0.513916015625,0.000244140625,-0.81298828125,-0.7019042372703552,0.4577636420726776,0.4272460639476776,80.0,7476.0,1.0,O,M,O,0
218679.90625,218796.765625,219016.0,218899.765625,219022.78125,219258.109375,219094.84375,219198.46875,-0.514404296875,0.00048828125,-0.8134765625,-0.8239745497703552,0.4882812201976776,0.3662109076976776,80.0,7477.0,1.0,O,M,O,0
219396.328125,219513.625,219732.953125,219616.546875,219739.46875,219974.96875,219811.171875,219915.515625,-0.5146484375,0.000244140625,-0.815185546875,-0.8239745497703552,0.4882812201976776,0.4272460639476776,80.0,7478.0,1.0,O,M,O,0
218964.9375,219081.890625,219301.203125,219184.703125,219308.0,219543.3125,219379.34375,219483.59375,-0.513916015625,-0.001953125,-0.810546875,-0.8239745497703552,0.4577636420726776,0.4272460639476776,80.0,7479.0,1.0,O,M,O,0
218214.640625,218331.140625,218550.359375,218434.046875,218557.25,218792.125,218628.59375,218732.484375,-0.514404296875,0.0,-0.81005859375,-0.7934569716453552,0.4882812201976776,0.4272460639476776,80.0,7480.0,1.0,O,M,O,0
218571.015625,218688.140625,218907.359375,218791.046875,218914.15625,219149.203125,218985.765625,219089.65625,-0.514404296875,-0.000732421875,-0.811279296875,-0.7934569716453552,0.4882812201976776,0.5187987685203552,80.0,7481.0,1.0,O,M,O,0
219390.078125,219507.46875,219726.875,219610.1875,219732.953125,219968.984375,219804.921875,219909.25,-0.511474609375,-0.000244140625,-0.813232421875,-0.8239745497703552,0.4577636420726776,0.4577636420726776,80.0,7482.0,1.0,O,M,O,0
219162.171875,219279.390625,219498.96875,219382.03125,219504.78125,219740.640625,219576.84375,219680.828125,-0.51123046875,0.0009765625,-0.810791015625,-0.8239745497703552,0.4577636420726776,0.4882812201976776,80.0,7483.0,1.0,O,M,O,0
218339.453125,218456.21875,218675.4375,218558.9375,218681.796875,218917.46875,218753.765625,218857.5625,-0.5146484375,0.000244140625,-0.809326171875,-0.8239745497703552,0.4882812201976776,0.4272460639476776,80.0,7484.0,1.0,O,M,O,0
218485.890625,218603.109375,218822.0625,218705.75,218828.5,219064.1875,218900.390625,219004.453125,-0.51220703125,0.00048828125,-0.8115234375,-0.8239745497703552,0.4272460639476776,0.4577636420726776,80.0,7485.0,1.0,O,M,O,0
219351.0,219468.578125,219687.53125,219571.296875,219693.78125,219929.90625,219765.765625,219870.359375,-0.51220703125,0.002685546875,-0.812255859375,-0.6408690810203552,0.4882812201976776,0.3967284858226776,80.0,7486.0,1.0,O,M,O,0
219337.5,219454.796875,219674.03125,219557.703125,219680.640625,219915.96875,219752.34375,219856.953125,-0.51318359375,0.002197265625,-0.81396484375,-0.6408690810203552,0.5187987685203552,0.3967284858226776,80.0,7487.0,1.0,O,M,O,0
218493.40625,218610.265625,218829.40625,218713.078125,218836.109375,219071.328125,218907.90625,219011.796875,-0.51318359375,-0.000244140625,-0.813232421875,-0.7629393935203552,0.4577636420726776,0.3662109076976776,80.0,7488.0,1.0,O,M,O,0
218421.4375,218538.65625,218757.78125,218641.46875,218764.21875,218999.359375,218835.921875,218939.734375,-0.51318359375,0.001220703125,-0.812255859375,-0.7019042372703552,0.4577636420726776,0.4272460639476776,80.0,7489.0,1.0,O,M,O,0
219281.4375,219398.921875,219618.0625,219501.390625,219624.5,219859.640625,219696.296875,219800.265625,-0.512451171875,0.001708984375,-0.813232421875,-0.7629393935203552,0.4577636420726776,0.3662109076976776,80.0,7490.0,1.0,O,M,O,0
219488.0625,219605.359375,219824.40625,219707.734375,219831.03125,220066.25,219902.375,220006.71875,-0.51220703125,0.0009765625,-0.810791015625,-0.7934569716453552,0.5798339247703552,0.3662109076976776,80.0,7491.0,1.0,O,M,O,0
218679.828125,218797.03125,219015.90625,218899.5,219022.703125,219257.921875,219094.046875,219198.375,-0.513427734375,0.00244140625,-0.812255859375,-0.8239745497703552,0.5798339247703552,0.3662109076976776,80.0,7492.0,1.0,O,M,O,0
218393.546875,218510.671875,218729.53125,218613.296875,218736.234375,218971.203125,218807.671875,218912.09375,-0.5146484375,0.000244140625,-0.8115234375,-0.7324218153953552,0.5493163466453552,0.4272460639476776,80.0,7493.0,1.0,O,M,O,0
219187.46875,219304.859375,219523.5625,219407.6875,219530.34375,219765.84375,219601.96875,219706.484375,-0.513427734375,0.000244140625,-0.816162109375,-0.7629393935203552,0.5798339247703552,0.3967284858226776,80.0,7494.0,1.0,O,M,O,0
219599.640625,219716.9375,219936.078125,219819.9375,219942.421875,220178.375,220014.3125,220118.5625,-0.512451171875,0.001953125,-0.814208984375,-0.6408690810203552,0.5187987685203552,0.3051757514476776,80.0,7495.0,1.0,O,M,O,0
218881.96875,218999.453125,219218.5,219102.359375,219224.84375,219460.34375,219296.90625,219400.796875,-0.5146484375,-0.0009765625,-0.8125,-0.7629393935203552,0.5493163466453552,0.4272460639476776,80.0,7496.0,1.0,O,M,O,0
218402.484375,218519.875,218739.1875,218622.875,218745.453125,218980.859375,218817.59375,218920.953125,-0.513916015625,0.0009765625,-0.810302734375,-0.7019042372703552,0.4577636420726776,0.4577636420726776,80.0,7497.0,1.0,O,M,O,0
219081.96875,219199.09375,219418.5,219301.734375,219424.671875,219660.4375,219496.640625,219600.625,-0.514404296875,0.001953125,-0.81103515625,-0.7019042372703552,0.4272460639476776,0.5187987685203552,80.0,7498.0,1.0,O,M,O,0
219671.96875,219789.359375,220008.40625,219892.09375,220014.578125,220250.609375,220086.8125,220191.25,-0.51513671875,0.002685546875,-0.814697265625,-0.6713866591453552,0.3662109076976776,0.4882812201976776,80.0,7499.0,1.0,O,M,O,0
219091.0,219208.75,219427.359375,219311.125,219433.609375,219669.734375,219505.9375,219610.1875,-0.51220703125,0.001953125,-0.8115234375,-0.6408690810203552,0.4272460639476776,0.4577636420726776,80.0,7500.0,1.0,O,M,O,0
218450.21875,218567.703125,218786.390625,218670.34375,218792.828125,219028.421875,218865.078125,218968.703125,-0.513671875,0.0009765625,-0.814208984375,-0.6408690810203552,0.3967284858226776,0.5187987685203552,80.0,7501.0,1.0,O,M,O,0
218975.140625,219092.609375,219311.125,219195.15625,219317.828125,219553.5,219389.625,219493.609375,-0.513671875,0.00146484375,-0.81298828125,-0.7019042372703552,0.4577636420726776,0.5493163466453552,80.0,7502.0,1.0,O,M,O,0
219705.5,219823.25,220041.671875,219925.625,220048.546875,220284.234375,220119.984375,220224.78125,-0.51318359375,0.00244140625,-0.813232421875,-0.7629393935203552,0.5187987685203552,0.5493163466453552,80.0,7503.0,1.0,O,M,O,0
219296.109375,219413.671875,219632.1875,219516.3125,219639.15625,219874.484375,219710.59375,219815.203125,-0.514892578125,0.002685546875,-0.8125,-0.7019042372703552,0.5493163466453552,0.3967284858226776,80.0,7504.0,1.0,O,M,O,0
218537.125,218654.515625,218873.65625,218757.34375,218880.0,219115.328125,218951.625,219055.6875,-0.514404296875,-0.00048828125,-0.811279296875,-0.7324218153953552,0.4272460639476776,0.4272460639476776,80.0,7505.0,1.0,O,M,O,0
218873.828125,218991.5,219210.625,219094.140625,219216.984375,219452.484375,219288.6875,219392.75,-0.51416015625,0.001953125,-0.80908203125,-0.7019042372703552,0.5187987685203552,0.5187987685203552,80.0,7506.0,1.0,O,M,O,0
219698.890625,219816.28125,220035.046875,219918.90625,220041.40625,220277.609375,220113.1875,220217.53125,-0.513427734375,0.000244140625,-0.811279296875,-0.7934569716453552,0.4882812201976776,0.4882812201976776,80.0,7507.0,1.0,O,M,O,0
219492.625,219609.921875,219828.96875,219712.390625,219835.140625,220071.078125,219906.84375,220011.359375,-0.512451171875,-0.000244140625,-0.81298828125,-0.7324218153953552,0.5187987685203552,0.4577636420726776,80.0,7508.0,1.0,O,M,O,0
218664.71875,218782.375,219001.328125,218884.921875,219007.5,219243.171875,219079.203125,219183.453125,-0.513671875,0.000732421875,-0.808837890625,-0.7934569716453552,0.5493163466453552,0.4882812201976776,80.0,7509.0,1.0,O,M,O,0
218788.1875,218905.484375,219124.625,219008.296875,219130.796875,219366.375,219202.40625,219306.75,-0.512939453125,0.000732421875,-0.80908203125,-0.7324218153953552,0.4882812201976776,0.3967284858226776,80.0,7510.0,1.0,O,M,O,0
219655.4375,219773.09375,219992.234375,219875.640625,219998.125,220234.25,220070.015625,220174.625,-0.51416015625,0.002197265625,-0.8115234375,-0.7019042372703552,0.4882812201976776,0.4272460639476776,80.0,7511.0,1.0,O,M,O,0
219664.28125,219781.578125,220000.71875,219884.21875,220006.984375,220242.75,220078.6875,220183.375,-0.513427734375,0.0,-0.81396484375,-0.7934569716453552,0.4882812201976776,0.4577636420726776,80.0,7512.0,1.0,O,M,O,0
218821.171875,218938.5625,219157.609375,219041.390625,219164.140625,219399.640625,219235.75,219339.828125,-0.515380859375,0.000244140625,-0.81396484375,-0.6408690810203552,0.4882812201976776,0.4882812201976776,80.0,7513.0,1.0,O,M,O,0
218729.078125,218846.390625,219065.796875,218949.5625,219072.046875,219307.734375,219143.671875,219248.0,-0.513916015625,0.000244140625,-0.81396484375,-0.6103515028953552,0.4882812201976776,0.4577636420726776,80.0,7514.0,1.0,O,M,O,0
219584.984375,219702.28125,219921.5,219804.921875,219927.5,220163.4375,219998.9375,220103.984375,-0.514892578125,-0.000244140625,-0.81298828125,-0.6408690810203552,0.4577636420726776,0.3967284858226776,80.0,7515.0,1.0,O,M,O,0
219809.65625,219927.3125,220146.453125,220029.59375,220152.359375,220388.5625,220224.0625,220329.015625,-0.51611328125,0.00048828125,-0.812255859375,-0.7324218153953552,0.4577636420726776,0.4577636420726776,80.0,7516.0,1.0,O,M,O,0
219005.53125,219123.453125,219342.421875,219225.828125,219348.671875,219584.359375,219420.109375,219524.625,-0.51513671875,-0.00048828125,-0.8125,-0.8850097060203552,0.4272460639476776,0.4882812201976776,80.0,7517.0,1.0,O,M,O,0
218700.921875,218818.578125,219037.546875,218921.125,219043.890625,219279.46875,219115.59375,219219.84375,-0.513427734375,-0.0009765625,-0.809326171875,-0.8239745497703552,0.5187987685203552,0.4272460639476776,80.0,7518.0,1.0,O,M,O,0
219487.796875,219605.28125,219824.140625,219707.90625,219830.671875,220066.078125,219902.375,220006.890625,-0.51318359375,0.00048828125,-0.806640625,-0.6713866591453552,0.5798339247703552,0.4272460639476776,80.0,7519.0,1.0,O,M,O,0
219914.625,220032.015625,220250.96875,220134.65625,220257.59375,220493.359375,220328.9375,220433.71875,-0.5126953125,0.000244140625,-0.81201171875,-0.7019042372703552,0.5798339247703552,0.3662109076976776,80.0,7520.0,1.0,O,M,O,0
219205.09375,219322.65625,219541.609375,219425.5625,219548.328125,219783.734375,219619.3125,219724.1875,-0.513671875,0.000244140625,-0.8125,-0.7019042372703552,0.5493163466453552,0.3662109076976776,80.0,7521.0,1.0,O,M,O,0
218709.0625,218826.890625,219045.859375,218929.625,219052.375,219287.875,219123.546875,219228.421875,-0.51513671875,0.001708984375,-0.814208984375,-0.7934569716453552,0.4882812201976776,0.4577636420726776,80.0,7522.0,1.0,O,M,O,0
219379.515625,219496.90625,219716.140625,219599.8125,219722.671875,219958.515625,219794.09375,219898.96875,-0.513427734375,0.00146484375,-0.810791015625,-0.6713866591453552,0.5798339247703552,0.4577636420726776,80.0,7523.0,1.0,O,M,O,0
219984.71875,220102.28125,220321.15625,220204.75,220327.6875,220563.71875,220399.03125,220504.265625,-0.513916015625,0.00244140625,-0.811279296875,-0.6408690810203552,0.4882812201976776,0.4577636420726776,80.0,7524.0,1.0,O,M,O,0
219415.90625,219533.125,219752.4375,219635.84375,219758.609375,219994.28125,219830.21875,219935.0,-0.513916015625,0.0,-0.814208984375,-0.6103515028953552,0.4577636420726776,0.4882812201976776,80.0,7525.0,1.0,O,M,O,0
218760.28125,218877.765625,219097.078125,218980.3125,219103.34375,219338.84375,219174.59375,219279.390625,-0.514404296875,0.0009765625,-0.814208984375,-0.5798339247703552,0.5187987685203552,0.4577636420726776,80.0,7526.0,1.0,O,M,O,0
219267.765625,219385.15625,219604.375,219487.796875,219610.640625,219846.3125,219681.984375,219787.03125,-0.513671875,0.001708984375,-0.810791015625,-0.6713866591453552,0.5493163466453552,0.5187987685203552,80.0,7527.0,1.0,O,M,O,0
220011.1875,220128.84375,220347.984375,220231.390625,220354.140625,220590.1875,220425.671875,220530.71875,-0.5146484375,0.001953125,-0.813232421875,-0.7934569716453552,0.4577636420726776,0.5187987685203552,80.0,7528.0,1.0,O,M,O,0
219618.6875,219736.703125,219955.65625,219838.453125,219961.734375,220197.59375,220033.71875,220138.046875,-0.51318359375,0.001708984375,-0.8125,-0.8239745497703552,0.3662109076976776,0.5493163466453552,80.0,7529.0,1.0,O,M,O,0
218849.421875,218966.8125,219186.3125,219069.015625,219191.953125,219427.796875,219263.828125,219368.078125,-0.514892578125,0.003662109375,-0.8095703125,-0.7629393935203552,0.4577636420726776,0.5493163466453552,80.0,7530.0,1.0,O,M,O,0
219166.734375,219284.21875,219503.625,219386.671875,219509.34375,219745.28125,219581.140625,219685.734375,-0.5146484375,0.002685546875,-0.810546875,-0.7629393935203552,0.4577636420726776,0.4577636420726776,80.0,7531.0,1.0,O,M,O,0
219999.734375,220117.125,220336.171875,220219.765625,220342.171875,220578.46875,220414.046875,220519.109375,-0.514892578125,0.00048828125,-0.8095703125,-0.7934569716453552,0.4577636420726776,0.4577636420726776,80.0,7532.0,1.0,O,M,O,0
219812.4375,219930.09375,220148.953125,220032.734375,220155.3125,220391.25,220226.734375,220331.53125,-0.513671875,0.000244140625,-0.8134765625,-0.7324218153953552,0.4272460639476776,0.4272460639476776,80.0,7533.0,1.0,O,M,O,0
218980.859375,219097.984375,219317.109375,219200.96875,219323.734375,219559.3125,219395.25,219499.6875,-0.513427734375,0.000244140625,-0.812255859375,-0.5798339247703552,0.4882812201976776,0.3662109076976776,80.0,7534.0,1.0,O,M,O,0
219085.640625,219202.671875,219421.8125,219305.765625,219428.34375,219664.109375,219499.78125,219604.015625,-0.514892578125,0.002197265625,-0.8125,-0.7019042372703552,0.5187987685203552,0.4577636420726776,80.0,7535.0,1.0,O,M,O,0
219953.328125,220070.640625,220289.953125,220173.359375,220296.21875,220531.796875,220367.46875,220472.25,-0.5126953125,0.001708984375,-0.810791015625,-0.6408690810203552,0.4577636420726776,0.3967284858226776,80.0,7536.0,1.0,O,M,O,0
219982.21875,220099.609375,220318.296875,220202.15625,220324.828125,220560.5,220396.25,220501.21875,-0.514892578125,-0.000244140625,-0.810546875,-0.7019042372703552,0.5798339247703552,0.3967284858226776,80.0,7537.0,1.0,O,M,O,0
219139.28125,219256.5,219475.28125,219359.140625,219481.71875,219717.296875,219553.5,219657.84375,-0.513916015625,0.00146484375,-0.813720703125,-0.6713866591453552,0.4577636420726776,0.3662109076976776,80.0,7538.0,1.0,O,M,O,0
219026.453125,219143.578125,219363.15625,219246.578125,219369.328125,219605.28125,219441.125,219545.1875,-0.512939453125,0.0,-0.813232421875,-0.7934569716453552,0.5187987685203552,0.4272460639476776,80.0,7539.0,1.0,O,M,O,0
219879.84375,219997.234375,220216.453125,220099.6875,220222.890625,220458.75,220294.328125,220398.9375,-0.513671875,0.001220703125,-0.815185546875,-0.7019042372703552,0.4882812201976776,0.4272460639476776,80.0,7540.0,1.0,O,M,O,0
220125.09375,220242.75,220461.609375,220345.109375,220468.40625,220704.078125,220539.484375,220644.359375,-0.513671875,0.000244140625,-0.8134765625,-0.7934569716453552,0.5798339247703552,0.4577636420726776,80.0,7541.0,1.0,O,M,O,0
219329.09375,219447.109375,219666.25,219549.484375,219672.59375,219907.921875,219743.859375,219848.453125,-0.5126953125,0.000732421875,-0.81201171875,-0.7324218153953552,0.5187987685203552,0.4272460639476776,80.0,7542.0,1.0,O,M,O,0
219007.3125,219125.15625,219344.203125,219228.0625,219350.90625,219586.140625,219422.25,219526.6875,-0.511474609375,0.00146484375,-0.813232421875,-0.7324218153953552,0.3967284858226776,0.4272460639476776,80.0,7543.0,1.0,O,M,O,0
219786.234375,219903.890625,220123.125,220006.984375,220129.375,220365.234375,220201.171875,220305.859375,-0.5126953125,0.000244140625,-0.811279296875,-0.6713866591453552,0.3967284858226776,0.4882812201976776,80.0,7544.0,1.0,O,M,O,0
220231.84375,220349.59375,220568.640625,220452.140625,220574.890625,220810.921875,220646.328125,220751.65625,-0.5126953125,0.000244140625,-0.80908203125,-0.7019042372703552,0.4272460639476776,0.3967284858226776,80.0,7545.0,1.0,O,M,O,0
219536.078125,219653.828125,219872.6875,219756.015625,219878.859375,220114.71875,219950.03125,220055.265625,-0.514404296875,0.001220703125,-0.81298828125,-0.7019042372703552,0.4577636420726776,0.3662109076976776,80.0,7546.0,1.0,O,M,O,0
219024.671875,219142.40625,219361.375,219244.96875,219367.8125,219603.125,219438.984375,219543.671875,-0.51416015625,0.000732421875,-0.81103515625,-0.7629393935203552,0.5493163466453552,0.3967284858226776,80.0,7547.0,1.0,O,M,O,0
219679.296875,219796.609375,220015.65625,219899.609375,220022.359375,220258.21875,220093.53125,220198.578125,-0.5146484375,-0.001220703125,-0.80859375,-0.7324218153953552,0.5798339247703552,0.3967284858226776,80.0,7548.0,1.0,O,M,O,0
220296.390625,220413.515625,220632.65625,220516.515625,220639.53125,220875.296875,220710.4375,220815.9375,-0.51416015625,0.0,-0.80908203125,-0.7019042372703552,0.5187987685203552,0.4882812201976776,80.0,7549.0,1.0,O,M,O,0
219741.265625,219858.5625,220078.234375,219961.46875,220085.03125,220320.34375,220155.65625,220260.890625,-0.51416015625,0.002197265625,-0.8115234375,-0.7019042372703552,0.4272460639476776,0.4577636420726776,80.0,7550.0,1.0,O,M,O,0
219075.359375,219192.65625,219411.796875,219295.390625,219418.6875,219654.09375,219489.671875,219594.28125,-0.5166015625,0.00146484375,-0.811279296875,-0.8239745497703552,0.4882812201976776,0.3967284858226776,80.0,7551.0,1.0,O,M,O,0
219567.28125,219684.75,219904.15625,219787.578125,219910.6875,220146.28125,219981.765625,220086.8125,-0.5146484375,0.00048828125,-0.810791015625,-0.7629393935203552,0.5187987685203552,0.4272460639476776,80.0,7552.0,1.0,O,M,O,0
220318.46875,220436.578125,220655.984375,220538.953125,220661.890625,220897.734375,220733.40625,220838.375,-0.513671875,0.00146484375,-0.812255859375,-0.7019042372703552,0.4272460639476776,0.4882812201976776,80.0,7553.0,1.0,O,M,O,0
219945.46875,220062.953125,220282.078125,220165.671875,220288.609375,220524.375,220360.140625,220464.65625,-0.513916015625,0.001220703125,-0.811279296875,-0.6713866591453552,0.3967284858226776,0.4882812201976776,80.0,7554.0,1.0,O,M,O,0
219170.9375,219288.328125,219507.46875,219390.78125,219514.171875,219749.75,219585.34375,219690.03125,-0.51318359375,-0.000244140625,-0.81201171875,-0.7629393935203552,0.3662109076976776,0.4882812201976776,80.0,7555.0,1.0,O,M,O,0
219471.875,219589.53125,219808.765625,219692.265625,219815.015625,220051.234375,219886.734375,219991.25,-0.51220703125,0.003173828125,-0.813232421875,-0.7629393935203552,0.4272460639476776,0.4577636420726776,80.0,7556.0,1.0,O,M,O,0
220309.359375,220427.28125,220646.5,220529.46875,220652.40625,220888.984375,220724.109375,220829.078125,-0.51416015625,0.0,-0.814208984375,-0.7019042372703552,0.5187987685203552,0.4272460639476776,80.0,7557.0,1.0,O,M,O,0
220138.671875,220256.609375,220475.921875,220358.96875,220482.09375,220718.03125,220553.53125,220658.484375,-0.51513671875,0.000244140625,-0.814453125,-0.7629393935203552,0.6103515028953552,0.3967284858226776,80.0,7558.0,1.0,O,M,O,0
219303.703125,219421.359375,219640.40625,219523.734375,219646.484375,219882.53125,219718.375,219822.625,-0.513916015625,0.00146484375,-0.810546875,-0.7934569716453552,0.5798339247703552,0.4272460639476776,80.0,7559.0,1.0,O,M,O,0
219389.796875,219507.015625,219726.0625,219609.5625,219732.328125,219968.4375,219804.03125,219908.8125,-0.515380859375,0.001708984375,-0.812744140625,-0.9155272841453552,0.5493163466453552,0.4882812201976776,80.0,7560.0,1.0,O,M,O,0
220259.109375,220376.765625,220595.71875,220479.046875,220602.25,220838.28125,220673.515625,220778.390625,-0.5146484375,0.00048828125,-0.81201171875,-0.8544921278953552,0.6103515028953552,0.4272460639476776,80.0,7561.0,1.0,O,M,O,0
220306.21875,220423.796875,220643.203125,220526.4375,220649.1875,220885.40625,220720.890625,220825.5,-0.51513671875,0.000732421875,-0.809326171875,-0.7629393935203552,0.4577636420726776,0.4577636420726776,80.0,7562.0,1.0,O,M,O,0
219464.453125,219582.125,219801.34375,219684.671875,219807.78125,220043.546875,219879.125,219983.734375,-0.512939453125,0.001220703125,-0.81201171875,-0.7324218153953552,0.4882812201976776,0.3662109076976776,80.0,7563.0,1.0,O,M,O,0
219334.453125,219452.03125,219671.25,219554.84375,219677.609375,219913.546875,219749.046875,219853.5625,-0.513916015625,0.00146484375,-0.814453125,-0.7629393935203552,0.4882812201976776,0.4882812201976776,80.0,7564.0,1.0,O,M,O,0
220183.203125,220300.953125,220520.265625,220403.671875,220526.4375,220762.921875,220597.609375,220703.015625,-0.5146484375,0.002197265625,-0.8115234375,-0.7019042372703552,0.5187987685203552,0.4882812201976776,80.0,7565.0,1.0,O,M,O,0
220444.625,220562.46875,220782.140625,220665.015625,220787.6875,221024.15625,220858.9375,220964.53125,-0.514892578125,0.00146484375,-0.81201171875,-0.7324218153953552,0.4577636420726776,0.3967284858226776,80.0,7566.0,1.0,O,M,O,0
219653.203125,219770.5,219990.171875,219873.234375,219996.25,220231.84375,220067.515625,220172.5625,-0.5146484375,-0.00146484375,-0.81201171875,-0.7629393935203552,0.5187987685203552,0.4882812201976776,80.0,7567.0,1.0,O,M,O,0
219313.0,219430.578125,219649.984375,219533.125,219655.96875,219891.640625,219727.5,219832.1875,-0.514404296875,-0.000244140625,-0.8125,-0.7629393935203552,0.4272460639476776,0.4272460639476776,80.0,7568.0,1.0,O,M,O,0
220084.3125,220201.890625,220420.9375,220304.25,220427.015625,220663.234375,220498.71875,220603.6875,-0.513916015625,-0.00146484375,-0.810546875,-0.7324218153953552,0.4577636420726776,0.4882812201976776,80.0,7569.0,1.0,O,M,O,0
220544.9375,220662.953125,220882.09375,220765.0625,220887.90625,221124.125,220959.515625,221064.84375,-0.5146484375,0.00048828125,-0.8125,-0.7629393935203552,0.4882812201976776,0.5493163466453552,80.0,7570.0,1.0,O,M,O,0
219855.34375,219973.0,220192.5,220075.546875,220198.3125,220434.25,220270.109375,220374.703125,-0.51513671875,0.00146484375,-0.8115234375,-0.7629393935203552,0.3967284858226776,0.5493163466453552,80.0,7571.0,1.0,O,M,O,0
219331.78125,219449.171875,219668.75,219552.34375,219674.75,219910.515625,219746.53125,219850.875,-0.513916015625,0.00146484375,-0.812255859375,-0.6408690810203552,0.4272460639476776,0.5187987685203552,80.0,7572.0,1.0,O,M,O,0
219977.75,220095.40625,220314.8125,220198.125,220320.796875,220556.921875,220392.328125,220497.375,-0.51318359375,0.0009765625,-0.811767578125,-0.6408690810203552,0.3967284858226776,0.5187987685203552,80.0,7573.0,1.0,O,M,O,0
220607.890625,220725.625,220944.765625,220827.734375,220950.765625,221186.703125,221022.203125,221127.703125,-0.514892578125,0.0009765625,-0.8115234375,-0.7629393935203552,0.4272460639476776,0.5493163466453552,80.0,7574.0,1.0,O,M,O,0
220066.4375,220184.0,220403.234375,220286.5625,220409.484375,220645.609375,220481.015625,220585.796875,-0.51318359375,0.0009765625,-0.812255859375,-0.7019042372703552,0.3967284858226776,0.4577636420726776,80.0,7575.0,1.0,O,M,O,0
219390.078125,219507.734375,219726.78125,219610.640625,219733.390625,219969.15625,219804.921875,219909.53125,-0.513427734375,0.001953125,-0.81298828125,-0.7324218153953552,0.5187987685203552,0.3967284858226776,80.0,7576.0,1.0,O,M,O,0
219867.765625,219985.515625,220204.390625,220088.15625,220210.828125,220447.125,220282.4375,220387.40625,-0.513671875,-0.00146484375,-0.812744140625,-0.7934569716453552,0.4272460639476776,0.5187987685203552,80.0,7577.0,1.0,O,M,O,0
220628.359375,220746.375,220965.25,220848.921875,220971.234375,221207.796875,221043.109375,221148.171875,-0.5126953125,0.00048828125,-0.810791015625,-0.7629393935203552,0.4577636420726776,0.4577636420726776,80.0,7578.0,1.0,O,M,O,0
220271.625,220389.546875,220608.6875,220492.015625,220614.859375,220850.796875,220686.203125,220791.53125,-0.51318359375,0.001953125,-0.811767578125,-0.7934569716453552,0.3967284858226776,0.4577636420726776,80.0,7579.0,1.0,O,M,O,0
219488.421875,219605.984375,219825.21875,219708.359375,219831.296875,220066.796875,219902.640625,220007.96875,-0.5146484375,0.00146484375,-0.814453125,-0.8544921278953552,0.3967284858226776,0.4272460639476776,80.0,7580.0,1.0,O,M,O,0
219769.421875,219887.171875,220106.046875,219989.359375,220112.296875,220348.15625,220183.5625,220289.0625,-0.51611328125,0.001220703125,-0.81396484375,-0.8850097060203552,0.4577636420726776,0.4272460639476776,80.0,7581.0,1.0,O,M,O,0
220612.265625,220729.5625,220948.703125,220831.84375,220955.046875,221191.359375,221026.046875,221131.890625,-0.512939453125,0.000732421875,-0.8115234375,-0.8850097060203552,0.4882812201976776,0.4272460639476776,80.0,7582.0,1.0,O,M,O,0
220459.640625,220576.765625,220796.078125,220679.59375,220802.703125,221038.46875,220873.953125,220979.09375,-0.513671875,0.0,-0.811767578125,-0.7324218153953552,0.3662109076976776,0.4882812201976776,80.0,7583.0,1.0,O,M,O,0
219621.28125,219738.484375,219957.71875,219840.953125,219964.0625,220199.46875,220035.5,220140.109375,-0.515625,0.001220703125,-0.809814453125,-0.7629393935203552,0.4577636420726776,0.4882812201976776,80.0,7584.0,1.0,O,M,O,0
219689.859375,219807.15625,220026.65625,219909.703125,220032.8125,220268.671875,220103.984375,220208.765625,-0.51513671875,0.00146484375,-0.810791015625,-0.7324218153953552,0.4882812201976776,0.4272460639476776,80.0,7585.0,1.0,O,M,O,0
220560.9375,220678.875,220898.09375,220781.421875,220903.90625,221140.390625,220975.53125,221080.40625,-0.514892578125,0.001708984375,-0.812744140625,-0.6713866591453552,0.4577636420726776,0.3967284858226776,80.0,7586.0,1.0,O,M,O,0
220626.921875,220744.234375,220963.984375,220846.875,220969.796875,221205.921875,221041.421875,221146.109375,-0.51416015625,0.002685546875,-0.81396484375,-0.6103515028953552,0.4882812201976776,0.3967284858226776,80.0,7587.0,1.0,O,M,O,0
219786.765625,219904.15625,220124.109375,220006.71875,220129.640625,220365.6875,220201.171875,220305.859375,-0.5146484375,0.000244140625,-0.81396484375,-0.6713866591453552,0.5187987685203552,0.3356933295726776,80.0,7588.0,1.0,O,M,O,0
219637.375,219754.671875,219974.078125,219856.953125,219980.15625,220216.109375,220051.6875,220156.015625,-0.5166015625,0.0,-0.814697265625,-0.6713866591453552,0.4577636420726776,0.3356933295726776,80.0,7589.0,1.0,O,M,O,0
220480.03125,220597.328125,220816.203125,220699.609375,220822.640625,221058.859375,220894.171875,220998.953125,-0.514404296875,0.000732421875,-0.81005859375,-0.7934569716453552,0.4577636420726776,0.3662109076976776,80.0,7590.0,1.0,O,M,O,0
220758.71875,220876.015625,221095.15625,220978.390625,221101.140625,221337.265625,221173.03125,221277.90625,-0.513671875,-0.000732421875,-0.8115234375,-0.7629393935203552,0.4577636420726776,0.4272460639476776,80.0,7591.0,1.0,O,M,O,0
219972.921875,220090.390625,220309.796875,220192.859375,220315.875,220551.734375,220387.40625,220492.1875,-0.513916015625,-0.0009765625,-0.811279296875,-0.8239745497703552,0.3967284858226776,0.4882812201976776,80.0,7592.0,1.0,O,M,O,0
219615.640625,219733.03125,219952.359375,219835.59375,219958.703125,220194.734375,220030.21875,220134.921875,-0.51416015625,0.00048828125,-0.809326171875,-0.7934569716453552,0.3967284858226776,0.4577636420726776,80.0,7593.0,1.0,O,M,O,0
220379.0,220496.390625,220715.984375,220598.765625,220721.78125,220957.640625,220793.3125,220898.1875,-0.515380859375,0.00146484375,-0.811767578125,-0.8544921278953552,0.4272460639476776,0.5493163466453552,80.0,7594.0,1.0,O,M,O,0
220858.3125,220975.53125,221195.015625,221077.8125,221200.734375,221436.59375,221272.53125,221377.671875,-0.514404296875,0.001708984375,-0.812255859375,-0.8544921278953552,0.3662109076976776,0.4882812201976776,80.0,7595.0,1.0,O,M,O,0
220183.296875,220300.234375,220520.09375,220403.234375,220526.25,220761.75,220597.6875,220702.390625,-0.51220703125,0.000732421875,-0.8095703125,-0.7934569716453552,0.3967284858226776,0.5798339247703552,80.0,7596.0,1.0,O,M,O,0
219641.75,219758.609375,219978.8125,219861.96875,219984.8125,220220.21875,220056.25,220160.765625,-0.51220703125,-0.00048828125,-0.8115234375,-0.7629393935203552,0.4272460639476776,0.5798339247703552,80.0,7597.0,1.0,O,M,O,0
220271.4375,220388.296875,220608.421875,220491.296875,220614.234375,220849.90625,220685.671875,220790.90625,-0.5126953125,-0.001220703125,-0.81103515625,-0.7324218153953552,0.5187987685203552,0.4272460639476776,80.0,7598.0,1.0,O,M,O,0
220915.625,221032.921875,221252.59375,221135.75,221258.234375,221494.890625,221330.109375,221435.4375,-0.51318359375,-0.001708984375,-0.8115234375,-0.6713866591453552,0.4577636420726776,0.3356933295726776,80.0,7599.0,1.0,O,M,O,0
220391.34375,220508.734375,220728.046875,220611.375,220733.859375,220970.15625,220805.65625,220911.0625,-0.511474609375,0.00146484375,-0.810791015625,-0.6713866591453552,0.4577636420726776,0.3356933295726776,80.0,7600.0,1.0,O,M,O,0
219703.265625,219821.109375,220040.328125,219923.5625,220046.5,220282.171875,220118.015625,220222.890625,-0.5146484375,-0.000244140625,-0.80908203125,-0.6713866591453552,0.4882812201976776,0.4577636420726776,80.0,7601.0,1.0,O,M,O,0
220163.359375,220281.015625,220500.328125,220383.828125,220506.671875,220742.359375,220578.109375,220683.078125,-0.515380859375,0.001708984375,-0.809814453125,-0.5798339247703552,0.6103515028953552,0.4577636420726776,80.0,7602.0,1.0,O,M,O,0
220933.953125,221051.609375,221271.28125,221154.609375,221277.453125,221513.125,221348.796875,221453.765625,-0.514404296875,0.002685546875,-0.812255859375,-0.5798339247703552,0.4577636420726776,0.3662109076976776,80.0,7603.0,1.0,O,M,O,0
220593.046875,220710.609375,220930.375,220813.34375,220936.1875,221172.125,221007.625,221112.671875,-0.51513671875,0.00048828125,-0.81201171875,-0.6713866591453552,0.5493163466453552,0.4882812201976776,80.0,7604.0,1.0,O,M,O,0
219801.609375,219919.09375,220138.671875,220021.734375,220144.484375,220380.4375,220216.1875,220320.984375,-0.513916015625,0.001708984375,-0.813720703125,-0.7019042372703552,0.4882812201976776,0.5187987685203552,80.0,7605.0,1.0,O,M,O,0
220066.96875,220184.359375,220403.953125,220286.828125,220409.765625,220645.96875,220481.546875,220586.34375,-0.513427734375,0.000244140625,-0.813720703125,-0.7019042372703552,0.4272460639476776,0.4882812201976776,80.0,7606.0,1.0,O,M,O,0
220915.171875,221032.65625,221252.15625,221135.109375,221258.046875,221494.171875,221329.578125,221434.890625,-0.513671875,0.00048828125,-0.813232421875,-0.7019042372703552,0.4272460639476776,0.4882812201976776,80.0,7607.0,1.0,O,M,O,0
220784.375,220901.9375,221121.265625,221004.140625,221127.421875,221363.546875,221199.21875,221304.1875,-0.512939453125,0.00146484375,-0.811767578125,-0.6713866591453552,0.3051757514476776,0.4577636420726776,80.0,7608.0,1.0,O,M,O,0
219945.5625,220063.125,220282.53125,220165.3125,220288.4375,220524.375,220360.5,220464.828125,-0.51123046875,0.00048828125,-0.810791015625,-0.7934569716453552,0.3967284858226776,0.3967284858226776,80.0,7609.0,1.0,O,M,O,0
219992.046875,220109.34375,220328.9375,220211.8125,220335.015625,220571.140625,220406.71875,220511.328125,-0.51171875,0.000732421875,-0.811767578125,-0.7324218153953552,0.5798339247703552,0.3662109076976776,80.0,7610.0,1.0,O,M,O,0
220861.53125,220979.015625,221198.328125,221081.203125,221204.671875,221440.796875,221276.375,221381.34375,-0.511474609375,0.000732421875,-0.81298828125,-0.7934569716453552,0.6103515028953552,0.4577636420726776,80.0,7611.0,1.0,O,M,O,0
220946.828125,221064.390625,221283.625,221166.3125,221289.703125,221526.09375,221361.859375,221466.734375,-0.513916015625,0.0009765625,-0.813232421875,-0.7324218153953552,0.5187987685203552,0.4577636420726776,80.0,7612.0,1.0,O,M,O,0
220111.765625,220229.328125,220448.375,220331.609375,220454.8125,220690.765625,220526.703125,220631.125,-0.513671875,0.001220703125,-0.810546875,-0.7629393935203552,0.4882812201976776,0.4882812201976776,80.0,7613.0,1.0,O,M,O,0
219942.609375,220060.0,220279.40625,220162.640625,220285.484375,220521.25,220357.1875,220461.875,-0.513427734375,0.001708984375,-0.810546875,-0.7629393935203552,0.4882812201976776,0.5187987685203552,80.0,7614.0,1.0,O,M,O,0
220779.640625,220897.03125,221116.609375,220999.578125,221122.15625,221358.1875,221194.296875,221299.09375,-0.51416015625,0.001220703125,-0.8095703125,-0.8239745497703552,0.3967284858226776,0.4882812201976776,80.0,7615.0,1.0,O,M,O,0
221077.1875,221194.296875,221413.984375,221297.296875,221419.78125,221656.265625,221492.03125,221596.90625,-0.514892578125,0.0009765625,-0.810302734375,-0.7019042372703552,0.4577636420726776,0.4577636420726776,80.0,7616.0,1.0,O,M,O,0
220299.34375,220416.109375,220635.6875,220519.28125,220641.59375,220878.25,220713.46875,220818.265625,-0.513427734375,0.001220703125,-0.812744140625,-0.7324218153953552,0.4882812201976776,0.3967284858226776,80.0,7617.0,1.0,O,M,O,0
219925.796875,220042.921875,220262.6875,220146.09375,220268.765625,220504.703125,220340.375,220445.078125,-0.51318359375,0.00048828125,-0.81201171875,-0.7629393935203552,0.4882812201976776,0.4577636420726776,80.0,7618.0,1.0,O,M,O,0
220678.875,220796.0,221015.3125,220898.8125,221021.296875,221257.875,221093.359375,221198.234375,-0.512939453125,0.0009765625,-0.814208984375,-0.7019042372703552,0.3967284858226776,0.4577636420726776,80.0,7619.0,1.0,O,M,O,0
221171.6875,221289.25,221508.75,221391.796875,221514.203125,221751.046875,221586.625,221691.40625,-0.51416015625,-0.000244140625,-0.812255859375,-0.6408690810203552,0.3356933295726776,0.4272460639476776,80.0,7620.0,1.0,O,M,O,0
220505.421875,220622.640625,220842.21875,220725.359375,220848.03125,221084.421875,220919.828125,221024.96875,-0.515380859375,0.002685546875,-0.811767578125,-0.5798339247703552,0.4272460639476776,0.4577636420726776,80.0,7621.0,1.0,O,M,O,0
219952.703125,220069.921875,220289.5,220172.5625,220295.5,220531.34375,220366.84375,220471.71875,-0.514892578125,0.00146484375,-0.814208984375,-0.6103515028953552,0.4272460639476776,0.4577636420726776,80.0,7622.0,1.0,O,M,O,0
220571.578125,220689.25,220908.375,220791.703125,220914.1875,221150.40625,220986.078125,221091.046875,-0.516357421875,0.000732421875,-0.810791015625,-0.7934569716453552,0.4882812201976776,0.4577636420726776,80.0,7623.0,1.0,O,M,O,0
221227.828125,221345.40625,221564.71875,221447.859375,221570.53125,221807.1875,221642.5,221747.828125,-0.513671875,0.00048828125,-0.80810546875,-0.7019042372703552,0.4882812201976776,0.4577636420726776,80.0,7624.0,1.0,O,M,O,0
220717.046875,220834.265625,221053.671875,220936.984375,221059.921875,221296.046875,221131.453125,221237.21875,-0.513427734375,-0.00048828125,-0.808837890625,-0.7629393935203552,0.5493163466453552,0.4272460639476776,80.0,7625.0,1.0,O,M,O,0
220017.96875,220135.375,220354.59375,220238.09375,220360.859375,220596.703125,220432.109375,220536.984375,-0.514892578125,0.0029296875,-0.809326171875,-0.8239745497703552,0.4882812201976776,0.3662109076976776,80.0,7626.0,1.0,O,M,O,0
220463.578125,220581.421875,220800.46875,220683.796875,220806.546875,221042.671875,220878.25,220982.859375,-0.512939453125,0.0029296875,-0.813232421875,-0.8239745497703552,0.5187987685203552,0.3967284858226776,80.0,7627.0,1.0,O,M,O,0
221242.671875,221360.25,221579.640625,221462.96875,221585.640625,221821.9375,221657.078125,221762.484375,-0.513427734375,0.00146484375,-0.81396484375,-0.7019042372703552,0.4577636420726776,0.4272460639476776,80.0,7628.0,1.0,O,M,O,0
220921.4375,221038.828125,221258.234375,221141.46875,221264.3125,221500.515625,221335.75,221441.0625,-0.513916015625,0.00048828125,-0.811767578125,-0.7629393935203552,0.4577636420726776,0.3967284858226776,80.0,7629.0,1.0,O,M,O,0
220124.90625,220242.296875,220461.796875,220345.203125,220468.046875,220703.90625,220539.671875,220644.09375,-0.513671875,0.001953125,-0.811279296875,-0.7629393935203552,0.4882812201976776,0.4577636420726776,80.0,7630.0,1.0,O,M,O,0
220367.921875,220485.390625,220705.25,220588.125,220711.0625,220946.828125,220782.578125,220887.28125,-0.5146484375,0.002685546875,-0.810791015625,-0.7324218153953552,0.5187987685203552,0.3356933295726776,80.0,7631.0,1.0,O,M,O,0
221218.265625,221336.28125,221555.6875,221438.390625,221561.5,221797.359375,221632.75,221737.984375,-0.5146484375,0.002685546875,-0.81103515625,-0.7324218153953552,0.5798339247703552,0.3967284858226776,80.0,7632.0,1.0,O,M,O,0
221105.34375,221222.921875,221442.234375,221325.109375,221448.40625,221684.4375,221519.828125,221624.984375,-0.514404296875,0.000732421875,-0.809814453125,-0.6408690810203552,0.5493163466453552,0.4577636420726776,80.0,7633.0,1.0,O,M,O,0
220262.6875,220380.25,220599.65625,220482.890625,220606.1875,220841.765625,220677.359375,220782.5,-0.513427734375,0.0009765625,-0.806884765625,-0.7019042372703552,0.4882812201976776,0.4577636420726776,80.0,7634.0,1.0,O,M,O,0
220292.359375,220410.46875,220629.703125,220512.9375,220636.140625,220871.546875,220707.296875,220811.90625,-0.5146484375,0.0,-0.806884765625,-0.5798339247703552,0.4272460639476776,0.4272460639476776,80.0,7635.0,1.0,O,M,O,0
221160.859375,221279.328125,221498.109375,221381.96875,221504.28125,221740.40625,221575.796875,221680.859375,-0.512939453125,0.001708984375,-0.809814453125,-0.5493163466453552,0.5493163466453552,0.4272460639476776,80.0,7636.0,1.0,O,M,O,0
221264.671875,221382.421875,221601.828125,221485.5,221607.8125,221844.296875,221679.78125,221784.84375,-0.511962890625,0.000732421875,-0.81396484375,-0.7019042372703552,0.5798339247703552,0.5187987685203552,80.0,7637.0,1.0,O,M,O,0
220433.1875,220550.578125,220770.34375,220653.84375,220776.328125,221012.1875,220848.03125,220953.171875,-0.5126953125,0.0,-0.812255859375,-0.7019042372703552,0.4577636420726776,0.5187987685203552,80.0,7638.0,1.0,O,M,O,0
220246.859375,220364.078125,220583.46875,220466.890625,220589.828125,220825.671875,220661.34375,220766.3125,-0.51220703125,0.0009765625,-0.8095703125,-0.7019042372703552,0.4577636420726776,0.4272460639476776,80.0,7639.0,1.0,O,M,O,0
221078.515625,221195.828125,221415.40625,221298.546875,221421.578125,221657.703125,221492.921875,221598.515625,-0.513427734375,0.00146484375,-0.81103515625,-0.7019042372703552,0.4577636420726776,0.4882812201976776,80.0,7640.0,1.0,O,M,O,0
221393.5,221511.15625,221730.921875,221613.796875,221737.0,221973.21875,221808.171875,221913.671875,-0.51318359375,0.0009765625,-0.810791015625,-0.6713866591453552,0.5187987685203552,0.4272460639476776,80.0,7641.0,1.0,O,M,O,0
220623.703125,220741.28125,220960.859375,220844.09375,220966.859375,221203.25,221038.28125,221143.34375,-0.512451171875,0.001708984375,-0.81298828125,-0.7324218153953552,0.5187987685203552,0.3967284858226776,80.0,7642.0,1.0,O,M,O,0
220233.171875,220351.109375,220570.6875,220453.828125,220576.40625,220812.359375,220648.203125,220752.90625,-0.513671875,0.00146484375,-0.815185546875,-0.7629393935203552,0.3967284858226776,0.4577636420726776,80.0,7643.0,1.0,O,M,O,0
220976.15625,221094.171875,221313.484375,221196.8125,221319.65625,221555.953125,221391.09375,221496.5,-0.513427734375,0.000244140625,-0.814208984375,-0.7934569716453552,0.5187987685203552,0.4882812201976776,80.0,7644.0,1.0,O,M,O,0
221484.4375,221602.0,221821.5,221704.640625,221827.125,222063.703125,221899.015625,222004.515625,-0.5126953125,0.002197265625,-0.811767578125,-0.7324218153953552,0.3356933295726776,0.3967284858226776,80.0,7645.0,1.0,O,M,O,0
220829.53125,220946.921875,221166.40625,221049.640625,221172.21875,221408.609375,221244.015625,221349.15625,-0.514892578125,-0.000244140625,-0.81201171875,-0.7324218153953552,0.3967284858226776,0.3662109076976776,80.0,7646.0,1.0,O,M,O,0
220260.71875,220378.28125,220597.6875,220480.921875,220603.59375,220839.984375,220675.03125,220780.171875,-0.513916015625,-0.000732421875,-0.81005859375,-0.7019042372703552,0.4882812201976776,0.3051757514476776,80.0,7647.0,1.0,O,M,O,0
220865.90625,220983.75,221203.0625,221086.296875,221209.0625,221445.53125,221280.578125,221385.640625,-0.51416015625,0.0009765625,-0.81298828125,-0.8239745497703552,0.4882812201976776,0.3662109076976776,80.0,7648.0,1.0,O,M,O,0
221534.234375,221652.15625,221871.390625,221754.265625,221877.109375,222113.859375,221948.546875,222054.125,-0.51513671875,0.0009765625,-0.814697265625,-0.7019042372703552,0.4882812201976776,0.4272460639476776,80.0,7649.0,1.0,O,M,O,0
221040.609375,221158.359375,221377.859375,221261.0,221383.75,221620.234375,221455.109375,221560.25,-0.5126953125,0.0,-0.81494140625,-0.7019042372703552,0.5187987685203552,0.3662109076976776,80.0,7650.0,1.0,O,M,O,0
220328.578125,220445.96875,220665.90625,220549.046875,220671.984375,220908.015625,220743.515625,220848.203125,-0.513427734375,-0.00048828125,-0.81103515625,-0.7019042372703552,0.4272460639476776,0.4272460639476776,80.0,7651.0,1.0,O,M,O,0
220755.3125,220872.53125,221092.203125,220975.25,221098.375,221334.046875,221169.71875,221274.765625,-0.51318359375,-0.000732421875,-0.8115234375,-0.8239745497703552,0.4272460639476776,0.5493163466453552,80.0,7652.0,1.0,O,M,O,0
221541.921875,221659.3125,221878.890625,221761.765625,221884.53125,222120.734375,221956.3125,222061.8125,-0.514892578125,-0.000244140625,-0.8125,-0.7629393935203552,0.5187987685203552,0.4272460639476776,80.0,7653.0,1.0,O,M,O,0
221238.734375,221356.84375,221575.796875,221458.765625,221581.25,221817.921875,221653.234375,221758.734375,-0.514892578125,0.001953125,-0.813720703125,-0.7629393935203552,0.3967284858226776,0.4882812201976776,80.0,7654.0,1.0,O,M,O,0
220438.1875,220556.03125,220774.8125,220658.578125,220781.0625,221016.734375,220852.59375,220957.828125,-0.516357421875,0.0,-0.811767578125,-0.8239745497703552,0.3356933295726776,0.4882812201976776,80.0,7655.0,1.0,O,M,O,0
220663.046875,220780.890625,221000.015625,220883.53125,221006.1875,221242.21875,221077.890625,221182.6875,-0.514892578125,-0.00146484375,-0.8115234375,-0.8544921278953552,0.3967284858226776,0.5493163466453552,80.0,7656.0,1.0,O,M,O,0
221516.703125,221634.359375,221853.953125,221737.09375,221859.765625,222096.59375,221931.375,222036.703125,-0.51416015625,-0.00048828125,-0.8115234375,-0.8239745497703552,0.3967284858226776,0.5187987685203552,80.0,7657.0,1.0,O,M,O,0
221424.4375,221542.28125,221761.859375,221644.640625,221767.671875,222004.234375,221839.203125,221944.25,-0.512939453125,-0.000732421875,-0.814208984375,-0.7934569716453552,0.3967284858226776,0.3051757514476776,80.0,7658.0,1.0,O,M,O,0
220581.328125,220698.8125,220918.390625,220801.359375,220924.65625,221160.859375,220995.828125,221100.421875,-0.51220703125,0.00048828125,-0.81396484375,-0.6713866591453552,0.4577636420726776,0.3662109076976776,80.0,7659.0,1.0,O,M,O,0
220591.25,220708.828125,220928.3125,220811.1875,220934.046875,221170.609375,221005.5625,221110.4375,-0.5126953125,0.000732421875,-0.814453125,-0.7019042372703552,0.4882812201976776,0.3967284858226776,80.0,7660.0,1.0,O,M,O,0
221461.09375,221578.75,221798.0625,221681.390625,221804.0625,222040.71875,221875.765625,221980.640625,-0.513427734375,0.00048828125,-0.813232421875,-0.7324218153953552,0.5187987685203552,0.3662109076976776,80.0,7661.0,1.0,O,M,O,0
221586.171875,221704.1875,221923.421875,221806.390625,221929.046875,222166.34375,222001.015625,222106.078125,-0.51220703125,-0.00048828125,-0.810546875,-0.6713866591453552,0.4577636420726776,0.4577636420726776,80.0,7662.0,1.0,O,M,O,0
220756.75,220874.234375,221094.078125,220976.78125,221099.53125,221336.46875,221171.328125,221276.109375,-0.513427734375,0.000244140625,-0.81005859375,-0.6103515028953552,0.4577636420726776,0.3967284858226776,80.0,7663.0,1.0,O,M,O,0
220548.515625,220665.734375,220885.3125,220768.734375,220891.03125,221127.703125,220963.015625,221067.25,-0.5126953125,-0.001220703125,-0.8095703125,-0.7934569716453552,0.5187987685203552,0.4577636420726776,80.0,7664.0,1.0,O,M,O,0
221372.84375,221490.6875,221709.921875,221593.0625,221715.8125,221952.390625,221787.609375,221892.578125,-0.513916015625,0.00048828125,-0.808837890625,-0.7934569716453552,0.5187987685203552,0.4577636420726776,80.0,7665.0,1.0,O,M,O,0
221709.015625,221826.6875,222046.359375,221929.40625,222052.4375,222288.828125,222124.21875,222229.28125,-0.5166015625,0.001953125,-0.80908203125,-0.7934569716453552,0.4577636420726776,0.5187987685203552,80.0,7666.0,1.0,O,M,O,0
220950.140625,221067.53125,221287.46875,221170.34375,221293.546875,221529.3125,221365.25,221470.125,-0.5146484375,0.0009765625,-0.810791015625,-0.7324218153953552,0.3967284858226776,0.3967284858226776,80.0,7667.0,1.0,O,M,O,0
220540.65625,220658.484375,220878.25,220761.484375,220884.328125,221120.0,220955.859375,221060.46875,-0.514892578125,0.00146484375,-0.813232421875,-0.7629393935203552,0.4577636420726776,0.4272460639476776,80.0,7668.0,1.0,O,M,O,0
221271.1875,221388.859375,221608.703125,221491.671875,221614.703125,221850.8125,221686.046875,221791.09375,-0.5146484375,0.0009765625,-0.81201171875,-0.7629393935203552,0.4577636420726776,0.4882812201976776,80.0,7669.0,1.0,O,M,O,0
221796.28125,221913.84375,222133.4375,222016.671875,222139.609375,222376.078125,222211.046875,222316.359375,-0.514892578125,0.000732421875,-0.8095703125,-0.7324218153953552,0.4882812201976776,0.4577636420726776,80.0,7670.0,1.0,O,M,O,0
221155.40625,221272.984375,221492.921875,221375.703125,221498.734375,221735.125,221569.8125,221675.140625,-0.512939453125,0.0,-0.8095703125,-0.6103515028953552,0.5493163466453552,0.4577636420726776,80.0,7671.0,1.0,O,M,O,0
220570.6875,220688.0,220907.671875,220790.90625,220913.828125,221150.046875,220985.1875,221089.875,-0.51220703125,0.00244140625,-0.80859375,-0.6408690810203552,0.5798339247703552,0.3967284858226776,80.0,7672.0,1.0,O,M,O,0
221160.515625,221277.984375,221497.65625,221380.53125,221503.46875,221739.59375,221575.0,221679.609375,-0.5146484375,-0.00048828125,-0.810302734375,-0.6713866591453552,0.3967284858226776,0.4882812201976776,80.0,7673.0,1.0,O,M,O,0
221842.5,221959.71875,222179.5625,222062.453125,222185.203125,222421.5,222256.734375,222361.953125,-0.515625,0.000244140625,-0.8095703125,-0.7019042372703552,0.4577636420726776,0.3967284858226776,80.0,7674.0,1.0,O,M,O,0
221364.265625,221481.484375,221701.421875,221584.203125,221706.78125,221943.359375,221778.484375,221883.546875,-0.517578125,0.00048828125,-0.8095703125,-0.6408690810203552,0.4272460639476776,0.3967284858226776,80.0,7675.0,1.0,O,M,O,0
220645.171875,220762.640625,220982.234375,220865.546875,220988.046875,221224.25,221059.5625,221164.4375,-0.512451171875,0.00048828125,-0.812744140625,-0.7324218153953552,0.4577636420726776,0.4882812201976776,80.0,7676.0,1.0,O,M,O,0
221055.09375,221172.21875,221391.890625,221274.953125,221397.96875,221633.921875,221469.234375,221574.546875,-0.512939453125,0.00048828125,-0.81298828125,-0.7934569716453552,0.4272460639476776,0.4272460639476776,80.0,7677.0,1.0,O,M,O,0
221851.359375,221968.390625,222187.96875,222071.390625,222194.140625,222430.625,222265.3125,222371.078125,-0.51513671875,0.00048828125,-0.81201171875,-0.6713866591453552,0.3967284858226776,0.4272460639476776,80.0,7678.0,1.0,O,M,O,0
221565.796875,221683.0,221902.40625,221786.0,221908.84375,222145.0625,221980.015625,222085.421875,-0.515380859375,0.0009765625,-0.81396484375,-0.7324218153953552,0.4577636420726776,0.4577636420726776,80.0,7679.0,1.0,O,M,O,0
220756.03125,220873.515625,221093.0,220976.328125,221099.265625,221335.390625,221170.796875,221275.484375,-0.513916015625,-0.000244140625,-0.8115234375,-0.8239745497703552,0.5187987685203552,0.3967284858226776,80.0,7680.0,1.0,O,M,O,0
220962.921875,221080.578125,221300.078125,221183.390625,221306.234375,221542.359375,221377.5,221482.90625,-0.51416015625,0.000244140625,-0.811279296875,-0.7934569716453552,0.5798339247703552,0.3967284858226776,80.0,7681.0,1.0,O,M,O,0
221819.703125,221937.453125,222156.859375,222040.1875,222162.5,222399.328125,222234.203125,222340.328125,-0.51318359375,0.000732421875,-0.812744140625,-0.8239745497703552,0.4577636420726776,0.3967284858226776,80.0,7682.0,1.0,O,M,O,0
221748.453125,221866.015625,222085.25,221968.75,222091.328125,222327.71875,222162.84375,222268.34375,-0.515625,0.002685546875,-0.8125,-0.8544921278953552,0.5187987685203552,0.3051757514476776,80.0,7683.0,1.0,O,M,O,0
220905.96875,221023.890625,221242.671875,221126.09375,221249.015625,221485.140625,221320.375,221425.25,-0.514892578125,0.00146484375,-0.808837890625,-0.7019042372703552,0.4882812201976776,0.3051757514476776,80.0,7684.0,1.0,O,M,O,0
220893.625,221011.5625,221230.6875,221113.65625,221236.859375,221472.890625,221308.03125,221413.265625,-0.512451171875,0.000244140625,-0.810546875,-0.7019042372703552,0.4882812201976776,0.3356933295726776,80.0,7685.0,1.0,O,M,O,0
221759.53125,221877.1875,222096.515625,221979.75,222102.765625,222339.078125,222174.03125,222279.4375,-0.513427734375,-0.000244140625,-0.811279296875,-0.7019042372703552,0.6103515028953552,0.3051757514476776,80.0,7686.0,1.0,O,M,O,0
221902.859375,222020.421875,222239.46875,222122.96875,222246.0,222482.03125,222317.609375,222422.578125,-0.513916015625,0.0,-0.8125,-0.6713866591453552,0.5493163466453552,0.3356933295726776,80.0,7687.0,1.0,O,M,O,0
221077.625,221195.28125,221414.15625,221297.75,221420.953125,221656.71875,221492.296875,221597.078125,-0.512939453125,-0.000244140625,-0.811767578125,-0.6408690810203552,0.5493163466453552,0.3967284858226776,80.0,7688.0,1.0,O,M,O,0
220851.421875,220969.0,221188.046875,221072.0,221194.484375,221430.703125,221266.09375,221371.0625,-0.513427734375,0.00048828125,-0.812744140625,-0.6713866591453552,0.4577636420726776,0.4272460639476776,80.0,7689.0,1.0,O,M,O,0
221670.9375,221788.859375,222007.90625,221891.328125,222014.25,222250.375,222085.6875,222190.921875,-0.514404296875,0.001708984375,-0.811767578125,-0.7629393935203552,0.5187987685203552,0.4882812201976776,80.0,7690.0,1.0,O,M,O,0
222023.828125,222141.921875,222360.96875,222244.390625,222367.0625,222603.171875,222438.765625,222544.078125,-0.5126953125,0.0009765625,-0.813232421875,-0.8544921278953552,0.4577636420726776,0.5493163466453552,80.0,7691.0,1.0,O,M,O,0
221271.90625,221389.75,221608.53125,221492.125,221614.875,221851.359375,221686.484375,221791.546875,-0.51318359375,0.000732421875,-0.810546875,-0.8239745497703552,0.4882812201976776,0.5493163466453552,80.0,7692.0,1.0,O,M,O,0
220845.890625,220963.453125,221182.6875,221065.828125,221188.9375,221424.96875,221260.734375,221365.78125,-0.51123046875,0.001220703125,-0.809814453125,-0.7934569716453552,0.4272460639476776,0.4882812201976776,80.0,7693.0,1.0,O,M,O,0
221564.71875,221682.375,221901.25,221784.5625,221907.59375,222144.078125,221979.46875,222084.34375,-0.51318359375,0.001220703125,-0.80908203125,-0.8239745497703552,0.4882812201976776,0.4577636420726776,80.0,7694.0,1.0,O,M,O,0
222105.8125,222223.109375,222442.421875,222325.578125,222448.59375,222685.34375,222520.296875,222625.53125,-0.515380859375,0.00048828125,-0.81396484375,-0.7324218153953552,0.4577636420726776,0.5187987685203552,80.0,7695.0,1.0,O,M,O,0
221480.3125,221598.0625,221817.296875,221700.34375,221823.546875,222059.5,221894.984375,222000.125,-0.515380859375,-0.001220703125,-0.810791015625,-0.7629393935203552,0.4577636420726776,0.5493163466453552,80.0,7696.0,1.0,O,M,O,0
220882.71875,221000.203125,221219.515625,221102.65625,221225.859375,221461.453125,221296.9375,221402.171875,-0.515869140625,-0.000732421875,-0.810546875,-0.7019042372703552,0.5493163466453552,0.5798339247703552,80.0,7697.0,1.0,O,M,O,0
221456.171875,221573.5625,221792.703125,221675.9375,221798.96875,222035.0,221870.40625,221975.71875,-0.513916015625,0.0,-0.810302734375,-0.7324218153953552,0.4882812201976776,0.4577636420726776,80.0,7698.0,1.0,O,M,O,0
222150.25,222267.640625,222486.953125,222370.1875,222493.03125,222729.78125,222564.46875,222670.140625,-0.51220703125,0.000732421875,-0.810302734375,-0.7324218153953552,0.4577636420726776,0.4272460639476776,80.0,7699.0,1.0,O,M,O,0
221686.84375,221804.234375,222023.734375,221907.0625,222030.078125,222266.296875,222101.609375,222206.65625,-0.5126953125,0.001708984375,-0.8095703125,-0.6103515028953552,0.4577636420726776,0.4577636420726776,80.0,7700.0,1.0,O,M,O,0
220957.109375,221074.046875,221293.546875,221177.5,221300.15625,221536.203125,221371.78125,221476.828125,-0.512451171875,0.001220703125,-0.81005859375,-0.6408690810203552,0.4577636420726776,0.4577636420726776,80.0,7701.0,1.0,O,M,O,0
221350.40625,221467.625,221687.109375,221570.53125,221693.46875,221929.5,221764.8125,221870.125,-0.51416015625,-0.00146484375,-0.814208984375,-0.7019042372703552,0.4882812201976776,0.4272460639476776,80.0,7702.0,1.0,O,M,O,0
222153.015625,222270.765625,222490.265625,222373.40625,222496.25,222732.46875,222567.953125,222673.546875,-0.5146484375,-0.001953125,-0.812255859375,-0.8544921278953552,0.4272460639476776,0.4577636420726776,80.0,7703.0,1.0,O,M,O,0
221886.21875,222003.890625,222223.109375,222106.703125,222229.453125,222465.578125,222300.890625,222406.484375,-0.514892578125,0.001220703125,-0.81298828125,-0.7629393935203552,0.4577636420726776,0.4577636420726776,80.0,7704.0,1.0,O,M,O,0
221072.4375,221190.015625,221408.96875,221292.65625,221415.59375,221651.4375,221487.109375,221592.078125,-0.513671875,0.000732421875,-0.812744140625,-0.7934569716453552,0.4272460639476776,0.4882812201976776,80.0,7705.0,1.0,O,M,O,0
221258.953125,221376.34375,221595.109375,221478.890625,221601.828125,221837.765625,221673.34375,221778.671875,-0.513427734375,0.001220703125,-0.812744140625,-0.8544921278953552,0.4577636420726776,0.5187987685203552,80.0,7706.0,1.0,O,M,O,0
222118.59375,222236.15625,222455.203125,222338.53125,222461.5625,222697.6875,222533.265625,222638.578125,-0.512451171875,0.000244140625,-0.8115234375,-0.8544921278953552,0.4577636420726776,0.5187987685203552,80.0,7707.0,1.0,O,M,O,0
222063.78125,222181.359375,222400.671875,222284.0,222406.84375,222643.0625,222478.546875,222583.875,-0.511962890625,0.000732421875,-0.8095703125,-0.8239745497703552,0.5187987685203552,0.3662109076976776,80.0,7708.0,1.0,O,M,O,0
221218.265625,221335.296875,221554.796875,221438.5625,221561.3125,221797.265625,221632.75,221738.078125,-0.51416015625,-0.0009765625,-0.8125,-0.6713866591453552,0.5798339247703552,0.4882812201976776,80.0,7709.0,1.0,O,M,O,0
221186.609375,221304.28125,221523.59375,221406.90625,221530.03125,221766.15625,221601.828125,221706.515625,-0.514892578125,0.00048828125,-0.813232421875,-0.7934569716453552,0.5187987685203552,0.5798339247703552,80.0,7710.0,1.0,O,M,O,0
222051.890625,222169.640625,222388.6875,222272.015625,222395.125,222631.34375,222466.5625,222572.0625,-0.51416015625,0.00048828125,-0.8095703125,-0.7629393935203552,0.4882812201976776,0.4272460639476776,80.0,7711.0,1.0,O,M,O,0
222216.40625,222334.0625,222553.109375,222436.609375,222559.734375,222795.765625,222630.984375,222736.578125,-0.512939453125,0.0,-0.810546875,-0.6713866591453552,0.5798339247703552,0.5187987685203552,80.0,7712.0,1.0,O,M,O,0
221396.09375,221513.671875,221732.71875,221616.484375,221739.328125,221975.453125,221810.765625,221916.09375,-0.51025390625,0.00146484375,-0.81103515625,-0.7324218153953552,0.4882812201976776,0.4272460639476776,80.0,7713.0,1.0,O,M,O,0
221149.421875,221267.265625,221486.046875,221369.984375,221492.65625,221729.046875,221564.1875,221669.6875,-0.5126953125,0.000732421875,-0.811279296875,-0.7324218153953552,0.4882812201976776,0.4577636420726776,80.0,7714.0,1.0,O,M,O,0
221962.40625,222080.328125,222299.109375,222182.96875,222305.640625,222541.9375,222377.15625,222482.484375,-0.51513671875,0.00048828125,-0.811767578125,-0.7324218153953552,0.4882812201976776,0.4882812201976776,80.0,7715.0,1.0,O,M,O,0
222334.875,222452.4375,222671.578125,222555.25,222677.921875,222914.3125,222749.265625,222854.59375,-0.516357421875,0.000244140625,-0.814453125,-0.8544921278953552,0.4577636420726776,0.4272460639476776,80.0,7716.0,1.0,O,M,O,0
221592.796875,221710.1875,221929.5,221813.171875,221935.75,222171.875,222007.375,222112.515625,-0.515625,0.001220703125,-0.815673828125,-0.7934569716453552,0.4577636420726776,0.4577636420726776,80.0,7717.0,1.0,O,M,O,0
221150.40625,221267.796875,221487.015625,221370.703125,221493.453125,221729.40625,221565.078125,221669.953125,-0.515869140625,0.00048828125,-0.81396484375,-0.7934569716453552,0.4882812201976776,0.5187987685203552,80.0,7718.0,1.0,O,M,O,0
221859.046875,221976.4375,222195.578125,222079.171875,222202.09375,222438.21875,222273.71875,222378.953125,-0.5146484375,-0.000244140625,-0.8095703125,-0.7629393935203552,0.4577636420726776,0.4577636420726776,80.0,7719.0,1.0,O,M,O,0
222413.8125,222531.65625,222750.609375,222633.75,222756.6875,222993.171875,222828.484375,222934.25,-0.5126953125,0.001708984375,-0.80908203125,-0.8239745497703552,0.4577636420726776,0.5187987685203552,80.0,7720.0,1.0,O,M,O,0
221796.1875,221913.84375,222132.8125,222015.953125,222139.0625,222375.1875,222210.6875,222316.359375,-0.514892578125,0.000732421875,-0.8095703125,-0.7324218153953552,0.4577636420726776,0.4577636420726776,80.0,7721.0,1.0,O,M,O,0
221186.34375,221304.09375,221522.96875,221406.375,221529.140625,221765.34375,221600.84375,221705.796875,-0.51513671875,0.001953125,-0.80908203125,-0.6713866591453552,0.3662109076976776,0.4577636420726776,80.0,7722.0,1.0,O,M,O,0
221746.578125,221864.046875,222083.28125,221966.515625,222089.453125,222325.484375,222161.0625,222266.390625,-0.51416015625,0.001708984375,-0.81103515625,-0.7324218153953552,0.4577636420726776,0.5187987685203552,80.0,7723.0,1.0,O,M,O,0
222451.984375,222569.828125,222789.328125,222672.375,222794.953125,223031.53125,222866.84375,222972.4375,-0.513427734375,0.0,-0.81494140625,-0.7324218153953552,0.4882812201976776,0.3662109076976776,80.0,7724.0,1.0,O,M,O,0
222005.84375,222123.515625,222342.921875,222225.875,222348.90625,222585.484375,222420.796875,222526.203125,-0.514404296875,0.00048828125,-0.814453125,-0.6408690810203552,0.4577636420726776,0.3662109076976776,80.0,7725.0,1.0,O,M,O,0
221267.34375,221384.828125,221604.234375,221487.46875,221610.40625,221846.703125,221682.203125,221787.15625,-0.51513671875,0.0,-0.814208984375,-0.7019042372703552,0.4882812201976776,0.4272460639476776,80.0,7726.0,1.0,O,M,O,0
221644.015625,221761.140625,221980.375,221864.140625,221986.71875,222222.9375,222058.421875,222163.828125,-0.513671875,-0.000732421875,-0.813720703125,-0.6713866591453552,0.4272460639476776,0.5187987685203552,80.0,7727.0,1.0,O,M,O,0
222454.859375,222571.890625,222791.375,222674.96875,222797.8125,223034.484375,222869.4375,222974.9375,-0.513671875,0.001220703125,-0.812744140625,-0.7934569716453552,0.4577636420726776,0.5798339247703552,80.0,7728.0,1.0,O,M,O,0
222205.59375,222322.984375,222542.5625,222425.53125,222548.90625,222785.296875,222620.171875,222725.578125,-0.513671875,0.00048828125,-0.80908203125,-0.7324218153953552,0.4577636420726776,0.4882812201976776,80.0,7729.0,1.0,O,M,O,0
221385.71875,221503.5625,221722.609375,221606.203125,221729.140625,221965.0,221800.65625,221905.71875,-0.51318359375,-0.00146484375,-0.809814453125,-0.7629393935203552,0.4882812201976776,0.5187987685203552,80.0,7730.0,1.0,O,M,O,0
221555.59375,221672.90625,221892.296875,221775.984375,221898.828125,222134.59375,221969.90625,222075.5,-0.513427734375,-0.00048828125,-0.812255859375,-0.7019042372703552,0.3967284858226776,0.4882812201976776,80.0,7731.0,1.0,O,M,O,0
222419.1875,222536.921875,222756.25,222639.390625,222762.328125,222998.453125,222833.9375,222939.96875,-0.513671875,-0.000244140625,-0.814453125,-0.7324218153953552,0.4272460639476776,0.4272460639476776,80.0,7732.0,1.0,O,M,O,0
222382.34375,222500.265625,222719.234375,222602.46875,222725.75,222961.875,222797.28125,222903.046875,-0.5146484375,0.00146484375,-0.813232421875,-0.7324218153953552,0.4577636420726776,0.4272460639476776,80.0,7733.0,1.0,O,M,O,0
221534.9375,221652.515625,221871.5625,221755.15625,221878.09375,222114.125,221949.609375,222055.109375,-0.51611328125,0.001953125,-0.810791015625,-0.8239745497703552,0.5493163466453552,0.5798339247703552,80.0,7734.0,1.0,O,M,O,0
221485.140625,221602.71875,221821.9375,221705.359375,221828.203125,222064.328125,221900.0,222005.140625,-0.514892578125,0.00048828125,-0.811279296875,-0.8239745497703552,0.6103515028953552,0.4272460639476776,80.0,7735.0,1.0,O,M,O,0
222348.546875,222466.125,222685.609375,222568.9375,222691.875,222928.171875,222763.21875,222868.71875,-0.5126953125,0.0,-0.810302734375,-0.7934569716453552,0.5493163466453552,0.4272460639476776,80.0,7736.0,1.0,O,M,O,0
222529.421875,222646.984375,222866.484375,222749.984375,222872.734375,223108.953125,222944.265625,223049.859375,-0.51123046875,0.0009765625,-0.810791015625,-0.8544921278953552,0.4882812201976776,0.4272460639476776,80.0,7737.0,1.0,O,M,O,0
221713.671875,221831.15625,222050.5625,221933.96875,222056.453125,222292.765625,222128.609375,222233.921875,-0.511962890625,0.001953125,-0.811279296875,-0.7629393935203552,0.3662109076976776,0.3356933295726776,80.0,7738.0,1.0,O,M,O,0
221450.90625,221568.296875,221787.78125,221671.109375,221793.78125,222030.078125,221865.578125,221970.796875,-0.513427734375,-0.000732421875,-0.81103515625,-0.7934569716453552,0.3356933295726776,0.3356933295726776,80.0,7739.0,1.0,O,M,O,0
222256.640625,222374.203125,222593.25,222476.671875,222599.515625,222836.078125,222671.125,222776.8125,-0.513427734375,0.001708984375,-0.815673828125,-0.7934569716453552,0.4577636420726776,0.3662109076976776,80.0,7740.0,1.0,O,M,O,0
222646.28125,222763.75,222983.421875,222866.390625,222989.328125,223225.8125,223060.859375,223166.796875,-0.513916015625,0.001953125,-0.811767578125,-0.7629393935203552,0.4272460639476776,0.4272460639476776,80.0,7741.0,1.0,O,M,O,0
221913.140625,222030.96875,222250.203125,222133.53125,222256.453125,222492.578125,222327.8125,222433.484375,-0.513671875,0.000732421875,-0.8115234375,-0.7324218153953552,0.4882812201976776,0.4882812201976776,80.0,7742.0,1.0,O,M,O,0
221453.046875,221571.25,221789.84375,221673.4375,221796.453125,222032.765625,221867.890625,221973.3125,-0.513427734375,0.00146484375,-0.810302734375,-0.7324218153953552,0.3662109076976776,0.4577636420726776,80.0,7743.0,1.0,O,M,O,0
222150.875,222268.53125,222487.390625,222370.90625,222493.65625,222730.046875,222565.453125,222670.859375,-0.5146484375,0.001220703125,-0.81005859375,-0.7019042372703552,0.3967284858226776,0.4882812201976776,80.0,7744.0,1.0,O,M,O,0
222722.0,222839.390625,223058.890625,222942.03125,223064.875,223301.453125,223136.3125,223242.34375,-0.514892578125,0.002197265625,-0.810791015625,-0.7629393935203552,0.4272460639476776,0.4272460639476776,80.0,7745.0,1.0,O,M,O,0
222121.1875,222238.75,222457.984375,222340.765625,222463.890625,222700.546875,222535.59375,222641.09375,-0.512939453125,0.0009765625,-0.810546875,-0.6408690810203552,0.3967284858226776,0.3967284858226776,80.0,7746.0,1.0,O,M,O,0
221496.40625,221613.796875,221833.03125,221715.8125,221838.921875,222075.59375,221910.90625,222015.6875,-0.512939453125,0.0,-0.81298828125,-0.6713866591453552,0.4577636420726776,0.4272460639476776,80.0,7747.0,1.0,O,M,O,0
222042.421875,222160.171875,222379.390625,222262.53125,222385.46875,222622.140625,222457.265625,222562.59375,-0.512939453125,-0.00048828125,-0.81298828125,-0.6408690810203552,0.4882812201976776,0.3967284858226776,80.0,7748.0,1.0,O,M,O,0
222759.109375,222877.296875,223096.703125,222979.765625,223102.609375,223339.53125,223174.3125,223280.078125,-0.5146484375,0.00048828125,-0.8125,-0.7019042372703552,0.4882812201976776,0.3662109076976776,80.0,7749.0,1.0,O,M,O,0
222326.109375,222444.484375,222663.703125,222546.140625,222669.25,222906.171875,222741.21875,222846.8125,-0.513671875,0.00048828125,-0.810302734375,-0.6408690810203552,0.4272460639476776,0.3662109076976776,80.0,7750.0,1.0,O,M,O,0
221576.78125,221694.984375,221914.203125,221797.171875,221920.015625,222156.40625,221991.8125,222096.875,-0.513916015625,0.001953125,-0.810302734375,-0.7629393935203552,0.4577636420726776,0.4577636420726776,80.0,7751.0,1.0,O,F,O,0
221933.796875,222051.71875,222271.125,222154.359375,222277.375,222513.5,222348.8125,222454.5,-0.5146484375,0.0029296875,-0.809814453125,-0.7324218153953552,0.4272460639476776,0.4577636420726776,80.0,7752.0,1.0,O,F,O,0
222750.609375,222868.265625,223087.765625,222970.90625,223093.9375,223330.421875,223165.453125,223271.3125,-0.51318359375,0.001953125,-0.80810546875,-0.6713866591453552,0.3967284858226776,0.3967284858226776,80.0,7753.0,1.0,O,F,O,0
222521.109375,222638.859375,222858.4375,222741.484375,222864.0625,223101.09375,222936.3125,223041.625,-0.5146484375,0.002197265625,-0.8125,-0.7324218153953552,0.4272460639476776,0.4577636420726776,80.0,7754.0,1.0,O,F,O,0
221699.28125,221817.296875,222036.703125,221919.84375,222042.0625,222278.8125,222114.484375,222219.890625,-0.513916015625,0.0009765625,-0.8134765625,-0.7324218153953552,0.5187987685203552,0.4272460639476776,80.0,7755.0,1.0,O,F,O,0
221848.046875,221965.96875,222185.375,222068.796875,222191.1875,222427.21875,222262.890625,222368.21875,-0.512939453125,0.000732421875,-0.81201171875,-0.7324218153953552,0.3662109076976776,0.4272460639476776,80.0,7756.0,1.0,O,F,O,0
222711.09375,222829.296875,223048.609375,222931.75,223054.421875,223290.625,223126.125,223232.0625,-0.513427734375,0.001953125,-0.809326171875,-0.6713866591453552,0.4272460639476776,0.4882812201976776,80.0,7757.0,1.0,O,F,O,0
222695.265625,222813.28125,223032.78125,222915.390625,223038.765625,223274.890625,223109.84375,223216.0625,-0.51416015625,0.0009765625,-0.810791015625,-0.7934569716453552,0.3662109076976776,0.5187987685203552,80.0,7758.0,1.0,O,F,O,0
221849.03125,221967.140625,222186.09375,222069.0625,222192.09375,222428.484375,222263.875,222369.375,-0.515380859375,0.00146484375,-0.81201171875,-0.7629393935203552,0.3662109076976776,0.3967284858226776,80.0,7759.0,1.0,O,F,O,0
221779.921875,221898.109375,222117.078125,221999.953125,222122.890625,222359.09375,222194.953125,222300.09375,-0.51416015625,0.001708984375,-0.8134765625,-0.6408690810203552,0.4882812201976776,0.4882812201976776,80.0,7760.0,1.0,O,F,O,0
222638.671875,222756.875,222975.46875,222858.609375,222981.28125,223218.203125,223053.4375,223159.296875,-0.513916015625,0.0009765625,-0.81103515625,-0.6713866591453552,0.5798339247703552,0.3662109076976776,80.0,7761.0,1.0,O,F,O,0
222840.46875,222958.75,223177.703125,223060.9375,223183.515625,223420.453125,223255.3125,223361.265625,-0.51220703125,0.001220703125,-0.809814453125,-0.7019042372703552,0.5187987685203552,0.4577636420726776,80.0,7762.0,1.0,O,F,O,0
222029.1875,222147.296875,222366.515625,222249.75,222372.59375,222609.265625,222444.484375,222550.15625,-0.513427734375,0.001220703125,-0.8095703125,-0.7934569716453552,0.3967284858226776,0.4272460639476776,80.0,7763.0,1.0,O,F,O,0
221750.859375,221868.4375,222087.484375,221970.796875,222093.734375,222330.046875,222165.53125,222271.03125,-0.51416015625,0.00048828125,-0.8095703125,-0.7629393935203552,0.4577636420726776,0.4577636420726776,80.0,7764.0,1.0,O,F,O,0
222551.0625,222668.71875,222887.3125,222770.375,222893.390625,223130.0625,222965.453125,223071.21875,-0.514404296875,0.0009765625,-0.808349609375,-0.7019042372703552,0.4882812201976776,0.4577636420726776,80.0,7765.0,1.0,O,F,O,0
222956.25,223073.8125,223292.6875,223175.828125,223298.59375,223535.34375,223370.828125,223476.6875,-0.513916015625,0.000244140625,-0.813232421875,-0.7324218153953552,0.4272460639476776,0.3967284858226776,80.0,7766.0,1.0,O,F,O,0
222232.046875,222350.0625,222569.203125,222452.265625,222575.28125,222811.3125,222647.25,222752.40625,-0.5126953125,-0.000244140625,-0.81201171875,-0.7019042372703552,0.4882812201976776,0.4882812201976776,80.0,7767.0,1.0,O,F,O,0
221757.390625,221875.40625,222094.453125,221977.515625,222100.890625,222336.5625,222172.5,222277.46875,-0.5126953125,0.001953125,-0.80859375,-0.6713866591453552,0.5187987685203552,0.4272460639476776,80.0,7768.0,1.0,O,F,O,0
222443.5,222561.515625,222780.65625,222663.703125,222787.09375,223023.125,222858.609375,222964.109375,-0.5126953125,0.001708984375,-0.8095703125,-0.7324218153953552,0.4272460639476776,0.4272460639476776,80.0,7769.0,1.0,O,F,O,0
223025.984375,223144.265625,223363.046875,223246.375,223369.21875,223605.875,223441.109375,223546.875,-0.51318359375,0.0009765625,-0.810302734375,-0.7019042372703552,0.4272460639476776,0.4577636420726776,80.0,7770.0,1.0,O,F,O,0
222438.578125,222556.78125,222775.375,222658.796875,222781.640625,223018.390625,222853.703125,222959.46875,-0.513671875,-0.00048828125,-0.811279296875,-0.7019042372703552,0.3967284858226776,0.4882812201976776,80.0,7771.0,1.0,O,F,O,0
221802.453125,221920.5625,222139.78125,222022.84375,222145.59375,222382.078125,222217.75,222323.0625,-0.514404296875,0.001220703125,-0.81298828125,-0.7324218153953552,0.4272460639476776,0.3662109076976776,80.0,7772.0,1.0,O,F,O,0
222331.734375,222449.578125,222668.796875,222551.5,222674.609375,222911.09375,222746.671875,222852.265625,-0.51318359375,-0.000732421875,-0.812744140625,-0.7324218153953552,0.4272460639476776,0.4577636420726776,80.0,7773.0,1.0,O,F,O,0
223061.03125,223179.140625,223398.1875,223281.234375,223404.265625,223640.75,223475.96875,223581.828125,-0.51318359375,0.001220703125,-0.810302734375,-0.5798339247703552,0.3967284858226776,0.5187987685203552,80.0,7774.0,1.0,O,F,O,0
222647.703125,222765.625,222984.859375,222867.828125,222990.671875,223227.421875,223062.546875,223168.40625,-0.512939453125,0.001220703125,-0.810791015625,-0.6713866591453552,0.4882812201976776,0.4577636420726776,80.0,7775.0,1.0,O,F,O,0
221888.453125,222006.125,222225.609375,222108.578125,222231.421875,222468.078125,222303.578125,222408.890625,-0.513671875,0.001708984375,-0.812255859375,-0.7019042372703552,0.3356933295726776,0.4882812201976776,80.0,7776.0,1.0,O,F,O,0
222229.1875,222347.125,222566.4375,222449.40625,222572.0625,222808.71875,222644.21875,222749.625,-0.51513671875,-0.000244140625,-0.811279296875,-0.7324218153953552,0.3967284858226776,0.4272460639476776,80.0,7777.0,1.0,O,F,O,0
223053.25,223171.09375,223390.3125,223273.46875,223396.21875,223633.0625,223468.109375,223573.875,-0.513427734375,0.00146484375,-0.810546875,-0.7934569716453552,0.4272460639476776,0.3356933295726776,80.0,7778.0,1.0,O,F,O,0
222841.984375,222959.90625,223178.875,223062.28125,223184.953125,223421.875,223256.921875,223362.6875,-0.512451171875,-0.000244140625,-0.8115234375,-0.7019042372703552,0.4272460639476776,0.3967284858226776,80.0,7779.0,1.0,O,F,O,0
222013.890625,222131.5625,222350.78125,222234.109375,222356.78125,222593.515625,222428.5625,222533.984375,-0.5126953125,0.0009765625,-0.81396484375,-0.7934569716453552,0.4577636420726776,0.4272460639476776,80.0,7780.0,1.0,O,F,O,0
222143.0,222260.921875,222480.0625,222362.765625,222485.96875,222722.8125,222558.03125,222663.265625,-0.51123046875,0.000732421875,-0.810302734375,-0.8239745497703552,0.5798339247703552,0.3967284858226776,80.0,7781.0,1.0,O,F,O,0
223010.34375,223128.453125,223347.40625,223230.453125,223353.390625,223590.140625,223424.921875,223531.21875,-0.511962890625,0.000244140625,-0.809814453125,-0.7934569716453552,0.5493163466453552,0.4272460639476776,80.0,7782.0,1.0,O,F,O,0
223013.46875,223131.65625,223350.625,223233.671875,223356.796875,223593.546875,223428.046875,223534.703125,-0.513671875,0.000244140625,-0.811279296875,-0.8544921278953552,0.4882812201976776,0.3662109076976776,80.0,7783.0,1.0,O,F,O,0
222169.28125,222287.296875,222506.078125,222389.046875,222511.890625,222748.734375,222584.140625,222689.90625,-0.514404296875,-0.000244140625,-0.813720703125,-0.7019042372703552,0.4272460639476776,0.4577636420726776,80.0,7784.0,1.0,O,F,O,0
222080.953125,222198.703125,222417.75,222300.53125,222423.375,222660.046875,222495.796875,222600.9375,-0.515380859375,-0.0009765625,-0.8125,-0.6103515028953552,0.4882812201976776,0.4577636420726776,80.0,7785.0,1.0,O,F,O,0
222936.125,223053.96875,223272.75,223155.453125,223278.5625,223515.578125,223350.53125,223456.484375,-0.5146484375,0.000244140625,-0.810546875,-0.6408690810203552,0.4272460639476776,0.4577636420726776,80.0,7786.0,1.0,O,F,O,0
223155.890625,223273.828125,223492.59375,223375.65625,223498.859375,223735.515625,223570.921875,223676.59375,-0.513916015625,-0.00146484375,-0.8125,-0.6103515028953552,0.3356933295726776,0.4272460639476776,80.0,7787.0,1.0,O,F,O,0
222350.515625,222468.4375,222687.484375,222570.453125,222693.390625,222929.875,222765.8125,222870.953125,-0.513671875,-0.002197265625,-0.813720703125,-0.7019042372703552,0.3662109076976776,0.3967284858226776,80.0,7788.0,1.0,O,F,O,0
222050.734375,222168.390625,222387.625,222270.578125,222393.875,222629.90625,222465.84375,222571.078125,-0.51318359375,0.000732421875,-0.813232421875,-0.7934569716453552,0.3967284858226776,0.3662109076976776,80.0,7789.0,1.0,O,F,O,0
222839.921875,222957.59375,223176.640625,223059.328125,223182.53125,223419.203125,223254.6875,223360.09375,-0.51416015625,0.000244140625,-0.81298828125,-0.7934569716453552,0.3967284858226776,0.3356933295726776,80.0,7790.0,1.0,O,F,O,0
223261.578125,223379.671875,223598.71875,223481.328125,223604.71875,223841.828125,223676.875,223782.453125,-0.51416015625,-0.00048828125,-0.8115234375,-0.7019042372703552,0.3967284858226776,0.4577636420726776,80.0,7791.0,1.0,O,F,O,0
222549.265625,222667.1875,222886.875,222769.46875,222892.765625,223129.515625,222964.5625,223070.15625,-0.51513671875,-0.00048828125,-0.813232421875,-0.7629393935203552,0.3662109076976776,0.5187987685203552,80.0,7792.0,1.0,O,F,O,0
222061.109375,222178.671875,222397.984375,222280.875,222403.984375,222640.640625,222475.78125,222581.28125,-0.51611328125,-0.00146484375,-0.810546875,-0.7934569716453552,0.3967284858226776,0.4577636420726776,80.0,7793.0,1.0,O,F,O,0
222734.515625,222852.453125,223071.578125,222954.640625,223077.84375,223314.6875,223149.015625,223255.3125,-0.51611328125,-0.000732421875,-0.81201171875,-0.7019042372703552,0.3967284858226776,0.4882812201976776,80.0,7794.0,1.0,O,F,O,0
223331.75,223449.859375,223669.09375,223551.96875,223675.171875,223912.015625,223746.609375,223852.828125,-0.516357421875,0.002197265625,-0.811767578125,-0.7019042372703552,0.4882812201976776,0.3662109076976776,80.0,7795.0,1.0,O,F,O,0
222756.953125,222875.0625,223094.203125,222977.265625,223099.921875,223336.9375,223171.890625,223277.75,-0.514404296875,0.0009765625,-0.810546875,-0.7019042372703552,0.5187987685203552,0.4272460639476776,80.0,7796.0,1.0,O,F,O,0
222108.671875,222226.5,222445.46875,222329.0625,222451.546875,222688.390625,222523.15625,222628.65625,-0.515625,0.002197265625,-0.811767578125,-0.7324218153953552,0.4577636420726776,0.4272460639476776,80.0,7797.0,1.0,O,F,O,0
222625.0,222742.5625,222961.609375,222845.203125,222967.6875,223204.4375,223039.390625,223144.984375,-0.51513671875,0.00146484375,-0.813232421875,-0.7629393935203552,0.5493163466453552,0.4577636420726776,80.0,7798.0,1.0,O,F,O,0
223363.578125,223481.15625,223700.203125,223583.4375,223706.1875,223943.125,223778.171875,223883.84375,-0.51416015625,0.000732421875,-0.814453125,-0.7324218153953552,0.5798339247703552,0.4577636420726776,80.0,7799.0,1.0,O,F,O,0
222963.578125,223081.421875,223301.0,223183.703125,223306.71875,223543.390625,223378.34375,223484.015625,-0.51318359375,0.001953125,-0.812744140625,-0.7324218153953552,0.4272460639476776,0.4272460639476776,80.0,7800.0,1.0,O,F,O,0
222197.890625,222315.734375,222535.140625,222418.015625,222541.21875,222777.25,222612.828125,222718.0625,-0.514404296875,0.001708984375,-0.810546875,-0.7324218153953552,0.5187987685203552,0.3967284858226776,80.0,7801.0,1.0,O,F,O,0
222521.375,222639.484375,222858.609375,222741.9375,222864.875,223101.171875,222936.75,223042.171875,-0.513427734375,0.000732421875,-0.81298828125,-0.7324218153953552,0.5493163466453552,0.3051757514476776,80.0,7802.0,1.0,O,F,O,0
223350.71875,223468.8125,223688.140625,223571.1875,223694.125,223930.78125,223765.921875,223871.859375,-0.51171875,0.00048828125,-0.814208984375,-0.7019042372703552,0.4577636420726776,0.4272460639476776,80.0,7803.0,1.0,O,F,O,0
223154.46875,223272.125,223491.34375,223374.5,223497.421875,223733.734375,223569.046875,223675.171875,-0.5126953125,0.0009765625,-0.810302734375,-0.7019042372703552,0.4272460639476776,0.4577636420726776,80.0,7804.0,1.0,O,F,O,0
222321.8125,222439.65625,222658.609375,222542.375,222665.046875,222900.90625,222736.75,222842.25,-0.51318359375,0.00048828125,-0.811279296875,-0.6713866591453552,0.3051757514476776,0.4272460639476776,80.0,7805.0,1.0,O,F,O,0
222432.953125,222551.140625,222770.015625,222653.515625,222776.359375,223012.390625,222847.890625,222953.5625,-0.51416015625,0.000244140625,-0.8115234375,-0.7629393935203552,0.4577636420726776,0.4882812201976776,80.0,7806.0,1.0,O,F,O,0
223302.703125,223420.8125,223639.859375,223522.90625,223645.84375,223882.5,223717.546875,223823.5,-0.514404296875,0.001708984375,-0.810546875,-0.7934569716453552,0.4577636420726776,0.4577636420726776,80.0,7807.0,1.0,O,F,O,0
223322.453125,223440.5625,223659.25,223542.484375,223665.328125,223901.90625,223737.3125,223843.171875,-0.514404296875,0.000244140625,-0.810302734375,-0.7324218153953552,0.5493163466453552,0.3967284858226776,80.0,7808.0,1.0,O,F,O,0
222480.15625,222597.71875,222816.421875,222699.921875,222822.671875,223059.25,222894.828125,223000.0625,-0.516357421875,0.00146484375,-0.810302734375,-0.7629393935203552,0.5187987685203552,0.3967284858226776,80.0,7809.0,1.0,O,F,O,0
222375.28125,222492.9375,222711.625,222595.3125,222718.0625,222954.546875,222790.046875,222895.453125,-0.515625,-0.000244140625,-0.8125,-0.7324218153953552,0.4882812201976776,0.4577636420726776,80.0,7810.0,1.0,O,F,O,0
223229.296875,223347.046875,223566.265625,223449.59375,223572.4375,223809.015625,223644.328125,223750.265625,-0.513916015625,0.00048828125,-0.80908203125,-0.7019042372703552,0.3967284858226776,0.4272460639476776,80.0,7811.0,1.0,O,F,O,0
223467.03125,223584.875,223804.265625,223687.5,223810.53125,224046.828125,223882.328125,223988.265625,-0.511962890625,0.000244140625,-0.808837890625,-0.6408690810203552,0.3662109076976776,0.4272460639476776,80.0,7812.0,1.0,O,F,O,0
222666.390625,222784.046875,223003.28125,222886.59375,223009.53125,223245.921875,223081.328125,223186.734375,-0.51220703125,0.0009765625,-0.811767578125,-0.6713866591453552,0.4272460639476776,0.3967284858226776,80.0,7813.0,1.0,O,F,O,0
222349.890625,222467.734375,222686.953125,222570.09375,222693.21875,222929.421875,222764.5625,222870.15625,-0.5146484375,0.00146484375,-0.810546875,-0.7019042372703552,0.4272460639476776,0.3356933295726776,80.0,7814.0,1.0,O,F,O,0
223133.8125,223251.921875,223470.875,223353.9375,223477.125,223713.34375,223548.5625,223654.34375,-0.5126953125,0.001708984375,-0.809326171875,-0.7019042372703552,0.4882812201976776,0.4272460639476776,80.0,7815.0,1.0,O,F,O,0
223571.71875,223690.09375,223908.875,223791.9375,223915.40625,224151.4375,223986.9375,224092.609375,-0.513916015625,0.001220703125,-0.812255859375,-0.7019042372703552,0.4272460639476776,0.3662109076976776,80.0,7816.0,1.0,O,F,O,0
222867.640625,222985.390625,223204.703125,223087.859375,223210.875,223447.0,223282.578125,223388.171875,-0.51416015625,-0.0009765625,-0.813720703125,-0.7019042372703552,0.3662109076976776,0.3967284858226776,80.0,7817.0,1.0,O,F,O,0
222362.234375,222480.0625,222699.296875,222582.609375,222705.546875,222942.03125,222777.515625,222883.296875,-0.513671875,0.001953125,-0.8115234375,-0.7019042372703552,0.4882812201976776,0.4272460639476776,80.0,7818.0,1.0,O,F,O,0
223024.015625,223141.859375,223361.625,223244.40625,223367.078125,223603.90625,223439.5,223545.4375,-0.515380859375,0.0009765625,-0.809814453125,-0.7324218153953552,0.3967284858226776,0.4577636420726776,80.0,7819.0,1.0,O,F,O,0
223635.296875,223753.046875,223972.71875,223855.234375,223978.4375,224214.734375,224050.234375,224156.359375,-0.513671875,0.001220703125,-0.811767578125,-0.6713866591453552,0.4272460639476776,0.4577636420726776,80.0,7820.0,1.0,O,F,O,0
223071.140625,223189.15625,223408.640625,223291.4375,223414.71875,223651.03125,223486.515625,223592.203125,-0.513916015625,-0.000732421875,-0.811767578125,-0.7629393935203552,0.4272460639476776,0.4272460639476776,80.0,7821.0,1.0,O,F,O,0
222412.296875,222530.40625,222749.8125,222632.765625,222755.96875,222992.1875,222827.953125,222933.265625,-0.513916015625,-0.001220703125,-0.8125,-0.7629393935203552,0.5187987685203552,0.3662109076976776,80.0,7822.0,1.0,O,F,O,0
222912.703125,223030.8125,223250.03125,223133.09375,223256.296875,223492.59375,223328.09375,223433.859375,-0.514404296875,0.0009765625,-0.814208984375,-0.7629393935203552,0.4577636420726776,0.4272460639476776,80.0,7823.0,1.0,O,F,O,0
223660.421875,223778.875,223997.484375,223880.625,224004.015625,224240.40625,224075.53125,224181.84375,-0.513671875,0.001220703125,-0.811767578125,-0.7019042372703552,0.4577636420726776,0.4882812201976776,80.0,7824.0,1.0,O,F,O,0
223278.375,223396.484375,223615.265625,223498.5,223621.53125,223858.09375,223693.046875,223799.265625,-0.51171875,0.0,-0.809326171875,-0.8239745497703552,0.4882812201976776,0.4577636420726776,80.0,7825.0,1.0,O,F,O,0
222504.03125,222621.953125,222840.90625,222723.796875,222847.171875,223083.46875,222918.34375,223024.28125,-0.51318359375,0.000732421875,-0.809814453125,-0.8544921278953552,0.3967284858226776,0.4577636420726776,80.0,7826.0,1.0,O,F,O,0
222810.515625,222928.625,223147.671875,223030.546875,223154.109375,223390.140625,223225.265625,223331.3125,-0.513671875,0.0009765625,-0.80908203125,-0.7629393935203552,0.4577636420726776,0.4272460639476776,80.0,7827.0,1.0,O,F,O,0
223648.703125,223766.71875,223986.03125,223868.640625,223992.109375,224228.59375,224063.640625,224169.859375,-0.514404296875,-0.00048828125,-0.81298828125,-0.7019042372703552,0.4882812201976776,0.3967284858226776,80.0,7828.0,1.0,O,F,O,0
223473.90625,223591.9375,223811.25,223694.125,223817.234375,224053.890625,223889.03125,223994.984375,-0.51416015625,0.00048828125,-0.813232421875,-0.6103515028953552,0.5493163466453552,0.3967284858226776,80.0,7829.0,1.0,O,F,O,0
222638.578125,222756.515625,222975.921875,222858.890625,222981.734375,223218.296875,223053.703125,223159.46875,-0.51416015625,-0.00048828125,-0.811767578125,-0.6103515028953552,0.4882812201976776,0.4272460639476776,80.0,7830.0,1.0,O,F,O,0
222728.265625,222846.453125,223065.5,222948.734375,223071.578125,223308.15625,223143.375,223249.0625,-0.513427734375,0.000732421875,-0.8115234375,-0.6103515028953552,0.4882812201976776,0.3356933295726776,80.0,7831.0,1.0,O,F,O,0
223595.953125,223714.328125,223933.5625,223816.515625,223939.359375,224176.109375,224011.34375,224117.28125,-0.5126953125,0.001220703125,-0.81103515625,-0.6103515028953552,0.4882812201976776,0.2746581733226776,80.0,7832.0,1.0,O,F,O,0
223637.078125,223755.28125,223974.59375,223857.296875,223980.21875,224216.96875,224052.203125,224158.40625,-0.512451171875,-0.000732421875,-0.81201171875,-0.6103515028953552,0.3967284858226776,0.3967284858226776,80.0,7833.0,1.0,O,F,O,0
222795.5,222913.328125,223132.921875,223015.796875,223138.734375,223375.203125,223210.609375,223316.203125,-0.511962890625,-0.00146484375,-0.812744140625,-0.7934569716453552,0.3356933295726776,0.4272460639476776,80.0,7834.0,1.0,O,F,O,0
222672.109375,222789.953125,223009.796875,222892.59375,223015.609375,223251.921875,223087.234375,223193.0,-0.51220703125,-0.000732421875,-0.811279296875,-0.8239745497703552,0.3662109076976776,0.4882812201976776,80.0,7835.0,1.0,O,F,O,0
223523.359375,223641.375,223860.875,223743.65625,223866.5,224103.515625,223938.390625,224044.15625,-0.515380859375,0.000732421875,-0.81201171875,-0.7934569716453552,0.4882812201976776,0.4882812201976776,80.0,7836.0,1.0,O,F,O,0
223778.796875,223896.8125,224115.953125,223998.546875,224122.109375,224358.78125,224193.640625,224299.859375,-0.514404296875,0.0009765625,-0.813232421875,-0.8239745497703552,0.3662109076976776,0.5798339247703552,80.0,7837.0,1.0,O,F,O,0
222984.046875,223101.890625,223321.203125,223203.90625,223327.28125,223563.765625,223398.90625,223504.9375,-0.514892578125,-0.000732421875,-0.8154296875,-0.8544921278953552,0.3662109076976776,0.5493163466453552,80.0,7838.0,1.0,O,F,O,0
222649.40625,222767.515625,222986.734375,222869.796875,222993.0,223229.203125,223064.34375,223170.46875,-0.515869140625,-0.001220703125,-0.81201171875,-0.7934569716453552,0.4272460639476776,0.5187987685203552,80.0,7839.0,1.0,O,F,O,0
223422.953125,223541.234375,223760.28125,223643.15625,223766.359375,224002.84375,223837.796875,223944.109375,-0.51513671875,0.001708984375,-0.809326171875,-0.8544921278953552,0.4577636420726776,0.4577636420726776,80.0,7840.0,1.0,O,F,O,0
223878.484375,223996.59375,224215.8125,224098.328125,224221.359375,224458.203125,224293.15625,224399.71875,-0.513916015625,0.00146484375,-0.812744140625,-0.7324218153953552,0.5493163466453552,0.4577636420726776,80.0,7841.0,1.0,O,F,O,0
223183.15625,223301.8125,223520.9375,223403.546875,223526.671875,223763.5,223598.28125,223704.9375,-0.512451171875,0.0009765625,-0.81298828125,-0.7324218153953552,0.5187987685203552,0.4882812201976776,80.0,7842.0,1.0,O,F,O,0
222661.828125,222780.203125,223000.0625,222882.484375,223005.59375,223241.71875,223076.59375,223182.984375,-0.511474609375,0.000244140625,-0.8115234375,-0.7629393935203552,0.4577636420726776,0.4577636420726776,80.0,7843.0,1.0,O,F,O,0
223311.375,223429.65625,223648.96875,223531.578125,223654.609375,223891.0,223725.765625,223832.609375,-0.5146484375,0.000732421875,-0.813720703125,-0.6713866591453552,0.4882812201976776,0.4882812201976776,80.0,7844.0,1.0,O,F,O,0
223936.953125,224055.5,224274.375,224156.890625,224280.359375,224516.9375,224351.71875,224458.109375,-0.512939453125,0.001953125,-0.811279296875,-0.6713866591453552,0.4882812201976776,0.4272460639476776,80.0,7845.0,1.0,O,F,O,0
223389.25,223507.890625,223726.75,223609.546875,223732.84375,223969.140625,223804.265625,223910.046875,-0.512939453125,0.001953125,-0.812255859375,-0.6408690810203552,0.4577636420726776,0.4577636420726776,80.0,7846.0,1.0,O,F,O,0
222716.1875,222834.296875,223053.703125,222936.40625,223059.953125,223296.0,223131.03125,223236.8125,-0.514892578125,0.000732421875,-0.815185546875,-0.6713866591453552,0.5493163466453552,0.5187987685203552,80.0,7847.0,1.0,O,F,O,0
223196.84375,223315.125,223534.796875,223417.671875,223540.96875,223777.0,223612.21875,223718.359375,-0.51416015625,0.001220703125,-0.81298828125,-0.7019042372703552,0.5187987685203552,0.4577636420726776,80.0,7848.0,1.0,O,F,O,0
223955.1875,224073.484375,224292.96875,224175.765625,224298.78125,224535.265625,224370.125,224476.796875,-0.513427734375,-0.00146484375,-0.811279296875,-0.6713866591453552,0.4577636420726776,0.4577636420726776,80.0,7849.0,1.0,O,F,O,0
223592.828125,223710.84375,223930.609375,223812.859375,223935.796875,224172.71875,224007.3125,224114.15625,-0.51171875,-0.001708984375,-0.807373046875,-0.7629393935203552,0.4272460639476776,0.4577636420726776,80.0,7850.0,1.0,O,F,O,0
222812.84375,222930.40625,223150.265625,223032.25,223155.890625,223392.203125,223227.15625,223333.359375,-0.512451171875,0.000244140625,-0.80859375,-0.7934569716453552,0.4272460639476776,0.4577636420726776,80.0,7851.0,1.0,O,F,O,0
223101.4375,223219.015625,223438.6875,223321.125,223444.671875,223680.984375,223515.84375,223621.96875,-0.51318359375,0.00048828125,-0.812255859375,-0.7629393935203552,0.4272460639476776,0.3967284858226776,80.0,7852.0,1.0,O,F,O,0
223943.390625,224061.3125,224280.640625,224163.328125,224286.71875,224523.546875,224357.96875,224464.90625,-0.51513671875,0.0009765625,-0.8115234375,-0.7934569716453552,0.4577636420726776,0.3967284858226776,80.0,7853.0,1.0,O,F,O,0
223784.15625,223902.078125,224121.40625,224004.359375,224127.75,224364.3125,224198.921875,224305.484375,-0.515625,0.000244140625,-0.814208984375,-0.7934569716453552,0.5187987685203552,0.4272460639476776,80.0,7854.0,1.0,O,F,O,0
222943.640625,223061.75,223281.0625,223164.203125,223287.59375,223523.453125,223358.21875,223464.890625,-0.51416015625,0.000244140625,-0.8115234375,-0.6408690810203552,0.4882812201976776,0.4882812201976776,80.0,7855.0,1.0,O,F,O,0
223019.8125,223137.828125,223357.234375,223240.03125,223363.234375,223599.53125,223434.21875,223540.515625,-0.513916015625,0.000244140625,-0.8115234375,-0.7019042372703552,0.5187987685203552,0.3356933295726776,80.0,7856.0,1.0,O,F,O,0
223890.640625,224009.015625,224228.234375,224110.9375,224234.046875,224471.0625,224305.21875,224411.796875,-0.51416015625,-0.00048828125,-0.812255859375,-0.7629393935203552,0.5798339247703552,0.3356933295726776,80.0,7857.0,1.0,O,F,O,0
223948.9375,224067.578125,224286.625,224169.328125,224292.078125,224529.546875,224363.6875,224470.359375,-0.513427734375,0.00048828125,-0.81396484375,-0.7324218153953552,0.5187987685203552,0.3662109076976776,80.0,7858.0,1.0,O,F,O,0
223108.234375,223226.4375,223445.65625,223328.359375,223451.5625,223687.953125,223523.0,223629.21875,-0.5146484375,-0.000244140625,-0.8125,-0.7019042372703552,0.3967284858226776,0.4272460639476776,80.0,7859.0,1.0,O,F,O,0
222965.28125,223082.84375,223302.078125,223185.21875,223308.15625,223544.546875,223379.59375,223485.984375,-0.512939453125,0.001220703125,-0.810791015625,-0.7324218153953552,0.5187987685203552,0.5187987685203552,80.0,7860.0,1.0,O,F,O,0
223809.90625,223927.75,224146.796875,224030.03125,224152.78125,224390.0625,224224.578125,224331.234375,-0.5126953125,-0.000244140625,-0.813232421875,-0.6408690810203552,0.4577636420726776,0.4272460639476776,80.0,7861.0,1.0,O,F,O,0
224083.40625,224201.78125,224420.90625,224303.515625,224426.71875,224663.5625,224498.421875,224605.0,-0.511962890625,0.001220703125,-0.811767578125,-0.7629393935203552,0.4272460639476776,0.5493163466453552,80.0,7862.0,1.0,O,F,O,0
223297.0625,223415.359375,223634.40625,223517.453125,223640.65625,223877.046875,223712.0,223818.3125,-0.5146484375,0.00048828125,-0.809814453125,-0.7934569716453552,0.3967284858226776,0.4272460639476776,80.0,7863.0,1.0,O,F,O,0
222944.453125,223062.28125,223281.328125,223164.390625,223287.671875,223523.796875,223358.84375,223464.96875,-0.515380859375,-0.000244140625,-0.81298828125,-0.7629393935203552,0.4272460639476776,0.4272460639476776,80.0,7864.0,1.0,O,F,O,0
223709.140625,223827.34375,224046.5625,223929.703125,224052.46875,224288.953125,224123.984375,224230.46875,-0.513671875,0.000732421875,-0.812744140625,-0.7324218153953552,0.3662109076976776,0.4882812201976776,80.0,7865.0,1.0,O,F,O,0
224180.9375,224299.40625,224518.640625,224401.25,224524.890625,224761.28125,224596.234375,224702.640625,-0.514404296875,0.00048828125,-0.811767578125,-0.7629393935203552,0.3967284858226776,0.3967284858226776,80.0,7866.0,1.0,O,F,O,0
223500.109375,223618.125,223837.796875,223720.5,223843.96875,224079.640625,223914.953125,224021.359375,-0.513671875,0.001708984375,-0.811767578125,-0.7019042372703552,0.3967284858226776,0.4272460639476776,80.0,7867.0,1.0,O,F,O,0
222965.640625,223083.734375,223303.328125,223186.109375,223309.3125,223545.4375,223380.3125,223486.4375,-0.514892578125,-0.00048828125,-0.81201171875,-0.7934569716453552,0.4882812201976776,0.4272460639476776,80.0,7868.0,1.0,O,F,O,0
223600.875,223719.34375,223938.203125,223820.90625,223944.015625,224180.40625,224015.265625,224121.671875,-0.51513671875,0.000732421875,-0.81103515625,-0.7629393935203552,0.4577636420726776,0.4272460639476776,80.0,7869.0,1.0,O,F,O,0
224238.796875,224357.515625,224576.390625,224459.171875,224582.109375,224818.78125,224653.453125,224760.03125,-0.514892578125,-0.001708984375,-0.8095703125,-0.6713866591453552,0.3967284858226776,0.4577636420726776,80.0,7870.0,1.0,O,F,O,0
223708.15625,223826.71875,224045.765625,223928.546875,224051.578125,224288.046875,224123.09375,224229.40625,-0.51416015625,0.00048828125,-0.810546875,-0.7019042372703552,0.4882812201976776,0.3662109076976776,80.0,7871.0,1.0,O,F,O,0
223023.296875,223141.5,223360.640625,223243.6875,223366.359375,223602.75,223438.15625,223544.359375,-0.51513671875,-0.001220703125,-0.81103515625,-0.7629393935203552,0.4577636420726776,0.4272460639476776,80.0,7872.0,1.0,O,F,O,0
223489.921875,223608.296875,223827.609375,223710.390625,223833.15625,224069.71875,223904.765625,224010.984375,-0.514892578125,0.000244140625,-0.8115234375,-0.8239745497703552,0.4577636420726776,0.3967284858226776,80.0,7873.0,1.0,O,F,O,0
224258.734375,224377.015625,224596.515625,224479.109375,224601.78125,224838.796875,224673.671875,224779.96875,-0.511962890625,0.0009765625,-0.809326171875,-0.7324218153953552,0.4882812201976776,0.4882812201976776,80.0,7874.0,1.0,O,F,O,0
223910.046875,224028.234375,224247.734375,224130.515625,224253.359375,224490.375,224325.15625,224431.375,-0.51416015625,0.00146484375,-0.81201171875,-0.7019042372703552,0.3967284858226776,0.5187987685203552,80.0,7875.0,1.0,O,F,O,0
223120.21875,223238.421875,223458.0,223340.703125,223463.984375,223700.03125,223535.34375,223641.28125,-0.514404296875,0.001708984375,-0.811279296875,-0.7324218153953552,0.3967284858226776,0.3967284858226776,80.0,7876.0,1.0,O,F,O,0
223389.875,223508.15625,223727.65625,223610.265625,223733.375,223969.671875,223804.8125,223911.109375,-0.51416015625,0.00146484375,-0.810791015625,-0.8544921278953552,0.4272460639476776,0.3967284858226776,80.0,7877.0,1.0,O,F,O,0
224236.5625,224355.015625,224574.328125,224456.671875,224579.96875,224816.71875,224651.5,224757.984375,-0.51416015625,0.00146484375,-0.80859375,-0.8544921278953552,0.3967284858226776,0.4272460639476776,80.0,7878.0,1.0,O,F,O,0
224098.25,224216.703125,224436.015625,224318.8125,224441.65625,224678.765625,224513.265625,224619.671875,-0.51318359375,0.00146484375,-0.810791015625,-0.7934569716453552,0.5493163466453552,0.4577636420726776,80.0,7879.0,1.0,O,F,O,0
223257.90625,223376.734375,223595.78125,223479.09375,223601.5,223838.515625,223673.203125,223779.5,-0.514404296875,-0.00048828125,-0.814697265625,-0.7934569716453552,0.4882812201976776,0.4882812201976776,80.0,7880.0,1.0,O,F,O,0
223312.09375,223430.8125,223649.859375,223533.09375,223655.671875,223892.34375,223727.109375,223833.515625,-0.515380859375,0.000244140625,-0.812744140625,-0.7324218153953552,0.4882812201976776,0.4272460639476776,80.0,7881.0,1.0,O,F,O,0
224182.109375,224300.75,224519.796875,224402.5,224525.515625,224762.453125,224597.140625,224703.796875,-0.51416015625,0.000244140625,-0.811767578125,-0.6103515028953552,0.4882812201976776,0.4272460639476776,80.0,7882.0,1.0,O,F,O,0
224261.765625,224380.328125,224599.546875,224482.25,224605.265625,224842.28125,224676.96875,224783.546875,-0.514404296875,-0.001220703125,-0.81298828125,-0.7019042372703552,0.5187987685203552,0.4882812201976776,80.0,7883.0,1.0,O,F,O,0
223424.828125,223543.03125,223762.15625,223645.125,223768.15625,224004.71875,223839.671875,223945.890625,-0.51513671875,-0.001708984375,-0.8115234375,-0.7324218153953552,0.4577636420726776,0.4577636420726776,80.0,7884.0,1.0,O,F,O,0
223262.375,223380.3125,223599.359375,223482.5,223605.4375,223842.09375,223676.875,223783.078125,-0.51513671875,0.0,-0.811767578125,-0.7324218153953552,0.4272460639476776,0.4882812201976776,80.0,7885.0,1.0,O,F,O,0
224102.890625,224220.734375,224440.140625,224323.28125,224446.03125,224682.78125,224517.46875,224623.953125,-0.513427734375,0.000732421875,-0.81103515625,-0.7629393935203552,0.4272460639476776,0.3967284858226776,80.0,7886.0,1.0,O,F,O,0
224397.046875,224515.328125,224734.640625,224617.609375,224740.359375,224977.5625,224812.34375,224918.546875,-0.513427734375,0.00048828125,-0.80859375,-0.6408690810203552,0.4882812201976776,0.4272460639476776,80.0,7887.0,1.0,O,F,O,0
223617.328125,223735.703125,223954.75,223837.71875,223960.734375,224197.84375,224032.34375,224138.46875,-0.513671875,0.000732421875,-0.812255859375,-0.7019042372703552,0.5493163466453552,0.4577636420726776,80.0,7888.0,1.0,O,F,O,0
223247.984375,223366.171875,223585.21875,223468.375,223591.03125,223828.0625,223662.65625,223768.59375,-0.51611328125,0.00048828125,-0.8154296875,-0.6713866591453552,0.4577636420726776,0.4272460639476776,80.0,7889.0,1.0,O,F,O,0
224003.46875,224121.671875,224340.796875,224223.59375,224346.265625,224583.359375,224418.140625,224524.453125,-0.51513671875,0.001220703125,-0.81640625,-0.7629393935203552,0.3967284858226776,0.4882812201976776,80.0,7890.0,1.0,O,F,O,0
224492.265625,224610.1875,224829.40625,224712.015625,224835.5,225072.515625,224907.28125,225013.59375,-0.513671875,0.000732421875,-0.8125,-0.7019042372703552,0.4882812201976776,0.5187987685203552,80.0,7891.0,1.0,O,F,O,0
223824.296875,223942.5,224161.625,224044.15625,224167.890625,224404.546875,224239.328125,224345.453125,-0.513671875,0.00244140625,-0.81396484375,-0.7324218153953552,0.5187987685203552,0.4577636420726776,80.0,7892.0,1.0,O,F,O,0
223271.5,223389.953125,223609.28125,223491.53125,223615.09375,223851.5625,223686.53125,223792.46875,-0.51416015625,0.0,-0.812255859375,-0.6713866591453552,0.4577636420726776,0.3967284858226776,80.0,7893.0,1.0,O,F,O,0
223892.703125,224011.15625,224230.390625,224113.078125,224235.921875,224472.671875,224307.71875,224413.84375,-0.51318359375,-0.000732421875,-0.809326171875,-0.7019042372703552,0.4882812201976776,0.3967284858226776,80.0,7894.0,1.0,O,F,O,0
224545.453125,224664.09375,224883.0625,224765.9375,224888.59375,225125.703125,224960.578125,225066.96875,-0.5126953125,0.00048828125,-0.808837890625,-0.6713866591453552,0.4272460639476776,0.4272460639476776,80.0,7895.0,1.0,O,F,O,0
224030.109375,224148.125,224367.359375,224250.140625,224373.171875,224610.28125,224444.96875,224551.359375,-0.513427734375,-0.0009765625,-0.809814453125,-0.7324218153953552,0.3051757514476776,0.4272460639476776,80.0,7896.0,1.0,O,F,O,0
223333.015625,223450.9375,223670.15625,223552.859375,223675.96875,223912.90625,223747.671875,223853.796875,-0.5126953125,-0.000732421875,-0.8125,-0.7324218153953552,0.4577636420726776,0.4577636420726776,80.0,7897.0,1.0,O,F,O,0
223782.546875,223900.921875,224120.328125,224002.84375,224125.953125,224362.625,224197.75,224304.140625,-0.511962890625,0.0009765625,-0.814208984375,-0.7629393935203552,0.4577636420726776,0.4272460639476776,80.0,7898.0,1.0,O,F,O,0
224559.765625,224677.78125,224897.546875,224780.15625,224903.078125,225140.109375,224974.515625,225081.265625,-0.51171875,0.002685546875,-0.813232421875,-0.7629393935203552,0.4882812201976776,0.3356933295726776,80.0,7899.0,1.0,O,F,O,0
224232.078125,224350.109375,224569.59375,224452.390625,224575.40625,224812.421875,224646.84375,224753.328125,-0.513427734375,0.001708984375,-0.8125,-0.7629393935203552,0.4272460639476776,0.3662109076976776,80.0,7900.0,1.0,O,F,O,0
223436.90625,223554.921875,223773.96875,223657.203125,223780.046875,224016.875,223851.484375,223958.046875,-0.5126953125,0.00244140625,-0.81201171875,-0.8239745497703552,0.4272460639476776,0.5187987685203552,80.0,7901.0,1.0,O,F,O,0
223685.265625,223803.015625,224022.25,223905.390625,224028.421875,224264.984375,224099.765625,224206.34375,-0.514404296875,0.0,-0.812255859375,-0.7324218153953552,0.4882812201976776,0.3967284858226776,80.0,7902.0,1.0,O,F,O,0
224535.4375,224653.546875,224872.5,224755.203125,224878.3125,225115.15625,224949.75,225056.59375,-0.5146484375,0.00244140625,-0.81298828125,-0.7934569716453552,0.4882812201976776,0.4577636420726776,80.0,7903.0,1.0,O,F,O,0
224418.671875,224536.78125,224756.09375,224638.53125,224761.546875,224998.65625,224833.078125,224940.1875,-0.51416015625,0.00048828125,-0.812255859375,-0.7019042372703552,0.4272460639476776,0.3967284858226776,80.0,7904.0,1.0,O,F,O,0
223577.71875,223695.546875,223914.515625,223797.390625,223920.5,224156.984375,223991.9375,224098.328125,-0.512451171875,-0.000244140625,-0.813720703125,-0.6713866591453552,0.5187987685203552,0.4272460639476776,80.0,7905.0,1.0,O,F,O,0
223609.28125,223727.46875,223946.25,223829.125,223952.515625,224188.8125,224023.765625,224129.984375,-0.512939453125,0.00048828125,-0.81494140625,-0.7629393935203552,0.4272460639476776,0.3967284858226776,80.0,7906.0,1.0,O,F,O,0
224477.78125,224595.96875,224815.28125,224697.71875,224821.09375,225057.84375,224892.796875,224999.203125,-0.51318359375,0.000244140625,-0.814208984375,-0.6713866591453552,0.4882812201976776,0.4577636420726776,80.0,7907.0,1.0,O,F,O,0
224582.109375,224700.125,224919.171875,224802.140625,224924.984375,225161.921875,224996.78125,225103.625,-0.5126953125,-0.000244140625,-0.812744140625,-0.7019042372703552,0.5187987685203552,0.4272460639476776,80.0,7908.0,1.0,O,F,O,0
223748.390625,223866.671875,224085.453125,223968.515625,224091.265625,224327.921875,224163.234375,224269.375,-0.5126953125,0.000244140625,-0.813232421875,-0.7324218153953552,0.4577636420726776,0.4272460639476776,80.0,7909.0,1.0,O,F,O,0
223565.375,223684.015625,223902.703125,223785.765625,223908.4375,224145.0,223980.671875,224086.4375,-0.51220703125,0.001220703125,-0.8115234375,-0.8239745497703552,0.3967284858226776,0.3967284858226776,80.0,7910.0,1.0,O,F,O,0
224399.09375,224517.65625,224736.4375,224619.3125,224742.234375,224979.34375,224813.765625,224920.515625,-0.514892578125,0.00244140625,-0.81103515625,-0.7629393935203552,0.3967284858226776,0.3967284858226776,80.0,7911.0,1.0,O,F,O,0
224711.21875,224829.234375,225048.1875,224931.0625,225054.09375,225291.109375,225125.34375,225232.1875,-0.514892578125,-0.001220703125,-0.807861328125,-0.8239745497703552,0.3967284858226776,0.3356933295726776,80.0,7912.0,1.0,O,F,O,0
223940.703125,224058.8125,224277.765625,224160.734375,224283.671875,224520.875,224355.109375,224461.765625,-0.513916015625,-0.0009765625,-0.81103515625,-0.7934569716453552,0.4577636420726776,0.3662109076976776,80.0,7913.0,1.0,O,F,O,0
223549.734375,223668.203125,223887.0625,223769.84375,223893.234375,224129.890625,223964.40625,224070.890625,-0.513671875,0.0009765625,-0.811767578125,-0.7629393935203552,0.4577636420726776,0.4272460639476776,80.0,7914.0,1.0,O,F,O,0
224294.671875,224412.859375,224631.828125,224514.609375,224638.078125,224874.46875,224709.34375,224816.0,-0.51611328125,-0.000732421875,-0.8115234375,-0.7629393935203552,0.4272460639476776,0.3662109076976776,80.0,7915.0,1.0,O,F,O,0
224801.515625,224919.53125,225138.765625,225021.375,225144.390625,225381.5,225215.828125,225322.84375,-0.51220703125,0.00048828125,-0.81298828125,-0.7629393935203552,0.4882812201976776,0.5493163466453552,80.0,7916.0,1.0,O,F,O,0
224144.734375,224262.9375,224482.15625,224364.40625,224487.609375,224724.8125,224558.953125,224665.796875,-0.51318359375,0.0,-0.809814453125,-0.7934569716453552,0.4577636420726776,0.4882812201976776,80.0,7917.0,1.0,O,F,O,0
223575.921875,223693.9375,223912.8125,223795.59375,223918.796875,224155.640625,223990.234375,224097.078125,-0.51318359375,0.001220703125,-0.811279296875,-0.7324218153953552,0.4882812201976776,0.4272460639476776,80.0,7918.0,1.0,O,F,O,0
224180.765625,224298.875,224517.65625,224400.53125,224523.546875,224760.921875,224595.25,224701.734375,-0.5146484375,0.0009765625,-0.808837890625,-0.7934569716453552,0.5187987685203552,0.3967284858226776,80.0,7919.0,1.0,O,F,O,0
224848.453125,224966.75,225185.609375,225068.484375,225191.515625,225428.890625,225262.953125,225369.78125,-0.51318359375,0.0009765625,-0.8125,-0.7934569716453552,0.4882812201976776,0.3967284858226776,80.0,7920.0,1.0,O,F,O,0
224352.15625,224470.265625,224688.78125,224571.921875,224695.125,224931.78125,224766.5625,224873.140625,-0.512939453125,0.00146484375,-0.810302734375,-0.7629393935203552,0.4577636420726776,0.4577636420726776,80.0,7921.0,1.0,O,F,O,0
223642.09375,223759.84375,223978.703125,223861.40625,223984.96875,224221.453125,224056.21875,224162.609375,-0.51416015625,0.001953125,-0.812744140625,-0.7934569716453552,0.5798339247703552,0.5187987685203552,80.0,7922.0,1.0,O,F,O,0
224072.671875,224190.78125,224409.640625,224292.703125,224415.8125,224652.484375,224486.984375,224593.734375,-0.511474609375,0.000244140625,-0.814453125,-0.7019042372703552,0.5187987685203552,0.4882812201976776,80.0,7923.0,1.0,O,F,O,0
224858.65625,224977.375,225196.15625,225078.859375,225201.796875,225439.171875,225273.40625,225380.25,-0.5126953125,0.000732421875,-0.81591796875,-0.7324218153953552,0.4882812201976776,0.4882812201976776,80.0,7924.0,1.0,O,F,O,0
224550.46875,224668.84375,224887.703125,224770.3125,224893.515625,225130.984375,224965.3125,225071.53125,-0.513427734375,-0.00048828125,-0.813720703125,-0.7019042372703552,0.4577636420726776,0.6103515028953552,80.0,7925.0,1.0,O,F,O,0
223748.21875,223866.40625,224085.28125,223968.15625,224091.453125,224328.28125,224162.703125,224269.015625,-0.513916015625,0.0009765625,-0.81298828125,-0.7934569716453552,0.4272460639476776,0.5187987685203552,80.0,7926.0,1.0,O,F,O,0
223976.65625,224094.84375,224314.078125,224196.765625,224320.234375,224556.90625,224391.40625,224497.984375,-0.514404296875,0.000244140625,-0.81201171875,-0.7324218153953552,0.3662109076976776,0.5187987685203552,80.0,7927.0,1.0,O,F,O,0
224831.109375,224949.046875,225168.4375,225050.703125,225174.078125,225411.0,225245.515625,225352.4375,-0.514404296875,0.0009765625,-0.8154296875,-0.7019042372703552,0.3662109076976776,0.4577636420726776,80.0,7928.0,1.0,O,F,O,0
224733.484375,224851.671875,225070.71875,224953.15625,225076.359375,225313.375,225148.15625,225254.640625,-0.512451171875,0.001220703125,-0.81201171875,-0.8850097060203552,0.3662109076976776,0.3662109076976776,80.0,7929.0,1.0,O,F,O,0
223890.015625,224008.484375,224227.171875,224110.046875,224233.25,224469.90625,224305.046875,224411.078125,-0.51416015625,0.0,-0.814453125,-0.7934569716453552,0.4882812201976776,0.3051757514476776,80.0,7930.0,1.0,O,F,O,0
223902.4375,224020.8125,224239.859375,224122.65625,224245.5,224482.25,224317.296875,224423.5,-0.511962890625,-0.0009765625,-0.81494140625,-0.7934569716453552,0.4882812201976776,0.3967284858226776,80.0,7931.0,1.0,O,F,O,0
224769.25,224887.34375,225106.484375,224989.0,225112.03125,225348.953125,225183.546875,225290.484375,-0.51318359375,0.000732421875,-0.8134765625,-0.7324218153953552,0.4882812201976776,0.3967284858226776,80.0,7932.0,1.0,O,F,O,0
224889.671875,225007.78125,225226.5625,225109.25,225232.453125,225469.484375,225303.71875,225410.921875,-0.513671875,0.0009765625,-0.81103515625,-0.7934569716453552,0.5187987685203552,0.3967284858226776,80.0,7933.0,1.0,O,F,O,0
224060.609375,224178.625,224397.75,224280.640625,224403.5625,224640.5,224475.09375,224582.03125,-0.51220703125,0.002685546875,-0.81005859375,-0.7629393935203552,0.4272460639476776,0.3967284858226776,80.0,7934.0,1.0,O,F,O,0
223855.140625,223972.8125,224192.03125,224074.734375,224198.203125,224434.953125,224269.640625,224376.390625,-0.513427734375,0.0029296875,-0.81103515625,-0.7324218153953552,0.5187987685203552,0.3967284858226776,80.0,7935.0,1.0,O,F,O,0
224680.90625,224799.015625,225018.0625,224900.484375,225023.78125,225260.71875,225095.046875,225202.15625,-0.514404296875,0.00244140625,-0.811279296875,-0.6713866591453552,0.4882812201976776,0.5493163466453552,80.0,7936.0,1.0,O,F,O,0
225015.296875,225133.3125,225352.359375,225235.046875,225357.8125,225595.09375,225429.25,225536.53125,-0.5126953125,0.0009765625,-0.812255859375,-0.6408690810203552,0.3662109076976776,0.4272460639476776,80.0,7937.0,1.0,O,F,O,0
224255.421875,224373.171875,224592.21875,224475.265625,224597.84375,224835.140625,224669.828125,224776.390625,-0.51318359375,0.00048828125,-0.81396484375,-0.6713866591453552,0.5187987685203552,0.4577636420726776,80.0,7938.0,1.0,O,F,O,0
223847.1875,223964.765625,224183.890625,224066.59375,224189.4375,224426.546875,224261.140625,224367.984375,-0.513916015625,0.000244140625,-0.8125,-0.6408690810203552,0.4882812201976776,0.4577636420726776,80.0,7939.0,1.0,O,F,O,0
224578.53125,224696.640625,224915.6875,224798.484375,224921.40625,225158.4375,224992.765625,225099.875,-0.513916015625,0.000732421875,-0.810791015625,-0.6103515028953552,0.3967284858226776,0.3967284858226776,80.0,7940.0,1.0,O,F,O,0
225101.75,225220.125,225438.625,225321.59375,225444.71875,225681.640625,225515.96875,225623.171875,-0.513916015625,0.000732421875,-0.810791015625,-0.7324218153953552,0.3662109076976776,0.4577636420726776,80.0,7941.0,1.0,O,F,O,0
224459.53125,224577.734375,224796.328125,224679.296875,224802.234375,225039.4375,224873.765625,224980.78125,-0.51513671875,0.001953125,-0.8125,-0.7324218153953552,0.4577636420726776,0.4272460639476776,80.0,7942.0,1.0,O,F,O,0
223875.265625,223993.1875,224212.140625,224095.03125,224217.875,224455.15625,224289.484375,224395.96875,-0.516357421875,-0.000244140625,-0.811279296875,-0.7629393935203552,0.4272460639476776,0.4882812201976776,80.0,7943.0,1.0,O,F,O,0
224463.65625,224581.671875,224800.625,224683.40625,224806.171875,225043.546875,224877.609375,224984.53125,-0.5146484375,0.00048828125,-0.813720703125,-0.7324218153953552,0.4577636420726776,0.4272460639476776,80.0,7944.0,1.0,O,F,O,0
225145.640625,225263.65625,225482.703125,225364.96875,225488.078125,225725.265625,225559.515625,225666.796875,-0.513427734375,0.000732421875,-0.81494140625,-0.7934569716453552,0.5493163466453552,0.3967284858226776,80.0,7945.0,1.0,O,F,O,0
224666.328125,224784.265625,225003.3125,224886.015625,225009.203125,225245.953125,225080.375,225187.40625,-0.512939453125,0.000244140625,-0.812255859375,-0.8239745497703552,0.4882812201976776,0.3356933295726776,80.0,7946.0,1.0,O,F,O,0
223945.796875,224063.640625,224282.953125,224165.65625,224288.953125,224525.515625,224360.46875,224466.59375,-0.51416015625,0.000244140625,-0.8134765625,-0.7324218153953552,0.5187987685203552,0.3967284858226776,80.0,7947.0,1.0,O,F,O,0
224359.578125,224477.953125,224697.265625,224579.703125,224703.078125,224939.203125,224773.984375,224880.640625,-0.5146484375,0.00048828125,-0.815185546875,-0.7934569716453552,0.5187987685203552,0.3051757514476776,80.0,7948.0,1.0,O,F,O,0
225154.40625,225272.875,225491.65625,225373.90625,225497.546875,225734.390625,225568.546875,225675.65625,-0.515625,0.00048828125,-0.813232421875,-0.7934569716453552,0.5493163466453552,0.3967284858226776,80.0,7949.0,1.0,O,F,O,0
224865.4375,224983.640625,225202.6875,225084.9375,225208.5,225445.25,225279.75,225386.421875,-0.51513671875,0.000732421875,-0.8134765625,-0.7629393935203552,0.5493163466453552,0.4882812201976776,80.0,7950.0,1.0,O,F,O,0
224057.46875,224175.3125,224394.625,224277.0625,224400.265625,224637.09375,224471.609375,224578.265625,-0.513671875,-0.000732421875,-0.809326171875,-0.7019042372703552,0.4577636420726776,0.4577636420726776,80.0,7951.0,1.0,O,F,O,0
224265.515625,224383.265625,224602.671875,224485.28125,224608.3125,224844.96875,224679.828125,224786.40625,-0.51416015625,0.000244140625,-0.808837890625,-0.8239745497703552,0.4882812201976776,0.4577636420726776,80.0,7952.0,1.0,O,F,O,0
225120.875,225238.890625,225457.9375,225341.0,225463.75,225700.859375,225535.640625,225642.296875,-0.5146484375,-0.000244140625,-0.81103515625,-0.7629393935203552,0.4272460639476776,0.3967284858226776,80.0,7953.0,1.0,O,F,O,0
225047.5625,225165.578125,225384.625,225267.328125,225390.359375,225627.734375,225462.234375,225569.078125,-0.513671875,0.0009765625,-0.812255859375,-0.7019042372703552,0.4882812201976776,0.4577636420726776,80.0,7954.0,1.0,O,F,O,0
224203.125,224321.140625,224540.09375,224422.796875,224546.34375,224783.015625,224617.96875,224724.359375,-0.5146484375,0.00146484375,-0.812744140625,-0.6713866591453552,0.5798339247703552,0.4577636420726776,80.0,7955.0,1.0,O,F,O,0
224191.9375,224309.875,224529.09375,224411.796875,224535.078125,224771.75,224606.796875,224713.0,-0.512939453125,0.0009765625,-0.811279296875,-0.6408690810203552,0.5493163466453552,0.4272460639476776,80.0,7956.0,1.0,O,F,O,0
225058.390625,225176.3125,225395.53125,225278.234375,225401.265625,225638.375,225472.78125,225579.53125,-0.513671875,0.00244140625,-0.81201171875,-0.6713866591453552,0.5798339247703552,0.3967284858226776,80.0,7957.0,1.0,O,F,O,0
225199.5625,225317.578125,225536.53125,225419.234375,225542.515625,225779.546875,225614.140625,225720.984375,-0.513916015625,0.001220703125,-0.8125,-0.7934569716453552,0.4577636420726776,0.3967284858226776,80.0,7958.0,1.0,O,F,O,0
224373.703125,224491.640625,224711.03125,224593.296875,224717.125,224953.59375,224788.546875,224894.765625,-0.515625,0.000732421875,-0.813720703125,-0.7019042372703552,0.4577636420726776,0.4882812201976776,80.0,7959.0,1.0,O,F,O,0
224149.390625,224267.125,224486.53125,224368.515625,224492.53125,224729.1875,224563.703125,224670.09375,-0.512939453125,0.00048828125,-0.8115234375,-0.7629393935203552,0.4272460639476776,0.4272460639476776,80.0,7960.0,1.0,O,F,O,0
224969.875,225088.0625,225307.109375,225188.734375,225312.84375,225549.59375,225384.09375,225491.03125,-0.512939453125,-0.0009765625,-0.81494140625,-0.8239745497703552,0.3662109076976776,0.4272460639476776,80.0,7961.0,1.0,O,F,O,0
225323.65625,225441.84375,225660.8125,225543.0625,225666.625,225903.28125,225738.234375,225845.078125,-0.512939453125,-0.000732421875,-0.8134765625,-0.7629393935203552,0.4272460639476776,0.3967284858226776,80.0,7962.0,1.0,O,F,O,0
224571.828125,224689.671875,224908.8125,224790.96875,224914.34375,225151.28125,224985.96875,225092.71875,-0.51513671875,0.001220703125,-0.810546875,-0.8239745497703552,0.4272460639476776,0.4882812201976776,80.0,7963.0,1.0,O,F,O,0
224145.71875,224263.375,224482.609375,224364.9375,224488.421875,224725.34375,224559.84375,224666.25,-0.513916015625,0.00146484375,-0.810302734375,-0.6713866591453552,0.4272460639476776,0.5493163466453552,80.0,7964.0,1.0,O,F,O,0
224866.78125,224984.4375,225203.671875,225086.1875,225209.84375,225446.765625,225281.1875,225387.765625,-0.514404296875,0.001953125,-0.8115234375,-0.7934569716453552,0.4272460639476776,0.5493163466453552,80.0,7965.0,1.0,O,F,O,0
225404.84375,225522.859375,225741.546875,225624.421875,225747.359375,225984.734375,225819.15625,225926.171875,-0.515625,0.002197265625,-0.810302734375,-0.7629393935203552,0.4882812201976776,0.5798339247703552,80.0,7966.0,1.0,O,F,O,0
224775.953125,224893.78125,225112.75,224995.4375,225118.375,225355.578125,225190.265625,225297.015625,-0.513427734375,0.001953125,-0.811767578125,-0.7019042372703552,0.4577636420726776,0.4577636420726776,80.0,7967.0,1.0,O,F,O,0
224178.265625,224296.09375,224515.234375,224397.75,224521.3125,224758.0625,224592.65625,224699.5,-0.513671875,0.002197265625,-0.813232421875,-0.8544921278953552,0.5493163466453552,0.4577636420726776,80.0,7968.0,1.0,O,F,O,0
224752.796875,224870.625,225089.9375,224972.203125,225095.484375,225332.5,225167.375,225273.9375,-0.513427734375,0.000244140625,-0.812255859375,-0.6408690810203552,0.4272460639476776,0.3967284858226776,80.0,7969.0,1.0,O,F,O,0
225446.234375,225564.34375,225783.5625,225665.640625,225788.75,226026.03125,225860.640625,225967.828125,-0.514892578125,0.001220703125,-0.811279296875,-0.6408690810203552,0.5187987685203552,0.5187987685203552,80.0,7970.0,1.0,O,F,O,0
224984.0,225101.65625,225321.15625,225203.40625,225326.421875,225563.4375,225398.21875,225504.96875,-0.514404296875,-0.000244140625,-0.808837890625,-0.5798339247703552,0.4882812201976776,0.4272460639476776,80.0,7971.0,1.0,O,F,O,0
224252.734375,224370.671875,224589.890625,224472.5,224595.609375,224832.09375,224667.140625,224773.265625,-0.51611328125,0.001708984375,-0.809814453125,-0.5798339247703552,0.4882812201976776,0.4577636420726776,80.0,7972.0,1.0,O,F,O,0
224643.0,224761.109375,224980.515625,224862.84375,224986.234375,225222.984375,225057.40625,225164.25,-0.51513671875,0.002197265625,-0.813232421875,-0.6408690810203552,0.4882812201976776,0.3356933295726776,80.0,7973.0,1.0,O,F,O,0
225448.109375,225566.484375,225785.703125,225668.046875,225791.34375,226028.71875,225862.6875,225969.703125,-0.51611328125,0.0009765625,-0.8115234375,-0.6713866591453552,0.4882812201976776,0.4577636420726776,80.0,7974.0,1.0,O,F,O,0
225180.96875,225299.15625,225518.296875,225400.71875,225524.109375,225761.21875,225595.984375,225702.828125,-0.514892578125,0.00048828125,-0.811767578125,-0.7629393935203552,0.5187987685203552,0.5493163466453552,80.0,7975.0,1.0,O,F,O,0
224364.5,224482.515625,224701.734375,224583.984375,224707.734375,224944.75,224779.34375,224885.921875,-0.514892578125,0.002685546875,-0.8134765625,-0.8239745497703552,0.3967284858226776,0.5187987685203552,80.0,7976.0,1.0,O,F,O,0
224550.828125,224668.65625,224888.0625,224770.21875,224893.875,225130.71875,224965.40625,225071.890625,-0.5126953125,0.000732421875,-0.814697265625,-0.8239745497703552,0.3662109076976776,0.4882812201976776,80.0,7977.0,1.0,O,F,O,0
225412.171875,225530.546875,225750.125,225632.28125,225755.484375,225992.953125,225827.015625,225934.21875,-0.51318359375,0.000244140625,-0.8134765625,-0.8239745497703552,0.4577636420726776,0.4272460639476776,80.0,7978.0,1.0,O,F,O,0
225357.546875,225475.734375,225695.046875,225577.578125,225701.046875,225938.421875,225772.390625,225879.59375,-0.513671875,0.001953125,-0.814208984375,-0.8239745497703552,0.4882812201976776,0.3967284858226776,80.0,7979.0,1.0,O,F,O,0
224512.203125,224630.21875,224849.53125,224731.953125,224855.34375,225092.453125,224926.953125,225033.703125,-0.51318359375,0.001708984375,-0.81005859375,-0.7934569716453552,0.4272460639476776,0.3967284858226776,80.0,7980.0,1.0,O,F,O,0
224483.3125,224601.15625,224820.46875,224703.171875,224826.46875,225063.390625,224897.984375,225004.65625,-0.514404296875,0.000732421875,-0.81005859375,-0.7629393935203552,0.4577636420726776,0.4882812201976776,80.0,7981.0,1.0,O,F,O,0
225347.890625,225466.265625,225685.75,225568.359375,225691.65625,225928.671875,225763.359375,225869.84375,-0.5146484375,0.000732421875,-0.8134765625,-0.7324218153953552,0.4577636420726776,0.4272460639476776,80.0,7982.0,1.0,O,F,O,0
225512.390625,225630.671875,225849.90625,225732.0625,225855.71875,226093.09375,225927.421875,226034.171875,-0.51611328125,-0.00048828125,-0.81494140625,-0.6713866591453552,0.5187987685203552,0.4577636420726776,80.0,7983.0,1.0,O,F,O,0
224690.5625,224808.84375,225028.078125,224910.5,225033.4375,225271.0,225105.40625,225212.078125,-0.51611328125,0.0,-0.810791015625,-0.7934569716453552,0.4882812201976776,0.4882812201976776,80.0,7984.0,1.0,O,F,O,0
224443.984375,224562.265625,224781.40625,224663.734375,224786.859375,225024.328125,224858.828125,224965.3125,-0.514404296875,0.00146484375,-0.8125,-0.7934569716453552,0.5187987685203552,0.3967284858226776,80.0,7985.0,1.0,O,F,O,0
225257.671875,225376.3125,225595.359375,225477.34375,225600.734375,225838.109375,225672.4375,225779.359375,-0.51611328125,0.0029296875,-0.81298828125,-0.7324218153953552,0.4882812201976776,0.3662109076976776,80.0,7986.0,1.0,O,F,O,0
225629.34375,225747.625,225966.84375,225848.828125,225972.03125,226209.765625,226043.734375,226150.765625,-0.515625,0.002685546875,-0.813232421875,-0.7019042372703552,0.5187987685203552,0.3356933295726776,80.0,7987.0,1.0,O,F,O,0
224887.890625,225005.71875,225224.953125,225107.375,225230.5,225467.78125,225302.203125,225408.953125,-0.513916015625,0.000732421875,-0.814453125,-0.7934569716453552,0.4272460639476776,0.5493163466453552,80.0,7988.0,1.0,O,F,O,0
224444.25,224562.4375,224781.671875,224664.1875,224787.125,225024.328125,224859.09375,224965.671875,-0.51513671875,-0.0009765625,-0.81201171875,-0.7934569716453552,0.4577636420726776,0.4577636420726776,80.0,7989.0,1.0,O,F,O,0
225153.875,225272.15625,225491.46875,225373.8125,225496.84375,225734.21875,225568.453125,225675.5625,-0.515625,0.000732421875,-0.810546875,-0.6713866591453552,0.5187987685203552,0.4882812201976776,80.0,7990.0,1.0,O,F,O,0
225708.734375,225827.109375,226046.25,225928.84375,226051.78125,226289.34375,226123.671875,226230.78125,-0.515380859375,-0.002197265625,-0.813720703125,-0.7019042372703552,0.4577636420726776,0.4882812201976776,80.0,7991.0,1.0,O,F,O,0
225093.796875,225212.25,225431.125,225313.8125,225437.015625,225674.3125,225508.8125,225615.484375,-0.514404296875,0.00048828125,-0.813720703125,-0.7934569716453552,0.4577636420726776,0.4882812201976776,80.0,7992.0,1.0,O,F,O,0
224481.078125,224599.546875,224818.6875,224701.109375,224824.40625,225061.609375,224896.296875,225002.6875,-0.513427734375,0.0009765625,-0.814208984375,-0.6713866591453552,0.4577636420726776,0.4882812201976776,80.0,7993.0,1.0,O,F,O,0
225039.96875,225158.34375,225377.65625,225260.09375,225383.015625,225620.578125,225454.8125,225561.65625,-0.514892578125,0.001220703125,-0.81103515625,-0.7324218153953552,0.5187987685203552,0.4577636420726776,80.0,7994.0,1.0,O,F,O,0
225745.75,225864.390625,226083.53125,225965.78125,226088.890625,226326.265625,226160.234375,226267.96875,-0.515380859375,0.001220703125,-0.813720703125,-0.8239745497703552,0.4882812201976776,0.4272460639476776,80.0,7995.0,1.0,O,F,O,0
225299.421875,225418.15625,225637.203125,225519.28125,225642.5625,225879.671875,225713.921875,225821.203125,-0.51318359375,0.00146484375,-0.811767578125,-0.7324218153953552,0.4577636420726776,0.4882812201976776,80.0,7996.0,1.0,O,F,O,0
224557.53125,224676.078125,224895.21875,224777.640625,224900.765625,225137.78125,224972.203125,225079.03125,-0.510986328125,0.0009765625,-0.811279296875,-0.7629393935203552,0.4577636420726776,0.5493163466453552,80.0,7997.0,1.0,O,F,O,0
224931.421875,225049.71875,225268.9375,225151.1875,225274.390625,225511.5,225346.1875,225453.109375,-0.513671875,0.001708984375,-0.814208984375,-0.7934569716453552,0.5187987685203552,0.5798339247703552,80.0,7998.0,1.0,O,F,O,0
225741.71875,225860.0,226079.328125,225961.484375,226084.6875,226322.421875,226156.125,226263.765625,-0.513916015625,0.00146484375,-0.81396484375,-0.8239745497703552,0.5493163466453552,0.4882812201976776,80.0,7999.0,1.0,O,F,O,0
225492.984375,225611.359375,225830.765625,225713.109375,225836.140625,226073.59375,225907.578125,226015.125,-0.512451171875,0.0,-0.814208984375,-0.6713866591453552,0.5493163466453552,0.4272460639476776,80.0,8000.0,1.0,O,F,O,0
224673.046875,224791.234375,225010.546875,224892.796875,225015.828125,225253.203125,225087.53125,225194.375,-0.514892578125,0.0,-0.8115234375,-0.7934569716453552,0.4577636420726776,0.4577636420726776,80.0,8001.0,1.0,O,M,O,0
224841.03125,224959.5,225178.640625,225061.15625,225183.828125,225421.375,225255.96875,225362.640625,-0.514892578125,0.0009765625,-0.811279296875,-0.7934569716453552,0.6103515028953552,0.4272460639476776,80.0,8002.0,1.0,O,M,O,0
225705.15625,225823.53125,226043.03125,225925.28125,226048.296875,226285.859375,226120.359375,226227.109375,-0.515869140625,0.000732421875,-0.8134765625,-0.7934569716453552,0.4882812201976776,0.5798339247703552,80.0,8003.0,1.0,O,M,O,0
225671.359375,225789.203125,226008.78125,225890.859375,226014.0625,226251.4375,226085.765625,226193.140625,-0.512939453125,0.000732421875,-0.813232421875,-0.7629393935203552,0.4577636420726776,0.5493163466453552,80.0,8004.0,1.0,O,M,O,0
224826.1875,224944.21875,225163.34375,225045.875,225169.078125,225406.09375,225240.234375,225347.53125,-0.513671875,0.0009765625,-0.81298828125,-0.7324218153953552,0.4577636420726776,0.4577636420726776,80.0,8005.0,1.0,O,M,O,0
224775.953125,224894.234375,225113.1875,224995.4375,225118.828125,225355.9375,225190.34375,225297.015625,-0.511474609375,0.0009765625,-0.814697265625,-0.7934569716453552,0.5187987685203552,0.4882812201976776,80.0,8006.0,1.0,O,M,O,0
225637.828125,225756.46875,225975.875,225858.046875,225980.890625,226218.53125,226052.953125,226159.703125,-0.514404296875,0.003662109375,-0.814453125,-0.7324218153953552,0.4882812201976776,0.4272460639476776,80.0,8007.0,1.0,O,M,O,0
225821.390625,225939.671875,226159.078125,226041.421875,226163.984375,226401.8125,226235.703125,226342.984375,-0.514892578125,0.002685546875,-0.81396484375,-0.7324218153953552,0.5187987685203552,0.3356933295726776,80.0,8008.0,1.0,O,M,O,0
225005.28125,225123.46875,225342.609375,225225.125,225347.96875,225584.8125,225419.5,225526.15625,-0.51318359375,0.00048828125,-0.81298828125,-0.6408690810203552,0.4272460639476776,0.4577636420726776,80.0,8009.0,1.0,O,M,O,0
224739.734375,224857.9375,225076.984375,224959.671875,225082.4375,225319.28125,225154.3125,225260.53125,-0.513427734375,0.00244140625,-0.81298828125,-0.7019042372703552,0.3967284858226776,0.4577636420726776,80.0,8010.0,1.0,O,M,O,0
225544.40625,225662.59375,225881.90625,225764.34375,225887.453125,226124.5625,225959.421875,226066.09375,-0.512939453125,0.001220703125,-0.81005859375,-0.7019042372703552,0.5493163466453552,0.4577636420726776,80.0,8011.0,1.0,O,M,O,0
225934.21875,226051.96875,226271.640625,226153.984375,226277.1875,226514.828125,226349.0625,226456.53125,-0.513671875,-0.000244140625,-0.810302734375,-0.7324218153953552,0.5187987685203552,0.4882812201976776,80.0,8012.0,1.0,O,M,O,0
225201.96875,225319.71875,225539.65625,225421.734375,225544.765625,225782.40625,225616.46875,225723.84375,-0.514404296875,0.00048828125,-0.81103515625,-0.7324218153953552,0.5187987685203552,0.4882812201976776,80.0,8013.0,1.0,O,M,O,0
224740.625,224858.46875,225078.140625,224960.578125,225083.6875,225320.53125,225155.21875,225261.96875,-0.513916015625,0.001708984375,-0.8125,-0.7324218153953552,0.3662109076976776,0.5187987685203552,80.0,8014.0,1.0,O,M,O,0
225435.953125,225553.78125,225773.015625,225655.625,225778.46875,226015.3125,225850.171875,225957.28125,-0.51416015625,0.00146484375,-0.811279296875,-0.7629393935203552,0.3967284858226776,0.6408690810203552,80.0,8015.0,1.0,O,M,O,0
226008.15625,226126.4375,226345.21875,226227.734375,226350.765625,226587.78125,226422.828125,226529.578125,-0.515380859375,0.000244140625,-0.8125,-0.7629393935203552,0.4272460639476776,0.5798339247703552,80.0,8016.0,1.0,O,M,O,0
225409.03125,225527.140625,225746.109375,225628.4375,225751.640625,225988.671875,225823.53125,225930.015625,-0.515380859375,0.00048828125,-0.81103515625,-0.6713866591453552,0.4272460639476776,0.4577636420726776,80.0,8017.0,1.0,O,M,O,0
224783.28125,224901.203125,225120.4375,225002.765625,225125.703125,225362.71875,225197.765625,225304.171875,-0.51416015625,0.000732421875,-0.8095703125,-0.6408690810203552,0.3662109076976776,0.4272460639476776,80.0,8018.0,1.0,O,M,O,0
225324.8125,225443.109375,225662.421875,225544.671875,225667.421875,225905.0625,225739.578125,225846.328125,-0.515625,0.001953125,-0.80859375,-0.6713866591453552,0.4882812201976776,0.3356933295726776,80.0,8019.0,1.0,O,M,O,0
226042.21875,226160.421875,226379.1875,226262.078125,226384.734375,226622.46875,226456.625,226563.90625,-0.5166015625,0.00146484375,-0.810302734375,-0.7324218153953552,0.4882812201976776,0.4577636420726776,80.0,8020.0,1.0,O,M,O,0
225616.46875,225734.65625,225953.53125,225836.3125,225958.625,226196.359375,226030.59375,226138.0625,-0.51513671875,0.001220703125,-0.811279296875,-0.6713866591453552,0.3662109076976776,0.3356933295726776,80.0,8021.0,1.0,O,M,O,0
224866.96875,224984.984375,225204.125,225086.8125,225209.296875,225446.765625,225281.453125,225388.203125,-0.513916015625,0.001220703125,-0.81103515625,-0.7324218153953552,0.4272460639476776,0.3967284858226776,80.0,8022.0,1.0,O,M,O,0
225222.09375,225340.109375,225559.421875,225441.84375,225564.703125,225802.15625,225636.671875,225743.515625,-0.51318359375,0.000732421875,-0.812255859375,-0.7934569716453552,0.4577636420726776,0.4577636420726776,80.0,8023.0,1.0,O,M,O,0
226039.453125,226157.546875,226377.046875,226259.390625,226382.140625,226619.703125,226453.84375,226561.140625,-0.513427734375,0.00146484375,-0.813720703125,-0.7934569716453552,0.5187987685203552,0.4882812201976776,80.0,8024.0,1.0,O,M,O,0
225809.9375,225927.78125,226147.546875,226029.875,226152.640625,226390.28125,226224.4375,226331.546875,-0.51416015625,0.00146484375,-0.81494140625,-0.7324218153953552,0.4882812201976776,0.4882812201976776,80.0,8025.0,1.0,O,M,O,0
224984.171875,225102.015625,225321.515625,225204.203125,225326.96875,225564.078125,225398.484375,225505.328125,-0.515625,0.0009765625,-0.812744140625,-0.7629393935203552,0.3662109076976776,0.4272460639476776,80.0,8026.0,1.0,O,M,O,0
225127.765625,225245.78125,225465.09375,225347.890625,225470.28125,225708.1875,225542.796875,225649.28125,-0.515625,-0.00048828125,-0.809326171875,-0.7019042372703552,0.4577636420726776,0.3967284858226776,80.0,8027.0,1.0,O,M,O,0
225993.9375,226112.046875,226331.1875,226213.875,226336.1875,226574.375,226408.703125,226515.8125,-0.51513671875,0.000244140625,-0.810302734375,-0.7629393935203552,0.4577636420726776,0.4577636420726776,80.0,8028.0,1.0,O,M,O,0
225983.921875,226102.125,226321.34375,226204.140625,226326.53125,226564.359375,226398.59375,226505.96875,-0.515625,-0.00146484375,-0.810791015625,-0.7934569716453552,0.5493163466453552,0.3662109076976776,80.0,8029.0,1.0,O,M,O,0
225139.5625,225257.9375,225476.71875,225359.5,225482.171875,225719.734375,225554.140625,225660.984375,-0.515380859375,0.00048828125,-0.8125,-0.7019042372703552,0.5187987685203552,0.3662109076976776,80.0,8030.0,1.0,O,M,O,0
225065.265625,225183.640625,225402.6875,225285.125,225407.609375,225645.25,225479.765625,225586.421875,-0.512939453125,0.0009765625,-0.81005859375,-0.7629393935203552,0.4272460639476776,0.3662109076976776,80.0,8031.0,1.0,O,M,O,0
225923.9375,226042.3125,226261.265625,226143.703125,226266.546875,226504.625,226338.78125,226445.625,-0.51416015625,-0.00146484375,-0.808837890625,-0.7019042372703552,0.3356933295726776,0.3051757514476776,80.0,8032.0,1.0,O,M,O,0
226127.15625,226245.53125,226464.40625,226346.734375,226469.765625,226707.671875,226541.5625,226648.84375,-0.51171875,0.00048828125,-0.810791015625,-0.7324218153953552,0.4577636420726776,0.4272460639476776,80.0,8033.0,1.0,O,M,O,0
225316.328125,225434.515625,225653.828125,225535.734375,225658.75,225896.671875,225730.90625,225837.75,-0.511474609375,-0.0009765625,-0.8134765625,-0.6713866591453552,0.4272460639476776,0.4272460639476776,80.0,8034.0,1.0,O,M,O,0
225031.46875,225149.484375,225369.078125,225250.875,225373.640625,225611.640625,225445.96875,225552.625,-0.512939453125,-0.001220703125,-0.8134765625,-0.7324218153953552,0.4577636420726776,0.4577636420726776,80.0,8035.0,1.0,O,M,O,0
225828.625,225946.90625,226165.59375,226048.03125,226170.875,226408.78125,226242.9375,226350.21875,-0.512939453125,-0.000244140625,-0.812255859375,-0.7019042372703552,0.4882812201976776,0.4882812201976776,80.0,8036.0,1.0,O,M,O,0
226238.015625,226356.125,226575.0,226457.6875,226580.359375,226818.625,226652.515625,226759.796875,-0.512939453125,-0.001708984375,-0.8115234375,-0.7019042372703552,0.4882812201976776,0.3967284858226776,80.0,8037.0,1.0,O,M,O,0
225515.796875,225633.8125,225852.9375,225735.46875,225858.671875,226096.046875,225930.375,226037.296875,-0.51318359375,-0.000244140625,-0.813232421875,-0.7324218153953552,0.4882812201976776,0.4272460639476776,80.0,8038.0,1.0,O,M,O,0
225036.84375,225154.859375,225374.265625,225256.515625,225379.625,225617.0,225451.59375,225558.078125,-0.5146484375,0.000244140625,-0.81494140625,-0.7019042372703552,0.4882812201976776,0.4272460639476776,80.0,8039.0,1.0,O,M,O,0
225721.609375,225839.71875,226059.390625,225941.375,226064.03125,226301.953125,226136.28125,226243.203125,-0.51416015625,0.0,-0.814208984375,-0.7324218153953552,0.3967284858226776,0.5187987685203552,80.0,8040.0,1.0,O,M,O,0
226311.15625,226429.171875,226648.75,226530.65625,226653.40625,226891.578125,226725.734375,226832.9375,-0.514404296875,0.001708984375,-0.812744140625,-0.7934569716453552,0.4577636420726776,0.4882812201976776,80.0,8041.0,1.0,O,M,O,0
225724.5625,225842.125,226061.4375,225943.875,226066.625,226304.8125,226138.78125,226246.0625,-0.51513671875,0.001953125,-0.813232421875,-0.8239745497703552,0.4882812201976776,0.3967284858226776,80.0,8042.0,1.0,O,M,O,0
225083.421875,225201.078125,225420.125,225302.640625,225425.21875,225663.21875,225497.46875,225604.578125,-0.513916015625,0.001220703125,-0.81103515625,-0.7629393935203552,0.4577636420726776,0.3967284858226776,80.0,8043.0,1.0,O,M,O,0
225608.953125,225726.96875,225946.28125,225828.71875,225951.375,226189.203125,226023.265625,226130.640625,-0.514404296875,0.0,-0.811767578125,-0.6713866591453552,0.4577636420726776,0.4272460639476776,80.0,8044.0,1.0,O,M,O,0
226339.046875,226457.15625,226676.734375,226558.8125,226681.5625,226919.484375,226753.625,226861.09375,-0.513916015625,-0.000244140625,-0.8134765625,-0.7019042372703552,0.4577636420726776,0.3356933295726776,80.0,8045.0,1.0,O,M,O,0
225928.9375,226047.140625,226266.546875,226148.609375,226271.453125,226509.734375,226343.515625,226450.8125,-0.513916015625,0.00146484375,-0.811767578125,-0.7019042372703552,0.5187987685203552,0.3662109076976776,80.0,8046.0,1.0,O,M,O,0
225169.421875,225287.625,225506.765625,225389.28125,225512.03125,225749.859375,225584.09375,225690.765625,-0.514892578125,0.000732421875,-0.813720703125,-0.7629393935203552,0.5493163466453552,0.4882812201976776,80.0,8047.0,1.0,O,M,O,0
225506.140625,225624.859375,225843.640625,225726.078125,225849.1875,226086.46875,225921.25,226028.09375,-0.515380859375,0.000732421875,-0.8115234375,-0.7019042372703552,0.5493163466453552,0.4882812201976776,80.0,8048.0,1.0,O,M,O,0
226331.1875,226449.640625,226669.046875,226551.03125,226673.96875,226911.875,226746.390625,226853.59375,-0.514404296875,-0.00048828125,-0.809814453125,-0.7019042372703552,0.4577636420726776,0.4882812201976776,80.0,8049.0,1.0,O,M,O,0
226121.96875,226240.171875,226459.390625,226341.46875,226464.40625,226702.125,226536.90625,226643.84375,-0.514892578125,0.001220703125,-0.812255859375,-0.7019042372703552,0.4272460639476776,0.4882812201976776,80.0,8050.0,1.0,O,M,O,0
225291.828125,225410.015625,225628.984375,225511.046875,225634.609375,225871.8125,225706.5,225813.515625,-0.51416015625,0.000732421875,-0.812255859375,-0.7019042372703552,0.4882812201976776,0.4882812201976776,80.0,8051.0,1.0,O,M,O,0
225415.65625,225534.03125,225753.171875,225635.421875,225758.359375,225995.90625,225830.328125,225937.34375,-0.513427734375,-0.00048828125,-0.814453125,-0.6713866591453552,0.3967284858226776,0.3662109076976776,80.0,8052.0,1.0,O,M,O,0
226285.765625,226403.875,226623.0,226505.53125,226628.1875,226865.84375,226699.984375,226807.453125,-0.51416015625,0.000244140625,-0.81494140625,-0.6713866591453552,0.4272460639476776,0.3662109076976776,80.0,8053.0,1.0,O,M,O,0
226293.625,226411.65625,226630.875,226513.125,226635.796875,226873.53125,226707.578125,226815.046875,-0.51416015625,0.00146484375,-0.8134765625,-0.7324218153953552,0.5493163466453552,0.3967284858226776,80.0,8054.0,1.0,O,M,O,0
225448.203125,225566.03125,225785.4375,225667.421875,225790.71875,226028.265625,225862.328125,225969.796875,-0.513671875,0.001953125,-0.814208984375,-0.7324218153953552,0.4882812201976776,0.4577636420726776,80.0,8055.0,1.0,O,M,O,0
225354.046875,225472.25,225691.65625,225574.078125,225696.84375,225934.3125,225768.8125,225875.921875,-0.51416015625,0.002197265625,-0.812255859375,-0.6713866591453552,0.5187987685203552,0.4272460639476776,80.0,8056.0,1.0,O,M,O,0
226208.875,226327.609375,226546.5625,226429.078125,226551.578125,226789.65625,226623.625,226731.015625,-0.51513671875,0.001220703125,-0.811767578125,-0.7629393935203552,0.5187987685203552,0.4577636420726776,80.0,8057.0,1.0,O,M,O,0
226433.375,226552.015625,226771.25,226653.40625,226776.25,227014.15625,226848.21875,226955.421875,-0.514892578125,-0.000244140625,-0.811279296875,-0.7019042372703552,0.5187987685203552,0.4882812201976776,80.0,8058.0,1.0,O,M,O,0
225631.125,225749.140625,225968.453125,225850.796875,225973.828125,226211.375,226045.34375,226152.640625,-0.51611328125,0.00244140625,-0.8125,-0.6713866591453552,0.4882812201976776,0.4882812201976776,80.0,8059.0,1.0,O,M,O,0
225327.765625,225445.96875,225665.28125,225547.703125,225670.828125,225908.109375,225742.4375,225849.28125,-0.5146484375,0.0009765625,-0.810302734375,-0.6408690810203552,0.4882812201976776,0.3967284858226776,80.0,8060.0,1.0,O,M,O,0
226114.109375,226232.921875,226452.421875,226334.578125,226457.328125,226695.0625,226529.390625,226636.5,-0.51513671875,0.000732421875,-0.8125,-0.7629393935203552,0.5187987685203552,0.3967284858226776,80.0,8061.0,1.0,O,M,O,0
226542.0,226660.640625,226880.234375,226762.296875,226885.140625,227122.96875,226957.03125,227064.140625,-0.513671875,0.002197265625,-0.812744140625,-0.7324218153953552,0.3967284858226776,0.3662109076976776,80.0,8062.0,1.0,O,M,O,0
225832.46875,225950.9375,226170.34375,226052.328125,226175.4375,226412.8125,226246.953125,226354.15625,-0.51416015625,0.0009765625,-0.811767578125,-0.8544921278953552,0.4882812201976776,0.4272460639476776,80.0,8063.0,1.0,O,M,O,0
225336.078125,225454.015625,225673.421875,225555.3125,225678.6875,225916.328125,225750.125,225857.5,-0.51318359375,0.002197265625,-0.80908203125,-0.7934569716453552,0.4882812201976776,0.3662109076976776,80.0,8064.0,1.0,O,M,O,0
226006.71875,226124.828125,226344.234375,226225.859375,226348.96875,226587.0625,226421.03125,226528.328125,-0.51416015625,0.00244140625,-0.810546875,-0.7629393935203552,0.4577636420726776,0.3662109076976776,80.0,8065.0,1.0,O,M,O,0
226611.203125,226729.40625,226948.890625,226830.78125,226953.453125,227191.90625,227025.421875,227133.078125,-0.51416015625,0.004150390625,-0.810546875,-0.7019042372703552,0.3967284858226776,0.3662109076976776,80.0,8066.0,1.0,O,M,O,0
226039.890625,226158.453125,226377.859375,226259.828125,226382.5,226620.234375,226454.296875,226561.3125,-0.51171875,0.001220703125,-0.81103515625,-0.7019042372703552,0.3662109076976776,0.3967284858226776,80.0,8067.0,1.0,O,M,O,0
225386.515625,225505.0625,225724.109375,225606.453125,225729.203125,225967.109375,225801.171875,225908.015625,-0.51318359375,0.000244140625,-0.810546875,-0.7629393935203552,0.3967284858226776,0.4272460639476776,80.0,8068.0,1.0,O,M,O,0
225895.328125,226013.609375,226233.015625,226115.171875,226237.9375,226475.75,226309.90625,226417.28125,-0.514404296875,0.000244140625,-0.810791015625,-0.6713866591453552,0.3967284858226776,0.3356933295726776,80.0,8069.0,1.0,O,M,O,0
226634.8125,226753.1875,226972.765625,226854.921875,226977.0625,227215.234375,227049.484375,227157.03125,-0.513427734375,0.000244140625,-0.81201171875,-0.8544921278953552,0.4882812201976776,0.3356933295726776,80.0,8070.0,1.0,O,M,O,0
226243.75,226362.109375,226580.890625,226463.421875,226586.078125,226824.171875,226657.875,226765.34375,-0.515869140625,0.000732421875,-0.814697265625,-0.7934569716453552,0.4272460639476776,0.3356933295726776,80.0,8071.0,1.0,O,M,O,0
225475.375,225593.75,225812.890625,225694.96875,225818.25,226055.625,225889.953125,225996.625,-0.515380859375,-0.001708984375,-0.8134765625,-0.7324218153953552,0.4577636420726776,0.3662109076976776,80.0,8072.0,1.0,O,M,O,0
225793.21875,225911.421875,226130.734375,226012.71875,226135.921875,226373.46875,226207.53125,226314.640625,-0.51318359375,0.0,-0.812255859375,-0.7629393935203552,0.4272460639476776,0.4272460639476776,80.0,8073.0,1.0,O,M,O,0
226623.984375,226742.0,226961.59375,226843.75,226966.59375,227204.515625,227038.296875,227146.03125,-0.5146484375,0.000244140625,-0.810791015625,-0.6713866591453552,0.4577636420726776,0.4272460639476776,80.0,8074.0,1.0,O,M,O,0
226438.03125,226556.21875,226775.265625,226657.96875,226780.8125,227018.09375,226852.25,226959.984375,-0.513427734375,0.000244140625,-0.81201171875,-0.6408690810203552,0.4577636420726776,0.4882812201976776,80.0,8075.0,1.0,O,M,O,0
225603.40625,225721.515625,225940.828125,225823.265625,225946.46875,226183.65625,226017.90625,226124.828125,-0.513671875,0.000732421875,-0.8125,-0.7019042372703552,0.5493163466453552,0.4882812201976776,80.0,8076.0,1.0,O,M,O,0
225704.890625,225823.078125,226042.578125,225924.65625,226047.765625,226285.140625,226119.28125,226226.3125,-0.51318359375,0.0009765625,-0.811279296875,-0.7324218153953552,0.5493163466453552,0.4272460639476776,80.0,8077.0,1.0,O,M,O,0
226573.828125,226691.9375,226911.515625,226793.59375,226916.53125,227154.171875,226988.0625,227095.609375,-0.514404296875,0.002197265625,-0.811767578125,-0.7019042372703552,0.4272460639476776,0.5187987685203552,80.0,8078.0,1.0,O,M,O,0
226602.796875,226721.359375,226940.84375,226822.828125,226945.671875,227183.40625,227017.375,227124.84375,-0.515380859375,0.001220703125,-0.813232421875,-0.7629393935203552,0.4272460639476776,0.3967284858226776,80.0,8079.0,1.0,O,M,O,0
225761.03125,225879.234375,226098.71875,225980.796875,226103.828125,226341.015625,226175.171875,226282.453125,-0.514892578125,0.000732421875,-0.812255859375,-0.7019042372703552,0.4272460639476776,0.4577636420726776,80.0,8080.0,1.0,O,M,O,0
225647.484375,225766.125,225985.359375,225867.421875,225990.359375,226227.921875,226062.0625,226169.265625,-0.513427734375,-0.000732421875,-0.811279296875,-0.7934569716453552,0.4272460639476776,0.4882812201976776,80.0,8081.0,1.0,O,M,O,0
226498.375,226616.84375,226836.0625,226718.5,226841.25,227079.078125,226912.953125,227020.6875,-0.511962890625,-0.001220703125,-0.81201171875,-0.7019042372703552,0.3051757514476776,0.3356933295726776,80.0,8082.0,1.0,O,M,O,0
226743.53125,226861.640625,227080.859375,226963.375,227086.40625,227324.3125,227158.015625,227265.3125,-0.514892578125,0.0,-0.81396484375,-0.7019042372703552,0.4272460639476776,0.4272460639476776,80.0,8083.0,1.0,O,M,O,0
225945.84375,226063.9375,226283.53125,226165.515625,226288.984375,226526.453125,226360.328125,226467.53125,-0.516357421875,-0.000244140625,-0.81787109375,-0.6713866591453552,0.5493163466453552,0.3967284858226776,80.0,8084.0,1.0,O,M,O,0
225621.46875,225739.75,225959.078125,225841.234375,225964.25,226201.8125,226035.875,226143.15625,-0.515380859375,0.00048828125,-0.818115234375,-0.6103515028953552,0.4577636420726776,0.4577636420726776,80.0,8085.0,1.0,O,M,O,0
226398.78125,226516.96875,226736.015625,226618.171875,226741.109375,226979.109375,226813.4375,226920.640625,-0.512451171875,0.0009765625,-0.81640625,-0.7324218153953552,0.4272460639476776,0.3967284858226776,80.0,8086.0,1.0,O,M,O,0
226844.640625,226962.9375,227181.890625,227064.3125,227186.984375,227425.171875,227259.046875,227366.609375,-0.512939453125,-0.00048828125,-0.810791015625,-0.7934569716453552,0.4577636420726776,0.3356933295726776,80.0,8087.0,1.0,O,M,O,0
226146.375,226264.578125,226483.796875,226366.046875,226488.625,226726.71875,226560.6875,226668.15625,-0.514404296875,-0.000732421875,-0.811767578125,-0.8239745497703552,0.5187987685203552,0.4272460639476776,80.0,8088.0,1.0,O,M,O,0
225634.4375,225752.546875,225971.9375,225853.75,225976.859375,226214.6875,226048.484375,226156.125,-0.515625,-0.000732421875,-0.815185546875,-0.7629393935203552,0.5798339247703552,0.2746581733226776,80.0,8089.0,1.0,O,M,O,0
226290.953125,226409.0625,226628.1875,226510.4375,226633.203125,226871.203125,226704.90625,226812.640625,-0.514404296875,0.001953125,-0.811767578125,-0.7324218153953552,0.4882812201976776,0.3967284858226776,80.0,8090.0,1.0,O,M,O,0
226908.578125,227026.953125,227246.171875,227128.609375,227251.09375,227489.453125,227323.15625,227431.15625,-0.513671875,0.001708984375,-0.809326171875,-0.8239745497703552,0.5187987685203552,0.4577636420726776,80.0,8091.0,1.0,O,M,O,0
226353.53125,226472.09375,226691.5,226573.46875,226696.234375,226934.671875,226768.375,226875.84375,-0.513916015625,-0.000244140625,-0.813720703125,-0.7324218153953552,0.5798339247703552,0.4882812201976776,80.0,8092.0,1.0,O,M,O,0
225686.828125,225805.015625,226024.15625,225906.328125,226029.171875,226267.4375,226101.234375,226208.25,-0.514892578125,-0.0009765625,-0.816162109375,-0.6408690810203552,0.5187987685203552,0.4577636420726776,80.0,8093.0,1.0,O,M,O,0
226177.671875,226295.59375,226514.828125,226397.515625,226519.734375,226758.015625,226591.984375,226699.265625,-0.513916015625,-0.000732421875,-0.81689453125,-0.7324218153953552,0.5493163466453552,0.4577636420726776,80.0,8094.0,1.0,O,M,O,0
226931.1875,227049.484375,227268.34375,227150.78125,227273.265625,227511.796875,227345.5,227453.421875,-0.51318359375,0.00048828125,-0.814453125,-0.6408690810203552,0.5187987685203552,0.3662109076976776,80.0,8095.0,1.0,O,M,O,0
226558.453125,226676.5625,226895.515625,226777.765625,226900.703125,227138.796875,226972.765625,227080.59375,-0.51318359375,0.002197265625,-0.81103515625,-0.5798339247703552,0.5187987685203552,0.3662109076976776,80.0,8096.0,1.0,O,M,O,0
225780.171875,225897.921875,226117.328125,225999.65625,226122.5,226360.234375,226194.484375,226301.859375,-0.513671875,0.00048828125,-0.8125,-0.6103515028953552,0.4882812201976776,0.3356933295726776,80.0,8097.0,1.0,O,M,O,0
226076.46875,226194.5625,226413.96875,226296.140625,226418.796875,226656.796875,226490.59375,226597.890625,-0.513916015625,-0.000244140625,-0.81396484375,-0.6408690810203552,0.4882812201976776,0.3967284858226776,80.0,8098.0,1.0,O,M,O,0
226913.765625,227031.6875,227251.265625,227133.34375,227256.1875,227494.453125,227328.25,227435.8125,-0.514404296875,0.00048828125,-0.812744140625,-0.7934569716453552,0.4272460639476776,0.4272460639476776,80.0,8099.0,1.0,O,M,O,0
226745.40625,226863.15625,227082.640625,226964.625,227087.828125,227326.1875,227160.078125,227267.453125,-0.513427734375,0.000732421875,-0.81201171875,-0.7629393935203552,0.4272460639476776,0.4577636420726776,80.0,8100.0,1.0,O,M,O,0
225909.890625,226027.90625,226247.140625,226129.484375,226252.5,226490.5,226324.484375,226431.5,-0.51513671875,0.000244140625,-0.8125,-0.7019042372703552,0.5493163466453552,0.5187987685203552,80.0,8101.0,1.0,O,M,O,0
225994.5625,226112.765625,226332.171875,226214.234375,226337.703125,226574.8125,226408.96875,226516.4375,-0.51416015625,-0.00146484375,-0.816162109375,-0.7629393935203552,0.4577636420726776,0.4577636420726776,80.0,8102.0,1.0,O,M,O,0
226865.03125,226982.953125,227202.453125,227084.703125,227207.8125,227445.46875,227279.171875,227387.171875,-0.515625,-0.001953125,-0.81494140625,-0.7019042372703552,0.3662109076976776,0.4577636420726776,80.0,8103.0,1.0,O,M,O,0
226914.828125,227032.84375,227252.15625,227134.234375,227257.34375,227495.4375,227329.046875,227436.875,-0.515625,-0.0009765625,-0.812255859375,-0.7324218153953552,0.3967284858226776,0.4882812201976776,80.0,8104.0,1.0,O,M,O,0
226074.859375,226193.3125,226412.359375,226294.4375,226417.640625,226655.46875,226489.515625,226596.984375,-0.516357421875,0.002685546875,-0.8134765625,-0.7324218153953552,0.4577636420726776,0.5187987685203552,80.0,8105.0,1.0,O,M,O,0
225939.765625,226057.953125,226277.0,226159.25,226282.015625,226520.09375,226354.25,226461.8125,-0.51611328125,0.002685546875,-0.8134765625,-0.7934569716453552,0.5187987685203552,0.4882812201976776,80.0,8106.0,1.0,O,M,O,0
226784.390625,226902.765625,227121.8125,227003.875,227126.90625,227365.265625,227198.875,227306.4375,-0.513671875,0.0,-0.8115234375,-0.7629393935203552,0.5187987685203552,0.4272460639476776,80.0,8107.0,1.0,O,M,O,0
227050.90625,227169.546875,227388.6875,227270.40625,227393.515625,227632.328125,227465.484375,227573.3125,-0.514404296875,0.0,-0.814453125,-0.7934569716453552,0.4882812201976776,0.3356933295726776,80.0,8108.0,1.0,O,M,O,0
226263.953125,226382.140625,226601.375,226483.171875,226606.5625,226844.734375,226678.171875,226785.734375,-0.51416015625,-0.001708984375,-0.813720703125,-0.7019042372703552,0.3967284858226776,0.3051757514476776,80.0,8109.0,1.0,O,M,O,0
225919.734375,226037.390625,226256.96875,226139.140625,226262.515625,226500.078125,226333.6875,226441.328125,-0.514892578125,-0.000244140625,-0.81103515625,-0.6408690810203552,0.3662109076976776,0.3662109076976776,80.0,8110.0,1.0,O,M,O,0
226685.0625,226803.25,227022.75,226904.8125,227028.015625,227265.9375,227099.453125,227207.546875,-0.51513671875,0.000244140625,-0.81005859375,-0.6408690810203552,0.4272460639476776,0.4882812201976776,80.0,8111.0,1.0,O,M,O,0
227148.625,227266.734375,227486.140625,227368.21875,227491.15625,227729.59375,227563.203125,227671.125,-0.513671875,0.0009765625,-0.811279296875,-0.7324218153953552,0.4577636420726776,0.4577636420726776,80.0,8112.0,1.0,O,M,O,0
226463.328125,226581.34375,226800.84375,226682.90625,226805.390625,227043.578125,226877.734375,226985.109375,-0.514404296875,0.0,-0.810546875,-0.7324218153953552,0.5187987685203552,0.4577636420726776,80.0,8113.0,1.0,O,M,O,0
225932.25,226050.4375,226269.84375,226151.921875,226274.765625,226512.859375,226346.5625,226454.296875,-0.5146484375,0.0009765625,-0.81103515625,-0.7019042372703552,0.4577636420726776,0.3662109076976776,80.0,8114.0,1.0,O,M,O,0
226571.859375,226690.234375,226909.640625,226791.265625,226914.390625,227152.65625,226986.453125,227094.0,-0.515380859375,0.001220703125,-0.8115234375,-0.7019042372703552,0.5493163466453552,0.4577636420726776,80.0,8115.0,1.0,O,M,O,0
227207.640625,227326.109375,227544.96875,227426.78125,227549.796875,227788.34375,227621.953125,227729.6875,-0.512939453125,0.00244140625,-0.81396484375,-0.6408690810203552,0.4577636420726776,0.3967284858226776,80.0,8116.0,1.0,O,M,O,0
226672.453125,226790.5625,227009.515625,226891.671875,227014.515625,227252.96875,227086.84375,227194.3125,-0.512939453125,0.000732421875,-0.8115234375,-0.7019042372703552,0.4882812201976776,0.3662109076976776,80.0,8117.0,1.0,O,M,O,0
225990.1875,226108.296875,226327.421875,226209.859375,226332.703125,226570.875,226404.5,226511.96875,-0.514404296875,0.001708984375,-0.811767578125,-0.6713866591453552,0.4577636420726776,0.3967284858226776,80.0,8118.0,1.0,O,M,O,0
226462.875,226580.890625,226800.21875,226682.734375,226805.484375,227043.484375,226877.1875,226985.109375,-0.515869140625,0.001220703125,-0.81298828125,-0.7019042372703552,0.4577636420726776,0.4272460639476776,80.0,8119.0,1.0,O,M,O,0
227226.328125,227344.515625,227564.28125,227446.171875,227569.46875,227807.5625,227640.8125,227749.09375,-0.51513671875,0.002685546875,-0.8134765625,-0.7019042372703552,0.3356933295726776,0.4272460639476776,80.0,8120.0,1.0,O,M,O,0
226875.046875,226993.234375,227212.734375,227094.71875,227218.28125,227456.375,227289.796875,227397.359375,-0.51416015625,0.0009765625,-0.81396484375,-0.8239745497703552,0.4272460639476776,0.5493163466453552,80.0,8121.0,1.0,O,M,O,0
226089.0625,226207.171875,226426.84375,226309.015625,226432.390625,226670.03125,226504.0,226611.03125,-0.51416015625,0.00244140625,-0.8125,-0.7629393935203552,0.3662109076976776,0.5493163466453552,80.0,8122.0,1.0,O,M,O,0
226363.09375,226481.46875,226700.703125,226582.59375,226706.25,226944.0625,226777.953125,226885.0625,-0.51416015625,0.0,-0.813232421875,-0.7629393935203552,0.3967284858226776,0.5187987685203552,80.0,8123.0,1.0,O,M,O,0
227207.375,227325.390625,227544.796875,227426.5,227550.0625,227788.34375,227622.125,227729.6875,-0.514404296875,0.000732421875,-0.813720703125,-0.6713866591453552,0.3967284858226776,0.4577636420726776,80.0,8124.0,1.0,O,M,O,0
227061.546875,227179.390625,227399.15625,227280.953125,227404.25,227642.0625,227475.953125,227583.59375,-0.514404296875,0.001220703125,-0.810546875,-0.7934569716453552,0.4577636420726776,0.4272460639476776,80.0,8125.0,1.0,O,M,O,0
226221.84375,226339.859375,226559.265625,226441.59375,226564.265625,226802.171875,226636.15625,226743.53125,-0.513671875,0.0,-0.814453125,-0.7934569716453552,0.5187987685203552,0.5187987685203552,80.0,8126.0,1.0,O,M,O,0
226280.9375,226399.125,226618.625,226500.78125,226623.28125,226861.8125,226695.25,226802.984375,-0.51513671875,-0.00048828125,-0.8154296875,-0.7019042372703552,0.5187987685203552,0.5493163466453552,80.0,8127.0,1.0,O,M,O,0
227149.53125,227267.90625,227487.125,227369.109375,227491.953125,227730.578125,227563.84375,227671.921875,-0.514404296875,-0.000732421875,-0.81396484375,-0.7629393935203552,0.4577636420726776,0.4577636420726776,80.0,8128.0,1.0,O,M,O,0
227224.625,227342.90625,227562.140625,227444.125,227567.328125,227805.5,227639.03125,227746.9375,-0.515869140625,0.0,-0.810791015625,-0.7019042372703552,0.4882812201976776,0.3662109076976776,80.0,8129.0,1.0,O,M,O,0
226387.328125,226505.53125,226724.9375,226607.265625,226730.03125,226967.9375,226802.09375,226909.203125,-0.513916015625,0.0,-0.8125,-0.7324218153953552,0.3967284858226776,0.3967284858226776,80.0,8130.0,1.0,O,M,O,0
226230.421875,226348.796875,226568.015625,226450.625,226573.203125,226811.03125,226645.171875,226752.203125,-0.51318359375,0.002197265625,-0.811767578125,-0.7324218153953552,0.4272460639476776,0.4882812201976776,80.0,8131.0,1.0,O,M,O,0
227069.953125,227188.328125,227407.46875,227289.984375,227412.65625,227651.09375,227484.53125,227592.0,-0.511962890625,0.002685546875,-0.811279296875,-0.7629393935203552,0.3662109076976776,0.4272460639476776,80.0,8132.0,1.0,O,M,O,0
227356.953125,227475.765625,227694.640625,227576.890625,227699.90625,227938.0,227771.796875,227879.171875,-0.513427734375,0.00244140625,-0.81298828125,-0.7629393935203552,0.3967284858226776,0.4882812201976776,80.0,8133.0,1.0,O,M,O,0
226576.34375,226694.71875,226913.84375,226795.921875,226919.296875,227156.671875,226991.0,227098.390625,-0.512939453125,0.0009765625,-0.813232421875,-0.7629393935203552,0.3662109076976776,0.5187987685203552,80.0,8134.0,1.0,O,M,O,0
226211.734375,226330.015625,226549.421875,226431.5,226554.515625,226792.078125,226626.046875,226733.6875,-0.514404296875,0.000732421875,-0.8134765625,-0.8239745497703552,0.4882812201976776,0.4577636420726776,80.0,8135.0,1.0,O,M,O,0
226967.84375,227086.3125,227305.453125,227187.4375,227310.640625,227548.453125,227382.078125,227490.078125,-0.51416015625,0.0009765625,-0.814697265625,-0.8544921278953552,0.5798339247703552,0.4577636420726776,80.0,8136.0,1.0,O,M,O,0
227451.265625,227569.734375,227788.875,227670.953125,227794.328125,228032.15625,227865.9375,227973.59375,-0.51318359375,0.00244140625,-0.8154296875,-0.8239745497703552,0.5187987685203552,0.3967284858226776,80.0,8137.0,1.0,O,M,O,0
226778.9375,226896.859375,227116.09375,226998.0625,227121.453125,227359.359375,227193.25,227300.359375,-0.513427734375,0.000244140625,-0.81298828125,-0.7019042372703552,0.4577636420726776,0.4272460639476776,80.0,8138.0,1.0,O,M,O,0
226232.5625,226350.046875,226569.71875,226451.703125,226575.078125,226812.734375,226647.0625,226753.625,-0.513916015625,0.00048828125,-0.8134765625,-0.7019042372703552,0.5798339247703552,0.4272460639476776,80.0,8139.0,1.0,O,M,O,0
226856.625,226974.28125,227193.78125,227076.203125,227199.0625,227437.0625,227271.203125,227378.40625,-0.513916015625,0.000244140625,-0.811279296875,-0.7629393935203552,0.5493163466453552,0.3051757514476776,80.0,8140.0,1.0,O,M,O,0
227503.3125,227621.328125,227840.375,227722.625,227845.921875,228084.0,227917.4375,228025.4375,-0.5126953125,0.00146484375,-0.811767578125,-0.7324218153953552,0.4882812201976776,0.3662109076976776,80.0,8141.0,1.0,O,M,O,0
226984.203125,227102.046875,227321.28125,227203.53125,227326.734375,227564.8125,227398.34375,227506.078125,-0.513671875,-0.00048828125,-0.811279296875,-0.6713866591453552,0.3662109076976776,0.4577636420726776,80.0,8142.0,1.0,O,M,O,0
226290.5,226408.25,226627.5625,226509.90625,226633.015625,226870.75,226704.71875,226812.1875,-0.514404296875,0.003173828125,-0.811767578125,-0.7629393935203552,0.4882812201976776,0.5187987685203552,80.0,8143.0,1.0,O,M,O,0
226743.34375,226861.453125,227080.6875,226963.015625,227085.953125,227323.875,227158.015625,227265.390625,-0.514892578125,0.00244140625,-0.8115234375,-0.7324218153953552,0.4882812201976776,0.3662109076976776,80.0,8144.0,1.0,O,M,O,0
227517.171875,227635.71875,227854.953125,227737.28125,227859.953125,228098.046875,227932.28125,228039.484375,-0.51318359375,0.002197265625,-0.81201171875,-0.7324218153953552,0.3662109076976776,0.4272460639476776,80.0,8145.0,1.0,O,M,O,0
227186.09375,227304.640625,227523.609375,227406.296875,227528.78125,227767.140625,227601.03125,227708.234375,-0.51220703125,0.001953125,-0.809814453125,-0.7019042372703552,0.4577636420726776,0.3967284858226776,80.0,8146.0,1.0,O,M,O,0
226393.3125,226512.140625,226730.921875,226613.078125,226736.015625,226974.203125,226808.34375,226915.28125,-0.5126953125,0.002197265625,-0.810546875,-0.7324218153953552,0.5187987685203552,0.4272460639476776,80.0,8147.0,1.0,O,M,O,0
226645.71875,226764.09375,226982.875,226865.203125,226988.140625,227226.5,227060.296875,227167.671875,-0.51416015625,0.000244140625,-0.812744140625,-0.7019042372703552,0.4272460639476776,0.4272460639476776,80.0,8148.0,1.0,O,M,O,0
227492.125,227610.78125,227829.90625,227712.34375,227834.734375,228073.453125,227906.984375,228015.15625,-0.51416015625,0.001708984375,-0.811767578125,-0.7324218153953552,0.4272460639476776,0.4577636420726776,80.0,8149.0,1.0,O,M,O,0
227369.375,227488.28125,227707.328125,227589.40625,227712.25,227950.609375,227784.21875,227892.3125,-0.51318359375,0.00146484375,-0.811767578125,-0.7019042372703552,0.4577636420726776,0.4577636420726776,80.0,8150.0,1.0,O,M,O,0
226528.328125,226646.96875,226865.84375,226748.09375,226871.203125,227109.375,226943.078125,227050.546875,-0.51220703125,0.00048828125,-0.814697265625,-0.7629393935203552,0.5187987685203552,0.4882812201976776,80.0,8151.0,1.0,O,M,O,0
226566.59375,226685.0625,226904.453125,226786.4375,226909.828125,227147.640625,226981.4375,227088.640625,-0.5126953125,0.002685546875,-0.815673828125,-0.8544921278953552,0.4882812201976776,0.5187987685203552,80.0,8152.0,1.0,O,M,O,0
227435.1875,227553.640625,227773.140625,227655.125,227778.0625,228016.328125,227849.578125,227957.234375,-0.514404296875,0.001953125,-0.812255859375,-0.8239745497703552,0.5187987685203552,0.4272460639476776,80.0,8153.0,1.0,O,M,O,0
227530.125,227648.6875,227867.8125,227750.25,227873.09375,228111.546875,227944.703125,228052.71875,-0.5126953125,-0.000732421875,-0.810791015625,-0.7934569716453552,0.5187987685203552,0.3967284858226776,80.0,8154.0,1.0,O,M,O,0
226696.046875,226814.15625,227033.109375,226915.640625,227038.75,227277.015625,227110.984375,227218.28125,-0.51123046875,0.001220703125,-0.8115234375,-0.7324218153953552,0.4272460639476776,0.3967284858226776,80.0,8155.0,1.0,O,M,O,0
226518.765625,226636.6875,226855.828125,226738.15625,226861.359375,227099.359375,226933.34375,227040.53125,-0.51318359375,0.00244140625,-0.808837890625,-0.7019042372703552,0.4577636420726776,0.4272460639476776,80.0,8156.0,1.0,O,M,O,0
227353.109375,227471.125,227690.53125,227572.78125,227695.796875,227933.796875,227767.6875,227875.421875,-0.513671875,0.000732421875,-0.81103515625,-0.7934569716453552,0.4577636420726776,0.3967284858226776,80.0,8157.0,1.0,O,M,O,0
227659.953125,227778.140625,227997.28125,227879.4375,228002.46875,228240.734375,228074.796875,228182.171875,-0.5126953125,0.0009765625,-0.812744140625,-0.8239745497703552,0.4272460639476776,0.4272460639476776,80.0,8158.0,1.0,O,M,O,0
226887.203125,227005.484375,227224.625,227106.609375,227229.453125,227467.71875,227301.421875,227408.890625,-0.512451171875,0.000244140625,-0.814453125,-0.7934569716453552,0.4882812201976776,0.4577636420726776,80.0,8159.0,1.0,O,M,O,0
226503.109375,226621.3125,226840.53125,226722.421875,226845.359375,227083.453125,226917.515625,227024.625,-0.51220703125,-0.0009765625,-0.817138671875,-0.8239745497703552,0.4272460639476776,0.4577636420726776,80.0,8160.0,1.0,O,M,O,0
227249.21875,227367.140625,227587.0,227468.796875,227591.375,227829.90625,227663.796875,227771.0,-0.51220703125,-0.000244140625,-0.817138671875,-0.8239745497703552,0.4272460639476776,0.4577636420726776,80.0,8161.0,1.0,O,M,O,0
227750.78125,227868.984375,228088.390625,227970.640625,228093.296875,228331.84375,228165.453125,228273.375,-0.513427734375,0.0009765625,-0.81494140625,-0.7629393935203552,0.4882812201976776,0.4272460639476776,80.0,8162.0,1.0,O,M,O,0
227093.5625,227211.578125,227430.625,227313.046875,227435.890625,227673.890625,227507.953125,227615.25,-0.51416015625,0.00048828125,-0.81494140625,-0.7324218153953552,0.4577636420726776,0.4882812201976776,80.0,8163.0,1.0,O,M,O,0
226528.953125,226647.234375,226866.1875,226748.71875,226871.46875,227109.296875,226943.625,227050.46875,-0.512451171875,0.001953125,-0.8134765625,-0.7019042372703552,0.4272460639476776,0.4577636420726776,80.0,8164.0,1.0,O,M,O,0
227138.34375,227256.984375,227475.6875,227358.015625,227480.953125,227718.59375,227553.203125,227660.21875,-0.5146484375,0.0009765625,-0.811279296875,-0.7324218153953552,0.4882812201976776,0.4577636420726776,80.0,8165.0,1.0,O,M,O,0
227799.6875,227918.328125,228137.203125,228019.453125,228142.296875,228380.390625,228214.71875,228322.09375,-0.514404296875,0.000244140625,-0.810791015625,-0.6713866591453552,0.4577636420726776,0.4272460639476776,80.0,8166.0,1.0,O,M,O,0
227295.703125,227414.171875,227633.578125,227515.375,227638.3125,227876.3125,227710.828125,227818.203125,-0.51318359375,-0.001220703125,-0.813232421875,-0.6103515028953552,0.4272460639476776,0.3967284858226776,80.0,8167.0,1.0,O,M,O,0
226592.96875,226710.984375,226930.390625,226812.8125,226935.578125,227173.390625,227007.640625,227114.5625,-0.513916015625,0.001953125,-0.81201171875,-0.8544921278953552,0.4577636420726776,0.3662109076976776,80.0,8168.0,1.0,O,M,O,0
227029.09375,227147.296875,227366.25,227248.9375,227371.609375,227609.515625,227443.671875,227550.875,-0.512451171875,0.001220703125,-0.814453125,-0.8239745497703552,0.4882812201976776,0.4272460639476776,80.0,8169.0,1.0,O,M,O,0
227812.5625,227930.9375,228149.984375,228032.328125,228155.078125,228393.53125,228227.140625,228334.96875,-0.51416015625,0.00048828125,-0.81201171875,-0.8850097060203552,0.4577636420726776,0.4882812201976776,80.0,8170.0,1.0,O,M,O,0
227501.25,227619.0,227838.765625,227721.015625,227843.859375,228082.484375,227915.828125,228023.65625,-0.515380859375,0.002685546875,-0.81005859375,-0.8239745497703552,0.4882812201976776,0.4272460639476776,80.0,8171.0,1.0,O,M,O,0
226699.71875,226817.734375,227037.40625,226919.5625,227042.59375,227280.6875,227114.5625,227221.9375,-0.5166015625,0.001708984375,-0.812744140625,-0.7934569716453552,0.4882812201976776,0.4272460639476776,80.0,8172.0,1.0,O,M,O,0
226932.265625,227051.09375,227270.140625,227152.125,227275.140625,227513.234375,227347.203125,227454.578125,-0.51513671875,0.000244140625,-0.812255859375,-0.7934569716453552,0.4577636420726776,0.4272460639476776,80.0,8173.0,1.0,O,M,O,0
227784.140625,227902.78125,228121.828125,228003.546875,228126.65625,228365.015625,228198.625,228306.625,-0.51611328125,0.002685546875,-0.81298828125,-0.7629393935203552,0.3662109076976776,0.4577636420726776,80.0,8174.0,1.0,O,M,O,0
227682.390625,227800.765625,228019.8125,227901.4375,228024.8125,228263.0,228096.796875,228204.53125,-0.515380859375,0.001220703125,-0.813232421875,-0.7629393935203552,0.4577636420726776,0.4272460639476776,80.0,8175.0,1.0,O,M,O,0
226838.921875,226957.484375,227176.609375,227058.234375,227181.890625,227419.71875,227253.59375,227361.15625,-0.5146484375,0.00146484375,-0.811279296875,-0.7324218153953552,0.4272460639476776,0.4882812201976776,80.0,8176.0,1.0,O,M,O,0
226856.890625,226975.53125,227194.859375,227076.65625,227199.765625,227437.765625,227271.75,227379.296875,-0.512939453125,-0.0009765625,-0.810302734375,-0.7629393935203552,0.5187987685203552,0.5493163466453552,80.0,8177.0,1.0,O,M,O,0
227724.140625,227842.96875,228062.546875,227944.078125,228067.015625,228305.46875,228138.984375,228246.90625,-0.512939453125,0.0,-0.810546875,-0.8239745497703552,0.5187987685203552,0.4272460639476776,80.0,8178.0,1.0,O,M,O,0
227837.421875,227955.890625,228175.015625,228057.0,228179.84375,228418.828125,228251.90625,228359.828125,-0.5146484375,-0.000244140625,-0.81201171875,-0.7019042372703552,0.5187987685203552,0.4577636420726776,80.0,8179.0,1.0,O,M,O,0
227003.796875,227122.4375,227341.65625,227223.46875,227346.484375,227584.84375,227418.546875,227526.015625,-0.51416015625,0.001708984375,-0.810546875,-0.7629393935203552,0.4882812201976776,0.4577636420726776,80.0,8180.0,1.0,O,M,O,0
226804.953125,226923.6875,227142.90625,227024.890625,227147.921875,227385.734375,227219.984375,227327.171875,-0.513427734375,0.001220703125,-0.811767578125,-0.7629393935203552,0.4882812201976776,0.3967284858226776,80.0,8181.0,1.0,O,M,O,0
227632.140625,227750.703125,227970.1875,227852.0,227975.109375,228213.28125,228047.078125,228154.8125,-0.51416015625,0.00048828125,-0.8095703125,-0.7629393935203552,0.3967284858226776,0.4577636420726776,80.0,8182.0,1.0,O,M,O,0
227960.0,228079.09375,228298.40625,228180.203125,228303.046875,228541.6875,228375.296875,228483.203125,-0.514892578125,-0.001953125,-0.809814453125,-0.7934569716453552,0.4272460639476776,0.4882812201976776,80.0,8183.0,1.0,O,M,O,0
227197.625,227316.265625,227535.40625,227417.484375,227540.6875,227778.859375,227612.46875,227720.484375,-0.51513671875,-0.001220703125,-0.810302734375,-0.7934569716453552,0.4272460639476776,0.4882812201976776,80.0,8184.0,1.0,O,M,O,0
226795.921875,226914.296875,227133.515625,227015.765625,227138.796875,227376.96875,227210.671875,227318.234375,-0.513916015625,0.001220703125,-0.8134765625,-0.6713866591453552,0.3662109076976776,0.4882812201976776,80.0,8185.0,1.0,O,M,O,0
227530.84375,227649.3125,227868.53125,227750.703125,227873.625,228112.078125,227945.515625,228053.609375,-0.51318359375,0.00048828125,-0.810791015625,-0.7934569716453552,0.3967284858226776,0.4577636420726776,80.0,8186.0,1.0,O,M,O,0
228049.40625,228168.046875,228387.28125,228269.53125,228391.828125,228630.734375,228464.171875,228572.171875,-0.51416015625,0.001220703125,-0.8125,-0.7629393935203552,0.4272460639476776,0.4577636420726776,80.0,8187.0,1.0,O,M,O,0
227403.0,227521.640625,227740.859375,227622.9375,227745.515625,227984.046875,227817.578125,227925.390625,-0.51318359375,-0.0009765625,-0.81103515625,-0.7019042372703552,0.5187987685203552,0.5187987685203552,80.0,8188.0,1.0,O,M,O,0
226824.984375,226943.265625,227162.671875,227044.65625,227167.5,227406.03125,227239.640625,227347.375,-0.51416015625,-0.0009765625,-0.809326171875,-0.6713866591453552,0.5493163466453552,0.4272460639476776,80.0,8189.0,1.0,O,M,O,0
227419.625,227537.90625,227757.3125,227639.203125,227762.3125,228000.59375,227834.296875,227942.125,-0.513427734375,-0.000732421875,-0.8095703125,-0.7324218153953552,0.4577636420726776,0.4272460639476776,80.0,8190.0,1.0,O,M,O,0
228095.359375,228213.734375,228432.96875,228314.765625,228438.0625,228676.421875,228509.859375,228618.03125,-0.512939453125,-0.0009765625,-0.812255859375,-0.7019042372703552,0.4882812201976776,0.3356933295726776,80.0,8191.0,1.0,O,M,O,0
227609.25,227727.71875,227947.296875,227829.015625,227952.046875,228190.21875,228024.109375,228131.84375,-0.5146484375,-0.001953125,-0.81201171875,-0.6713866591453552,0.4272460639476776,0.3967284858226776,80.0,8192.0,1.0,O,M,O,0
226892.84375,227011.125,227230.53125,227112.59375,227235.359375,227473.71875,227307.421875,227415.0625,-0.513916015625,0.000732421875,-0.8115234375,-0.7934569716453552,0.5187987685203552,0.3967284858226776,80.0,8193.0,1.0,O,M,O,0
227309.734375,227428.109375,227647.25,227529.421875,227652.53125,227890.625,227724.140625,227832.0625,-0.514404296875,-0.00048828125,-0.809814453125,-0.6713866591453552,0.4272460639476776,0.3967284858226776,80.0,8194.0,1.0,O,M,O,0
228102.0625,228220.359375,228439.671875,228321.46875,228444.671875,228683.296875,228516.46875,228624.734375,-0.512451171875,-0.000244140625,-0.811279296875,-0.7629393935203552,0.4272460639476776,0.4272460639476776,80.0,8195.0,1.0,O,M,O,0
227807.921875,227926.203125,228145.78125,228027.5,228150.796875,228388.890625,228222.59375,228330.328125,-0.51416015625,0.0,-0.81201171875,-0.7934569716453552,0.4577636420726776,0.4577636420726776,80.0,8196.0,1.0,O,M,O,0
226999.046875,227117.515625,227337.1875,227219.171875,227342.203125,227579.84375,227414.171875,227521.28125,-0.5126953125,0.00146484375,-0.81201171875,-0.7629393935203552,0.5187987685203552,0.4272460639476776,80.0,8197.0,1.0,O,M,O,0
227211.75,227330.03125,227549.625,227431.78125,227554.53125,227792.625,227626.515625,227734.15625,-0.513427734375,0.001708984375,-0.811279296875,-0.8544921278953552,0.4882812201976776,0.4577636420726776,80.0,8198.0,1.0,O,M,O,0
228068.984375,228187.71875,228407.296875,228288.921875,228411.953125,228650.21875,228483.921875,228592.015625,-0.513671875,0.0009765625,-0.810791015625,-0.7324218153953552,0.4272460639476776,0.4882812201976776,80.0,8199.0,1.0,O,M,O,0
227988.078125,228106.890625,228326.125,228208.28125,228331.390625,228569.390625,228403.1875,228511.1875,-0.513671875,0.000732421875,-0.81298828125,-0.7629393935203552,0.4882812201976776,0.4882812201976776,80.0,8200.0,1.0,O,M,O,0
227143.0,227261.46875,227480.859375,227363.296875,227486.234375,227724.140625,227557.9375,227665.84375,-0.51416015625,0.001220703125,-0.812255859375,-0.7324218153953552,0.4882812201976776,0.4272460639476776,80.0,8201.0,1.0,O,M,O,0
227140.140625,227258.78125,227478.09375,227360.4375,227483.453125,227721.1875,227554.890625,227662.984375,-0.513671875,0.001708984375,-0.8115234375,-0.6713866591453552,0.4882812201976776,0.4882812201976776,80.0,8202.0,1.0,O,M,O,0
228005.15625,228123.796875,228343.109375,228225.265625,228348.828125,228586.296875,228420.09375,228528.359375,-0.513671875,0.001708984375,-0.8125,-0.7019042372703552,0.4882812201976776,0.4882812201976776,80.0,8203.0,1.0,O,M,O,0
228140.59375,228258.53125,228478.015625,228360.1875,228483.390625,228721.296875,228555.09375,228663.359375,-0.51318359375,0.00146484375,-0.8115234375,-0.6713866591453552,0.4882812201976776,0.5493163466453552,80.0,8204.0,1.0,O,M,O,0
227314.390625,227432.765625,227652.34375,227533.96875,227657.453125,227895.359375,227729.0625,227837.0625,-0.5146484375,0.001708984375,-0.807861328125,-0.6713866591453552,0.4882812201976776,0.5493163466453552,80.0,8205.0,1.0,O,M,O,0
227095.875,227213.984375,227433.484375,227315.546875,227438.75,227676.75,227510.375,227618.203125,-0.514892578125,0.0,-0.8095703125,-0.7629393935203552,0.4577636420726776,0.5493163466453552,80.0,8206.0,1.0,O,M,O,0
227917.0,228035.28125,228254.5,228136.671875,228260.140625,228497.953125,228331.390625,228439.671875,-0.51513671875,0.001708984375,-0.814208984375,-0.7324218153953552,0.4882812201976776,0.5493163466453552,80.0,8207.0,1.0,O,M,O,0
228264.25,228382.53125,228601.40625,228483.75,228606.859375,228845.125,228678.5625,228786.5625,-0.515625,0.001220703125,-0.81396484375,-0.7019042372703552,0.5493163466453552,0.5798339247703552,80.0,8208.0,1.0,O,M,O,0
227509.203125,227627.40625,227846.453125,227728.875,227852.078125,228090.078125,227923.703125,228031.4375,-0.515869140625,0.0029296875,-0.812255859375,-0.7629393935203552,0.5187987685203552,0.5493163466453552,80.0,8209.0,1.0,O,M,O,0
227087.75,227205.5,227424.8125,227307.328125,227430.625,227668.078125,227502.0625,227609.703125,-0.5146484375,-0.000732421875,-0.813720703125,-0.7324218153953552,0.4577636420726776,0.5187987685203552,80.0,8210.0,1.0,O,M,O,0
227809.265625,227927.359375,228147.03125,228029.203125,228152.40625,228390.5,228223.921875,228331.9375,-0.51416015625,0.001220703125,-0.8125,-0.7629393935203552,0.5493163466453552,0.4272460639476776,80.0,8211.0,1.0,O,M,O,0
228345.15625,228463.453125,228682.859375,228565.1875,228688.3125,228926.84375,228760.375,228868.375,-0.513427734375,0.0,-0.8115234375,-0.7324218153953552,0.5493163466453552,0.4272460639476776,80.0,8212.0,1.0,O,M,O,0
227714.9375,227833.125,228052.265625,227934.703125,228057.625,228295.984375,228129.609375,228237.78125,-0.5146484375,0.000732421875,-0.81396484375,-0.6713866591453552,0.6103515028953552,0.3051757514476776,80.0,8213.0,1.0,O,M,O,0
227120.921875,227239.5625,227458.421875,227340.40625,227463.796875,227702.0625,227535.3125,227643.234375,-0.51513671875,0.001220703125,-0.812744140625,-0.7629393935203552,0.5493163466453552,0.4272460639476776,80.0,8214.0,1.0,O,M,O,0
227700.265625,227819.0,228037.96875,227920.125,228043.421875,228281.328125,228115.03125,228223.21875,-0.51171875,0.0,-0.81103515625,-0.7629393935203552,0.5493163466453552,0.4272460639476776,80.0,8215.0,1.0,O,M,O,0
228389.15625,228507.703125,228727.015625,228609.09375,228732.03125,228970.65625,228804.0,228912.265625,-0.51171875,-0.000244140625,-0.811767578125,-0.7629393935203552,0.4882812201976776,0.4577636420726776,80.0,8216.0,1.0,O,M,O,0
227918.953125,228037.421875,228256.65625,228138.453125,228261.84375,228499.921875,228333.453125,228441.71875,-0.514404296875,-0.000732421875,-0.81396484375,-0.7324218153953552,0.4882812201976776,0.3967284858226776,80.0,8217.0,1.0,O,M,O,0
227191.09375,227309.296875,227528.515625,227410.40625,227533.890625,227771.53125,227605.40625,227713.5,-0.514404296875,0.0009765625,-0.810791015625,-0.7629393935203552,0.3662109076976776,0.4272460639476776,80.0,8218.0,1.0,O,M,O,0
227588.6875,227706.4375,227925.84375,227808.0,227930.9375,228169.125,228003.09375,228111.0,-0.5126953125,-0.000244140625,-0.8095703125,-0.7324218153953552,0.3967284858226776,0.4577636420726776,80.0,8219.0,1.0,O,M,O,0
228389.15625,228507.34375,228726.484375,228608.828125,228731.765625,228970.390625,228803.734375,228912.09375,-0.51318359375,0.00048828125,-0.81298828125,-0.7324218153953552,0.3967284858226776,0.4272460639476776,80.0,8220.0,1.0,O,M,O,0
228116.90625,228235.1875,228454.59375,228336.40625,228459.515625,228697.96875,228531.40625,228639.671875,-0.514404296875,0.0009765625,-0.813232421875,-0.7019042372703552,0.4577636420726776,0.4882812201976776,80.0,8221.0,1.0,O,M,O,0
227304.828125,227423.5625,227642.609375,227524.765625,227647.875,227885.96875,227719.5,227827.59375,-0.5126953125,0.001708984375,-0.81396484375,-0.7934569716453552,0.4882812201976776,0.4577636420726776,80.0,8222.0,1.0,O,M,O,0
227498.84375,227617.296875,227836.53125,227718.59375,227841.984375,228079.71875,227913.328125,228021.59375,-0.5146484375,0.0009765625,-0.81201171875,-0.8239745497703552,0.4882812201976776,0.4272460639476776,80.0,8223.0,1.0,O,M,O,0
228357.6875,228476.140625,228695.546875,228577.359375,228700.5625,228938.640625,228772.265625,228880.4375,-0.514404296875,0.001220703125,-0.81298828125,-0.8239745497703552,0.5187987685203552,0.3662109076976776,80.0,8224.0,1.0,O,M,O,0
228295.71875,228414.09375,228633.6875,228515.578125,228638.328125,228876.59375,228710.21875,228818.3125,-0.515625,0.001708984375,-0.811767578125,-0.7324218153953552,0.4882812201976776,0.4272460639476776,80.0,8225.0,1.0,O,M,O,0
227450.375,227568.390625,227787.984375,227669.6875,227793.171875,228031.078125,227864.875,227972.6875,-0.5146484375,0.0009765625,-0.813720703125,-0.7019042372703552,0.5187987685203552,0.3967284858226776,80.0,8226.0,1.0,O,M,O,0
227424.8125,227542.828125,227762.40625,227644.390625,227767.78125,228005.78125,227839.5625,227947.03125,-0.5146484375,-0.0009765625,-0.80908203125,-0.7019042372703552,0.4882812201976776,0.5187987685203552,80.0,8227.0,1.0,O,M,O,0
228288.84375,228407.03125,228626.171875,228508.78125,228631.4375,228869.890625,228703.59375,228811.6875,-0.5146484375,-0.000244140625,-0.8134765625,-0.7019042372703552,0.5798339247703552,0.4882812201976776,80.0,8228.0,1.0,O,M,O,0
228445.03125,228563.5,228782.359375,228664.890625,228787.546875,229026.359375,228859.4375,228967.796875,-0.515625,-0.00048828125,-0.812744140625,-0.7629393935203552,0.5798339247703552,0.4272460639476776,80.0,8229.0,1.0,O,M,O,0
227622.125,227740.6875,227959.734375,227842.078125,227965.1875,228203.546875,228036.703125,228144.625,-0.513427734375,0.001708984375,-0.81396484375,-0.7019042372703552,0.4272460639476776,0.4272460639476776,80.0,8230.0,1.0,O,M,O,0
227384.125,227502.765625,227721.8125,227603.890625,227727.0,227965.453125,227798.53125,227906.53125,-0.5126953125,0.002197265625,-0.814208984375,-0.7324218153953552,0.3356933295726776,0.4577636420726776,80.0,8231.0,1.0,O,M,O,0
228199.34375,228318.25,228537.03125,228419.109375,228542.484375,228780.9375,228614.1875,228722.375,-0.5126953125,0.000244140625,-0.812744140625,-0.7629393935203552,0.3967284858226776,0.4882812201976776,80.0,8232.0,1.0,O,M,O,0
228563.40625,228681.609375,228900.921875,228782.90625,228906.375,229144.546875,228977.984375,229086.265625,-0.513427734375,-0.001708984375,-0.815185546875,-0.7934569716453552,0.4272460639476776,0.3051757514476776,80.0,8233.0,1.0,O,M,O,0
227818.203125,227936.21875,228155.625,228037.78125,228161.078125,228399.25,228232.59375,228340.515625,-0.514892578125,-0.00048828125,-0.81396484375,-0.7934569716453552,0.4577636420726776,0.3967284858226776,80.0,8234.0,1.0,O,M,O,0
227380.90625,227498.75,227718.328125,227600.40625,227723.78125,227961.703125,227795.40625,227903.046875,-0.51513671875,0.001220703125,-0.810302734375,-0.7629393935203552,0.4272460639476776,0.4272460639476776,80.0,8235.0,1.0,O,M,O,0
228093.578125,228211.953125,228431.359375,228313.421875,228436.53125,228674.71875,228508.515625,228616.421875,-0.5166015625,0.002197265625,-0.809326171875,-0.7324218153953552,0.4882812201976776,0.3356933295726776,80.0,8236.0,1.0,O,M,O,0
228646.109375,228764.484375,228984.0625,228866.046875,228988.625,229226.984375,229060.78125,229168.953125,-0.51416015625,0.00146484375,-0.811767578125,-0.8239745497703552,0.5493163466453552,0.3967284858226776,80.0,8237.0,1.0,O,M,O,0
228028.390625,228146.40625,228366.078125,228248.0625,228370.734375,228608.828125,228442.796875,228550.890625,-0.51318359375,0.001953125,-0.81396484375,-0.7324218153953552,0.5187987685203552,0.4272460639476776,80.0,8238.0,1.0,O,M,O,0
227419.890625,227537.734375,227757.671875,227639.65625,227762.765625,228000.40625,227834.375,227942.125,-0.513671875,0.0029296875,-0.815185546875,-0.7019042372703552,0.4272460639476776,0.3662109076976776,80.0,8239.0,1.0,O,M,O,0
227982.890625,228100.90625,228320.390625,228202.5625,228325.859375,228563.671875,228397.375,228505.296875,-0.5126953125,0.0009765625,-0.81396484375,-0.6713866591453552,0.4577636420726776,0.3967284858226776,80.0,8240.0,1.0,O,M,O,0
228683.03125,228801.40625,229021.171875,228902.890625,229026.265625,229264.453125,229098.0625,229206.328125,-0.51171875,0.0009765625,-0.814208984375,-0.7934569716453552,0.4882812201976776,0.3967284858226776,80.0,8241.0,1.0,O,M,O,0
228231.078125,228349.1875,228569.03125,228450.578125,228574.046875,228812.21875,228645.578125,228754.296875,-0.51220703125,0.00048828125,-0.81591796875,-0.7629393935203552,0.4882812201976776,0.3662109076976776,80.0,8242.0,1.0,O,M,O,0
227494.359375,227612.109375,227832.328125,227713.6875,227836.703125,228075.0625,227908.859375,228016.765625,-0.513427734375,-0.000732421875,-0.81591796875,-0.7324218153953552,0.4882812201976776,0.4577636420726776,80.0,8243.0,1.0,O,M,O,0
227872.5625,227990.84375,228210.515625,228092.234375,228215.4375,228453.703125,228287.40625,228395.40625,-0.514404296875,0.001220703125,-0.81298828125,-0.7019042372703552,0.4577636420726776,0.4272460639476776,80.0,8244.0,1.0,O,M,O,0
228680.078125,228798.8125,229018.125,228899.84375,229023.21875,229261.578125,229095.109375,229203.296875,-0.513671875,-0.00048828125,-0.81201171875,-0.7324218153953552,0.3967284858226776,0.3662109076976776,80.0,8245.0,1.0,O,M,O,0
228427.859375,228546.234375,228765.46875,228647.265625,228770.828125,229009.375,228842.53125,228950.625,-0.512939453125,-0.0009765625,-0.81396484375,-0.7934569716453552,0.4272460639476776,0.3051757514476776,80.0,8246.0,1.0,O,M,O,0
227608.1875,227726.203125,227945.34375,227827.40625,227950.515625,228188.796875,228022.5,228130.3125,-0.512939453125,-0.00146484375,-0.813232421875,-0.7629393935203552,0.4272460639476776,0.3967284858226776,80.0,8247.0,1.0,O,M,O,0
227778.40625,227896.96875,228115.921875,227998.0,228121.109375,228359.203125,228193.171875,228301.0,-0.51220703125,-0.000732421875,-0.81396484375,-0.7324218153953552,0.3356933295726776,0.4882812201976776,80.0,8248.0,1.0,O,M,O,0
228641.1875,228759.46875,228978.703125,228860.328125,228983.796875,229222.328125,229055.953125,229163.78125,-0.513916015625,0.00048828125,-0.815185546875,-0.7629393935203552,0.4577636420726776,0.4882812201976776,80.0,8249.0,1.0,O,M,O,0
228602.03125,228720.046875,228939.359375,228821.34375,228944.546875,229183.171875,229016.703125,229124.796875,-0.51318359375,0.00048828125,-0.8115234375,-0.7629393935203552,0.4577636420726776,0.4882812201976776,80.0,8250.0,1.0,O,M,O,0
227755.34375,227873.453125,228092.765625,227974.921875,228098.125,228336.765625,228170.546875,228277.84375,-0.5126953125,0.001708984375,-0.8095703125,-0.7019042372703552,0.4882812201976776,0.3051757514476776,80.0,8251.0,1.0,O,M,O,0
227709.75,227827.234375,228047.171875,227929.328125,228052.265625,228290.359375,228124.421875,228232.0625,-0.511962890625,0.001708984375,-0.811767578125,-0.7629393935203552,0.4577636420726776,0.4577636420726776,80.0,8252.0,1.0,O,M,O,0
228573.859375,228691.53125,228911.28125,228793.1875,228916.5625,229155.109375,228988.09375,229096.546875,-0.512939453125,0.002197265625,-0.809814453125,-0.7324218153953552,0.4882812201976776,0.4577636420726776,80.0,8253.0,1.0,O,M,O,0
228750.984375,228869.0,229088.765625,228970.46875,229093.765625,229332.3125,229165.65625,229273.828125,-0.513916015625,-0.000244140625,-0.812255859375,-0.7019042372703552,0.5187987685203552,0.4577636420726776,80.0,8254.0,1.0,O,M,O,0
227932.734375,228050.484375,228270.328125,228152.3125,228275.421875,228513.515625,228347.21875,228455.046875,-0.512939453125,0.000244140625,-0.81298828125,-0.6713866591453552,0.4577636420726776,0.4577636420726776,80.0,8255.0,1.0,O,M,O,0
227671.21875,227788.78125,228008.453125,227890.890625,228013.640625,228251.640625,228085.703125,228193.078125,-0.5126953125,0.00048828125,-0.8125,-0.6713866591453552,0.5187987685203552,0.3967284858226776,80.0,8256.0,1.0,O,M,O,0
228476.59375,228594.34375,228814.1875,228696.265625,228819.015625,229057.296875,228891.0,228998.8125,-0.514892578125,-0.000732421875,-0.810791015625,-0.6103515028953552,0.5187987685203552,0.4577636420726776,80.0,8257.0,1.0,O,M,O,0
228861.21875,228979.0625,229198.828125,229080.796875,229203.5625,229442.359375,229275.53125,229383.8125,-0.5146484375,0.00146484375,-0.811767578125,-0.7019042372703552,0.5187987685203552,0.4882812201976776,80.0,8258.0,1.0,O,M,O,0
228127.90625,228245.65625,228465.421875,228347.40625,228470.421875,228708.78125,228542.3125,228650.3125,-0.513427734375,-0.000244140625,-0.81298828125,-0.8239745497703552,0.5187987685203552,0.4882812201976776,80.0,8259.0,1.0,O,M,O,0
227671.578125,227789.5,228009.0,227891.421875,228014.71875,228252.359375,228086.234375,228193.890625,-0.51171875,0.0,-0.812255859375,-0.7324218153953552,0.4577636420726776,0.5187987685203552,80.0,8260.0,1.0,O,M,O,0
228370.203125,228488.296875,228707.703125,228589.78125,228713.25,228951.171875,228784.6875,228892.78125,-0.515869140625,0.00048828125,-0.812744140625,-0.7629393935203552,0.4577636420726776,0.3967284858226776,80.0,8261.0,1.0,O,M,O,0
228939.8125,229057.921875,229277.59375,229159.390625,229282.59375,229520.953125,229354.296875,229462.84375,-0.514892578125,0.000732421875,-0.813232421875,-0.7629393935203552,0.3662109076976776,0.4577636420726776,80.0,8262.0,1.0,O,M,O,0
228336.3125,228453.96875,228673.90625,228555.890625,228678.5625,228917.015625,228750.625,228858.890625,-0.511474609375,0.000732421875,-0.815185546875,-0.7324218153953552,0.4272460639476776,0.4882812201976776,80.0,8263.0,1.0,O,M,O,0
227711.890625,227829.640625,228049.3125,227931.75,228054.5,228292.40625,228126.296875,228234.484375,-0.51318359375,0.001220703125,-0.813720703125,-0.7629393935203552,0.4882812201976776,0.5493163466453552,80.0,8264.0,1.0,O,M,O,0
228257.28125,228375.65625,228595.140625,228477.125,228600.0625,228838.25,228672.21875,228780.21875,-0.514404296875,0.0009765625,-0.81298828125,-0.7019042372703552,0.4882812201976776,0.4882812201976776,80.0,8265.0,1.0,O,M,O,0
228974.328125,229092.515625,229312.375,229194.078125,229317.109375,229555.640625,229389.265625,229497.53125,-0.513916015625,-0.000732421875,-0.813232421875,-0.6103515028953552,0.3967284858226776,0.5187987685203552,80.0,8266.0,1.0,O,M,O,0
228542.9375,228661.03125,228880.796875,228762.6875,228885.890625,229124.25,228957.78125,229065.875,-0.514404296875,-0.00146484375,-0.8115234375,-0.7324218153953552,0.4272460639476776,0.4577636420726776,80.0,8267.0,1.0,O,M,O,0
227793.25,227911.359375,228130.859375,228013.28125,228135.953125,228373.953125,228207.921875,228315.484375,-0.5146484375,-0.0009765625,-0.81396484375,-0.7324218153953552,0.4882812201976776,0.3967284858226776,80.0,8268.0,1.0,O,M,O,0
228150.078125,228268.1875,228487.671875,228370.28125,228492.859375,228731.140625,228564.484375,228672.484375,-0.514404296875,-0.000732421875,-0.811767578125,-0.7019042372703552,0.4272460639476776,0.4272460639476776,80.0,8269.0,1.0,O,M,O,0
228966.28125,229084.5625,229304.328125,229186.21875,229309.15625,229547.859375,229380.671875,229489.03125,-0.515869140625,0.000244140625,-0.810791015625,-0.7019042372703552,0.4882812201976776,0.5493163466453552,80.0,8270.0,1.0,O,M,O,0
228735.34375,228853.53125,229073.03125,228955.015625,229077.765625,229316.578125,229149.640625,229257.734375,-0.51416015625,0.001953125,-0.810302734375,-0.8239745497703552,0.4272460639476776,0.4577636420726776,80.0,8271.0,1.0,O,M,O,0
227911.1875,228029.015625,228248.421875,228130.765625,228253.4375,228491.875,228325.21875,228433.046875,-0.513427734375,0.00146484375,-0.814697265625,-0.8239745497703552,0.5187987685203552,0.3662109076976776,80.0,8272.0,1.0,O,M,O,0
228062.09375,228179.9375,228399.078125,228281.59375,228404.265625,228642.796875,228476.5,228584.0625,-0.514404296875,0.00048828125,-0.813232421875,-0.7629393935203552,0.4882812201976776,0.4272460639476776,80.0,8273.0,1.0,O,M,O,0
228926.671875,229044.59375,229264.265625,229146.34375,229269.1875,229507.8125,229340.890625,229449.515625,-0.513671875,0.0,-0.812744140625,-0.8239745497703552,0.5493163466453552,0.3967284858226776,80.0,8274.0,1.0,O,M,O,0
228908.34375,229027.078125,229246.65625,229128.640625,229251.65625,229490.109375,229323.1875,229431.640625,-0.512939453125,0.000732421875,-0.810546875,-0.7934569716453552,0.5187987685203552,0.3967284858226776,80.0,8275.0,1.0,O,M,O,0
228063.890625,228182.625,228401.9375,228284.09375,228406.9375,228645.296875,228478.921875,228586.65625,-0.51318359375,0.001953125,-0.814453125,-0.7019042372703552,0.5493163466453552,0.4882812201976776,80.0,8276.0,1.0,O,M,O,0
227995.140625,228113.6875,228333.1875,228215.25,228338.09375,228576.8125,228409.890625,228517.890625,-0.511962890625,0.000732421875,-0.812255859375,-0.6713866591453552,0.5493163466453552,0.4577636420726776,80.0,8277.0,1.0,O,M,O,0
228854.15625,228972.71875,229192.203125,229074.28125,229197.03125,229436.109375,229268.921875,229377.28125,-0.513671875,-0.00146484375,-0.8125,-0.7324218153953552,0.5493163466453552,0.3662109076976776,80.0,8278.0,1.0,O,M,O,0
229055.6875,229174.0625,229393.546875,229275.53125,229398.375,229637.09375,229470.53125,229578.359375,-0.5146484375,0.0,-0.811767578125,-0.7934569716453552,0.5493163466453552,0.4272460639476776,80.0,8279.0,1.0,O,M,O,0
228245.5625,228364.03125,228583.171875,228465.421875,228588.265625,228826.703125,228660.40625,228768.140625,-0.515380859375,-0.0029296875,-0.81103515625,-0.7934569716453552,0.3967284858226776,0.4577636420726776,80.0,8280.0,1.0,O,M,O,0
227963.390625,228081.59375,228300.90625,228183.0625,228306.0,228544.453125,228377.96875,228485.890625,-0.51416015625,0.0,-0.81298828125,-0.7629393935203552,0.4882812201976776,0.4577636420726776,80.0,8281.0,1.0,O,M,O,0
228760.546875,228878.75,229098.421875,228980.21875,229102.984375,229342.140625,229175.046875,229283.671875,-0.515380859375,0.0009765625,-0.813720703125,-0.8239745497703552,0.4882812201976776,0.4272460639476776,80.0,8282.0,1.0,O,M,O,0
229167.4375,229285.8125,229505.75,229387.203125,229509.78125,229749.03125,229582.203125,229690.828125,-0.513916015625,0.003173828125,-0.81201171875,-0.8850097060203552,0.5187987685203552,0.3967284858226776,80.0,8283.0,1.0,O,M,O,0
228445.390625,228563.9375,228783.609375,228665.421875,228788.09375,229026.984375,228860.5,228968.421875,-0.51318359375,0.001220703125,-0.808349609375,-0.7629393935203552,0.3967284858226776,0.4272460639476776,80.0,8284.0,1.0,O,M,O,0
227968.5,228086.875,228306.453125,228188.078125,228310.921875,228549.640625,228383.25,228490.984375,-0.513671875,0.002197265625,-0.8134765625,-0.8239745497703552,0.4272460639476776,0.4577636420726776,80.0,8285.0,1.0,O,M,O,0
228650.671875,228768.78125,228988.625,228870.15625,228993.1875,229231.984375,229065.609375,229173.4375,-0.514404296875,0.001953125,-0.814453125,-0.7934569716453552,0.4577636420726776,0.4577636420726776,80.0,8286.0,1.0,O,M,O,0
229236.375,229355.015625,229574.421875,229456.046875,229579.34375,229818.046875,229651.40625,229759.5,-0.513671875,-0.00048828125,-0.8125,-0.7019042372703552,0.4577636420726776,0.4577636420726776,80.0,8287.0,1.0,O,M,O,0
228650.484375,228769.046875,228988.265625,228869.984375,228993.0,229231.984375,229065.25,229173.34375,-0.514404296875,0.0009765625,-0.8115234375,-0.7019042372703552,0.4882812201976776,0.4577636420726776,80.0,8288.0,1.0,O,M,O,0
228012.296875,228130.671875,228350.078125,228231.890625,228355.09375,228593.8125,228426.96875,228534.796875,-0.513427734375,-0.0009765625,-0.81201171875,-0.6713866591453552,0.5187987685203552,0.3967284858226776,80.0,8289.0,1.0,O,M,O,0
228541.59375,228659.78125,228879.28125,228761.0,228884.28125,229123.265625,228956.34375,229064.265625,-0.512939453125,-0.000244140625,-0.814697265625,-0.7019042372703552,0.4577636420726776,0.3967284858226776,80.0,8290.0,1.0,O,M,O,0
229267.84375,229386.390625,229605.4375,229487.421875,229610.1875,229849.609375,229682.421875,229791.140625,-0.51220703125,0.00048828125,-0.814697265625,-0.6408690810203552,0.4577636420726776,0.3662109076976776,80.0,8291.0,1.0,O,M,O,0
228855.671875,228973.875,229193.015625,229075.0,229198.015625,229437.1875,229270.4375,229378.4375,-0.514404296875,-0.001220703125,-0.81298828125,-0.7019042372703552,0.5493163466453552,0.4577636420726776,80.0,8292.0,1.0,O,M,O,0
228096.171875,228213.921875,228433.40625,228315.5625,228438.765625,228677.40625,228510.921875,228618.65625,-0.513671875,-0.001953125,-0.81103515625,-0.7019042372703552,0.4577636420726776,0.5187987685203552,80.0,8293.0,1.0,O,M,O,0
228432.96875,228550.984375,228770.5625,228652.546875,228775.390625,229014.203125,228847.625,228955.453125,-0.513916015625,0.001220703125,-0.8115234375,-0.7019042372703552,0.5187987685203552,0.5493163466453552,80.0,8294.0,1.0,O,M,O,0
229256.578125,229374.421875,229593.734375,229475.984375,229599.0,229838.171875,229670.984375,229779.4375,-0.513427734375,0.00146484375,-0.809814453125,-0.7019042372703552,0.4272460639476776,0.4272460639476776,80.0,8295.0,1.0,O,M,O,0
229045.84375,229164.21875,229383.359375,229265.078125,229388.453125,229627.53125,229460.25,229568.609375,-0.513427734375,0.001953125,-0.8115234375,-0.7324218153953552,0.4577636420726776,0.4882812201976776,80.0,8296.0,1.0,O,M,O,0
228216.78125,228335.421875,228554.46875,228436.71875,228559.65625,228798.09375,228631.4375,228739.09375,-0.513671875,0.0009765625,-0.81201171875,-0.8544921278953552,0.5798339247703552,0.4272460639476776,80.0,8297.0,1.0,O,M,O,0
228345.34375,228464.25,228682.9375,228565.375,228688.390625,228926.671875,228760.453125,228868.109375,-0.51318359375,0.00146484375,-0.81298828125,-0.8544921278953552,0.5187987685203552,0.3967284858226776,80.0,8298.0,1.0,O,M,O,0
229212.046875,229330.703125,229549.65625,229431.640625,229554.484375,229793.5625,229627.171875,229735.171875,-0.51318359375,0.0009765625,-0.8115234375,-0.8850097060203552,0.4882812201976776,0.3967284858226776,80.0,8299.0,1.0,O,M,O,0
229216.078125,229334.359375,229553.859375,229435.75,229558.59375,229797.578125,229630.921875,229739.203125,-0.514404296875,0.001220703125,-0.8115234375,-0.8544921278953552,0.4577636420726776,0.3967284858226776,80.0,8300.0,1.0,O,M,O,0
228371.625,228490.0,228709.234375,228591.296875,228714.140625,228953.046875,228786.03125,228894.484375,-0.513427734375,0.0,-0.81103515625,-0.8544921278953552,0.4272460639476776,0.3967284858226776,80.0,8301.0,1.0,O,M,O,0
228280.875,228398.984375,228618.484375,228500.46875,228623.21875,228861.9375,228695.1875,228803.546875,-0.51318359375,0.001953125,-0.812255859375,-0.6713866591453552,0.4577636420726776,0.4577636420726776,80.0,8302.0,1.0,O,M,O,0
229135.875,229254.25,229473.5625,229355.28125,229478.484375,229717.03125,229550.1875,229658.734375,-0.51416015625,0.0,-0.812255859375,-0.7019042372703552,0.6408690810203552,0.4882812201976776,80.0,8303.0,1.0,O,M,O,0
229357.78125,229476.4375,229695.203125,229577.28125,229700.65625,229939.5625,229772.640625,229881.09375,-0.513671875,0.0,-0.812744140625,-0.7324218153953552,0.5493163466453552,0.4272460639476776,80.0,8304.0,1.0,O,M,O,0
228553.578125,228671.59375,228891.171875,228773.15625,228896.09375,229135.171875,228968.0625,229076.25,-0.513916015625,0.00048828125,-0.81201171875,-0.7019042372703552,0.5493163466453552,0.3356933295726776,80.0,8305.0,1.0,O,M,O,0
228249.953125,228367.6875,228587.640625,228469.34375,228592.28125,228831.09375,228664.34375,228772.34375,-0.51416015625,0.000732421875,-0.810546875,-0.7324218153953552,0.4577636420726776,0.3967284858226776,80.0,8306.0,1.0,O,M,O,0
229037.984375,229155.90625,229375.671875,229257.46875,229380.59375,229619.296875,229452.5625,229560.734375,-0.51318359375,-0.00146484375,-0.810546875,-0.7324218153953552,0.4882812201976776,0.4577636420726776,80.0,8307.0,1.0,O,M,O,0
229462.9375,229581.484375,229800.890625,229682.609375,229805.71875,230044.875,229877.6875,229986.40625,-0.51220703125,-0.002197265625,-0.811279296875,-0.8239745497703552,0.3967284858226776,0.4577636420726776,80.0,8308.0,1.0,O,M,O,0
228750.796875,228869.0,229088.84375,228970.46875,229093.59375,229332.3125,229165.5625,229274.015625,-0.511962890625,-0.0009765625,-0.812255859375,-0.7629393935203552,0.4577636420726776,0.4882812201976776,80.0,8309.0,1.0,O,M,O,0
228256.65625,228374.75,228594.34375,228476.234375,228599.265625,228837.53125,228671.40625,228779.140625,-0.513671875,-0.00048828125,-0.811279296875,-0.7934569716453552,0.4272460639476776,0.5187987685203552,80.0,8310.0,1.0,O,M,O,0
228927.03125,229045.125,229264.625,229146.421875,229269.8125,229507.984375,229341.6875,229449.875,-0.513916015625,0.0,-0.811767578125,-0.7629393935203552,0.4577636420726776,0.4577636420726776,80.0,8311.0,1.0,O,M,O,0
229529.53125,229648.0,229867.3125,229748.9375,229872.328125,230110.953125,229944.296875,230052.484375,-0.511474609375,0.001708984375,-0.80908203125,-0.6103515028953552,0.4272460639476776,0.4272460639476776,80.0,8312.0,1.0,O,M,O,0
228958.578125,229077.046875,229296.1875,229178.265625,229301.28125,229540.0,229373.34375,229481.609375,-0.512451171875,-0.000244140625,-0.808837890625,-0.7324218153953552,0.5798339247703552,0.3662109076976776,80.0,8313.0,1.0,O,M,O,0
228304.75,228422.765625,228642.265625,228524.328125,228647.265625,228886.25,228719.421875,228827.875,-0.513916015625,-0.001220703125,-0.8134765625,-0.8239745497703552,0.4882812201976776,0.3051757514476776,80.0,8314.0,1.0,O,M,O,0
228815.0,228933.546875,229152.859375,229034.84375,229157.78125,229396.765625,229229.578125,229338.65625,-0.5146484375,0.000244140625,-0.813720703125,-0.7629393935203552,0.4882812201976776,0.3967284858226776,80.0,8315.0,1.0,O,M,O,0
229555.640625,229674.28125,229893.421875,229775.59375,229898.25,230137.5,229970.40625,230079.125,-0.51220703125,0.001708984375,-0.81298828125,-0.7629393935203552,0.5798339247703552,0.3967284858226776,80.0,8316.0,1.0,O,M,O,0
229161.984375,229280.546875,229499.5,229381.921875,229504.6875,229743.578125,229576.65625,229685.015625,-0.51171875,0.001220703125,-0.8134765625,-0.8239745497703552,0.5798339247703552,0.3662109076976776,80.0,8317.0,1.0,O,M,O,0
228394.0625,228512.4375,228731.3125,228614.015625,228736.59375,228975.390625,228808.5625,228916.75,-0.514404296875,0.00048828125,-0.810791015625,-0.6408690810203552,0.5493163466453552,0.3967284858226776,80.0,8318.0,1.0,O,M,O,0
228712.8125,228831.265625,229050.3125,228932.65625,229055.59375,229294.390625,229127.5625,229235.5625,-0.513427734375,0.0009765625,-0.8115234375,-0.6713866591453552,0.4577636420726776,0.4577636420726776,80.0,8319.0,1.0,O,M,O,0
229543.75,229662.3125,229881.4375,229763.34375,229886.453125,230125.609375,229958.6875,230066.96875,-0.511962890625,0.001708984375,-0.812744140625,-0.6408690810203552,0.4577636420726776,0.4272460639476776,80.0,8320.0,1.0,O,M,O,0
229354.484375,229473.125,229692.4375,229574.328125,229697.359375,229936.515625,229769.421875,229877.59375,-0.51171875,0.0,-0.81298828125,-0.6408690810203552,0.4577636420726776,0.3662109076976776,80.0,8321.0,1.0,O,M,O,0
228524.15625,228642.796875,228862.296875,228744.1875,228867.21875,229105.75,228939.453125,229047.28125,-0.513671875,0.000244140625,-0.81103515625,-0.7019042372703552,0.5187987685203552,0.4577636420726776,80.0,8322.0,1.0,O,M,O,0
228631.171875,228749.8125,228969.046875,228851.203125,228974.234375,229212.59375,229046.390625,229154.390625,-0.512939453125,-0.0009765625,-0.8154296875,-0.8239745497703552,0.4272460639476776,0.4272460639476776,80.0,8323.0,1.0,O,M,O,0
229499.9375,229618.671875,229837.453125,229719.796875,229842.640625,230081.625,229914.609375,230023.25,-0.51318359375,-0.00048828125,-0.814697265625,-0.7324218153953552,0.4882812201976776,0.4577636420726776,80.0,8324.0,1.0,O,M,O,0
229526.3125,229644.875,229864.09375,229746.078125,229868.84375,230108.1875,229940.90625,230049.4375,-0.513916015625,-0.00048828125,-0.813720703125,-0.7019042372703552,0.5798339247703552,0.5493163466453552,80.0,8325.0,1.0,O,M,O,0
228681.953125,228800.6875,229019.65625,228901.90625,229024.5625,229263.46875,229096.984375,229204.71875,-0.514404296875,0.0,-0.8115234375,-0.7019042372703552,0.5798339247703552,0.4882812201976776,80.0,8326.0,1.0,O,M,O,0
228567.515625,228685.984375,228904.9375,228787.1875,228910.125,229148.84375,228982.1875,229090.015625,-0.51513671875,0.00048828125,-0.814208984375,-0.6103515028953552,0.5798339247703552,0.4577636420726776,80.0,8327.0,1.0,O,M,O,0
229417.6875,229536.515625,229755.375,229637.453125,229760.390625,229999.375,229832.265625,229940.984375,-0.512451171875,0.00048828125,-0.813720703125,-0.6103515028953552,0.4577636420726776,0.4272460639476776,80.0,8328.0,1.0,O,M,O,0
229659.53125,229778.265625,229997.21875,229879.296875,230002.046875,230241.390625,230073.9375,230183.015625,-0.51318359375,-0.000244140625,-0.814208984375,-0.6408690810203552,0.4882812201976776,0.3967284858226776,80.0,8329.0,1.0,O,M,O,0
228858.8125,228977.625,229196.5,229078.390625,229201.59375,229440.3125,229273.484375,229382.015625,-0.514892578125,0.001220703125,-0.813232421875,-0.6713866591453552,0.4577636420726776,0.3662109076976776,80.0,8330.0,1.0,O,M,O,0
228537.5625,228655.765625,228874.90625,228757.0625,228880.0,229118.53125,228951.875,229060.234375,-0.51318359375,0.000244140625,-0.81298828125,-0.7629393935203552,0.4577636420726776,0.4577636420726776,80.0,8331.0,1.0,O,M,O,0
229317.640625,229435.84375,229654.96875,229537.40625,229659.984375,229898.796875,229731.78125,229840.578125,-0.512451171875,0.001220703125,-0.809814453125,-0.7934569716453552,0.4272460639476776,0.3967284858226776,80.0,8332.0,1.0,O,M,O,0
229760.03125,229878.671875,230097.8125,229979.796875,230102.8125,230341.984375,230174.703125,230283.421875,-0.513427734375,0.001708984375,-0.81298828125,-0.7629393935203552,0.4577636420726776,0.4577636420726776,80.0,8333.0,1.0,O,M,O,0
229057.828125,229176.296875,229395.421875,229277.59375,229400.703125,229639.421875,229472.3125,229580.859375,-0.515380859375,0.001953125,-0.8134765625,-0.7629393935203552,0.4577636420726776,0.4577636420726776,80.0,8334.0,1.0,O,M,O,0
228548.46875,228666.671875,228885.984375,228768.234375,228891.078125,229129.796875,228963.0625,229071.234375,-0.513671875,0.001708984375,-0.811279296875,-0.7324218153953552,0.4577636420726776,0.4577636420726776,80.0,8335.0,1.0,O,M,O,0
229207.21875,229325.25,229545.09375,229426.71875,229550.015625,229789.09375,229621.8125,229730.25,-0.5126953125,0.0,-0.8115234375,-0.7934569716453552,0.5187987685203552,0.4577636420726776,80.0,8336.0,1.0,O,M,O,0
229824.578125,229943.40625,230162.546875,230044.4375,230167.015625,230406.53125,230239.15625,230347.796875,-0.5126953125,0.00146484375,-0.813232421875,-0.7019042372703552,0.4882812201976776,0.3662109076976776,80.0,8337.0,1.0,O,M,O,0
229269.546875,229388.0,229607.5,229489.21875,229612.0625,229850.953125,229684.125,229792.75,-0.514892578125,-0.000244140625,-0.8115234375,-0.7629393935203552,0.5493163466453552,0.3967284858226776,80.0,8338.0,1.0,O,M,O,0
228603.015625,228721.484375,228941.234375,228822.953125,228945.890625,229184.421875,229017.859375,229126.046875,-0.515625,0.00048828125,-0.81201171875,-0.7019042372703552,0.6103515028953552,0.4577636420726776,80.0,8339.0,1.0,O,M,O,0
229096.71875,229215.1875,229434.859375,229316.84375,229439.59375,229678.3125,229511.390625,229619.921875,-0.5146484375,0.00048828125,-0.81005859375,-0.7324218153953552,0.4272460639476776,0.4272460639476776,80.0,8340.0,1.0,O,M,O,0
229847.109375,229965.84375,230184.984375,230067.234375,230189.8125,230428.96875,230261.78125,230370.765625,-0.5146484375,0.00048828125,-0.813720703125,-0.7324218153953552,0.4272460639476776,0.4272460639476776,80.0,8341.0,1.0,O,M,O,0
229470.265625,229588.8125,229808.125,229690.03125,229812.875,230052.125,229884.9375,229993.734375,-0.51513671875,-0.001708984375,-0.813720703125,-0.7019042372703552,0.4272460639476776,0.4272460639476776,80.0,8342.0,1.0,O,M,O,0
228694.125,228812.578125,229031.984375,228913.875,229036.90625,229275.71875,229108.78125,229217.515625,-0.513916015625,0.0,-0.814453125,-0.7629393935203552,0.4272460639476776,0.4882812201976776,80.0,8343.0,1.0,O,M,O,0
228994.96875,229113.609375,229332.671875,229215.09375,229337.671875,229576.921875,229409.546875,229517.921875,-0.51416015625,-0.0009765625,-0.81298828125,-0.7324218153953552,0.4882812201976776,0.4882812201976776,80.0,8344.0,1.0,O,M,O,0
229831.640625,229950.375,230169.25,230051.671875,230174.34375,230413.953125,230246.40625,230355.03125,-0.51318359375,0.0009765625,-0.8125,-0.7934569716453552,0.4272460639476776,0.4577636420726776,80.0,8345.0,1.0,O,M,O,0
229660.78125,229779.34375,229998.390625,229880.734375,230003.390625,230243.09375,230075.640625,230184.265625,-0.5146484375,0.002685546875,-0.811279296875,-0.7934569716453552,0.3967284858226776,0.4272460639476776,80.0,8346.0,1.0,O,M,O,0
228825.640625,228944.375,229163.6875,229045.9375,229168.6875,229407.59375,229240.390625,229348.9375,-0.513671875,0.002197265625,-0.80908203125,-0.7629393935203552,0.4882812201976776,0.4272460639476776,80.0,8347.0,1.0,O,M,O,0
228913.4375,229032.171875,229251.484375,229133.46875,229256.40625,229495.03125,229327.921875,229436.46875,-0.513916015625,0.000244140625,-0.81396484375,-0.7019042372703552,0.3356933295726776,0.5187987685203552,80.0,8348.0,1.0,O,M,O,0
229780.953125,229899.421875,230119.09375,230000.890625,230123.640625,230362.8125,230195.359375,230304.25,-0.512939453125,0.001953125,-0.814697265625,-0.6408690810203552,0.3662109076976776,0.5187987685203552,80.0,8349.0,1.0,O,M,O,0
229826.375,229944.921875,230164.421875,230046.40625,230169.15625,230408.3125,230241.21875,230349.84375,-0.51416015625,0.00146484375,-0.81396484375,-0.7324218153953552,0.4272460639476776,0.4882812201976776,80.0,8350.0,1.0,O,M,O,0
228984.78125,229103.421875,229322.46875,229204.640625,229327.484375,229566.46875,229399.625,229507.71875,-0.513671875,0.000244140625,-0.8154296875,-0.6103515028953552,0.5187987685203552,0.4882812201976776,80.0,8351.0,1.0,O,M,O,0
228852.640625,228971.375,229190.5,229072.84375,229195.0625,229434.234375,229267.21875,229375.765625,-0.51416015625,-0.00048828125,-0.8134765625,-0.6713866591453552,0.4577636420726776,0.4577636420726776,80.0,8352.0,1.0,O,M,O,0
229699.5,229818.328125,230037.734375,229919.4375,230041.921875,230280.921875,230114.265625,230222.796875,-0.513916015625,0.002197265625,-0.813720703125,-0.6103515028953552,0.4272460639476776,0.4577636420726776,80.0,8353.0,1.0,O,M,O,0
229960.65625,230079.75,230298.890625,230180.328125,230303.625,230542.515625,230375.328125,230484.3125,-0.515380859375,0.00048828125,-0.81103515625,-0.7629393935203552,0.3662109076976776,0.3967284858226776,80.0,8354.0,1.0,O,M,O,0
229169.234375,229288.5,229507.359375,229389.34375,229512.109375,229751.625,229583.984375,229692.796875,-0.513916015625,-0.00048828125,-0.81201171875,-0.7019042372703552,0.5187987685203552,0.4272460639476776,80.0,8355.0,1.0,O,M,O,0
228830.375,228949.203125,229168.328125,229050.3125,229172.796875,229412.0625,229245.140625,229353.578125,-0.513427734375,-0.001708984375,-0.810546875,-0.7019042372703552,0.5187987685203552,0.4882812201976776,80.0,8356.0,1.0,O,M,O,0
229599.359375,229718.1875,229937.59375,229819.484375,229941.96875,230181.3125,230014.125,230122.75,-0.514892578125,-0.001708984375,-0.81201171875,-0.7324218153953552,0.4882812201976776,0.4882812201976776,80.0,8357.0,1.0,O,M,O,0
230058.296875,230177.296875,230396.703125,230278.59375,230401.4375,230640.515625,230473.40625,230581.859375,-0.51513671875,-0.000732421875,-0.811767578125,-0.7019042372703552,0.3967284858226776,0.3967284858226776,80.0,8358.0,1.0,O,M,O,0
229369.046875,229487.703125,229707.1875,229589.171875,229712.109375,229950.734375,229783.984375,229892.53125,-0.514404296875,-0.0009765625,-0.81005859375,-0.7629393935203552,0.4272460639476776,0.4882812201976776,80.0,8359.0,1.0,O,M,O,0
228843.78125,228962.609375,229181.921875,229063.640625,229187.109375,229425.5625,229258.640625,229367.171875,-0.513671875,0.000732421875,-0.81005859375,-0.6713866591453552,0.5187987685203552,0.4882812201976776,80.0,8360.0,1.0,O,M,O,0
229490.28125,229608.75,229828.34375,229710.046875,229833.171875,230071.96875,229904.78125,230013.59375,-0.511962890625,0.00048828125,-0.813232421875,-0.7629393935203552,0.4882812201976776,0.4577636420726776,80.0,8361.0,1.0,O,M,O,0
230121.328125,230239.703125,230459.375,230341.265625,230464.203125,230703.265625,230535.546875,230644.71875,-0.512939453125,0.00146484375,-0.812744140625,-0.6713866591453552,0.4882812201976776,0.3967284858226776,80.0,8362.0,1.0,O,M,O,0
229578.890625,229697.359375,229916.9375,229798.75,229922.03125,230160.75,229993.65625,230102.1875,-0.51416015625,0.000732421875,-0.81103515625,-0.7629393935203552,0.5187987685203552,0.3356933295726776,80.0,8363.0,1.0,O,M,O,0
228901.640625,229019.921875,229239.140625,229121.484375,229244.6875,229483.21875,229316.03125,229424.484375,-0.51318359375,0.000732421875,-0.811279296875,-0.7019042372703552,0.4577636420726776,0.3967284858226776,80.0,8364.0,1.0,O,M,O,0
229378.53125,229497.171875,229716.3125,229598.375,229721.5,229960.296875,229792.84375,229901.921875,-0.51220703125,0.00048828125,-0.813720703125,-0.7019042372703552,0.4882812201976776,0.4577636420726776,80.0,8365.0,1.0,O,M,O,0
230139.203125,230257.765625,230476.984375,230359.234375,230481.90625,230721.0625,230553.875,230662.765625,-0.51416015625,-0.000732421875,-0.814208984375,-0.7324218153953552,0.5493163466453552,0.5187987685203552,80.0,8366.0,1.0,O,M,O,0
229780.6875,229899.421875,230118.640625,230000.625,230123.46875,230362.546875,230195.4375,230304.15625,-0.513671875,0.002197265625,-0.815673828125,-0.7629393935203552,0.5187987685203552,0.3662109076976776,80.0,8367.0,1.0,O,M,O,0
228996.3125,229115.140625,229334.546875,229216.078125,229339.8125,229578.0,229411.34375,229520.0625,-0.513671875,0.00048828125,-0.81396484375,-0.7934569716453552,0.4577636420726776,0.4882812201976776,80.0,8368.0,1.0,O,M,O,0
229276.515625,229395.15625,229614.46875,229496.1875,229619.578125,229858.375,229691.09375,229800.0,-0.51220703125,0.00048828125,-0.809814453125,-0.7629393935203552,0.4882812201976776,0.5493163466453552,80.0,8369.0,1.0,O,M,O,0
230116.40625,230234.953125,230454.09375,230335.984375,230459.1875,230698.4375,230531.078125,230639.703125,-0.51171875,0.00048828125,-0.80908203125,-0.7934569716453552,0.5187987685203552,0.5187987685203552,80.0,8370.0,1.0,O,M,O,0
229964.953125,230083.59375,230302.640625,230184.625,230307.734375,230546.90625,230379.703125,230488.515625,-0.51318359375,0.0009765625,-0.81103515625,-0.7019042372703552,0.5493163466453552,0.3967284858226776,80.0,8371.0,1.0,O,M,O,0
229124.96875,229243.4375,229462.84375,229344.640625,229467.765625,229706.75,229539.734375,229648.359375,-0.51416015625,0.002685546875,-0.812255859375,-0.7629393935203552,0.4272460639476776,0.4577636420726776,80.0,8372.0,1.0,O,M,O,0
229193.28125,229311.75,229531.234375,229413.484375,229536.328125,229775.140625,229608.03125,229716.578125,-0.513427734375,0.001220703125,-0.81201171875,-0.8544921278953552,0.4272460639476776,0.4577636420726776,80.0,8373.0,1.0,O,M,O,0
230063.296875,230181.859375,230401.171875,230283.328125,230406.078125,230645.515625,230477.875,230586.6875,-0.51513671875,0.001953125,-0.810791015625,-0.7934569716453552,0.3967284858226776,0.3662109076976776,80.0,8374.0,1.0,O,M,O,0
230126.859375,230245.6875,230464.640625,230346.71875,230469.5625,230709.265625,230541.796875,230650.609375,-0.513427734375,0.000244140625,-0.81201171875,-0.6713866591453552,0.4577636420726776,0.3662109076976776,80.0,8375.0,1.0,O,M,O,0
229286.53125,229405.171875,229624.046875,229506.46875,229629.046875,229868.296875,229701.375,229809.65625,-0.514892578125,-0.000732421875,-0.81494140625,-0.6713866591453552,0.4577636420726776,0.4272460639476776,80.0,8376.0,1.0,O,M,O,0
229137.21875,229255.78125,229474.734375,229356.796875,229479.828125,229718.984375,229552.0625,229660.25,-0.51416015625,-0.000244140625,-0.813720703125,-0.6713866591453552,0.4272460639476776,0.4577636420726776,80.0,8377.0,1.0,O,M,O,0
229978.625,230097.265625,230316.5,230198.21875,230321.421875,230560.3125,230393.390625,230502.015625,-0.514404296875,-0.000244140625,-0.813720703125,-0.7324218153953552,0.4882812201976776,0.4577636420726776,80.0,8378.0,1.0,O,M,O,0
230256.328125,230374.875,230594.109375,230475.734375,230599.03125,230837.734375,230670.734375,230779.53125,-0.513671875,-0.000732421875,-0.812255859375,-0.7629393935203552,0.4577636420726776,0.4272460639476776,80.0,8379.0,1.0,O,M,O,0
229471.609375,229589.890625,229809.296875,229690.921875,229814.203125,230052.84375,229885.828125,229994.453125,-0.51220703125,-0.002685546875,-0.81103515625,-0.6713866591453552,0.5187987685203552,0.4272460639476776,80.0,8380.0,1.0,O,M,O,0
229115.046875,229233.25,229452.5625,229334.71875,229457.921875,229696.46875,229529.359375,229637.984375,-0.511474609375,-0.002197265625,-0.81005859375,-0.7629393935203552,0.5187987685203552,0.4272460639476776,80.0,8381.0,1.0,O,M,O,0
229877.0625,229995.265625,230214.84375,230097.0,230219.765625,230458.828125,230291.640625,230400.1875,-0.512451171875,0.00048828125,-0.81201171875,-0.7629393935203552,0.4577636420726776,0.4577636420726776,80.0,8382.0,1.0,O,M,O,0
230353.609375,230472.328125,230692.015625,230573.71875,230697.015625,230936.265625,230768.625,230877.53125,-0.51171875,0.00146484375,-0.81103515625,-0.6713866591453552,0.3662109076976776,0.4272460639476776,80.0,8383.0,1.0,O,M,O,0
229675.453125,229794.1875,230013.40625,229895.21875,230018.59375,230257.9375,230090.484375,230199.109375,-0.510986328125,0.00244140625,-0.81298828125,-0.7934569716453552,0.4577636420726776,0.4577636420726776,80.0,8384.0,1.0,O,M,O,0
229135.25,229253.71875,229472.765625,229355.015625,229478.046875,229717.203125,229550.109375,229658.46875,-0.511962890625,0.00146484375,-0.81298828125,-0.8239745497703552,0.4272460639476776,0.4882812201976776,80.0,8385.0,1.0,O,M,O,0
229768.796875,229887.25,230106.65625,229988.640625,230111.40625,230350.5625,230183.546875,230292.0,-0.515380859375,0.000732421875,-0.813720703125,-0.8239745497703552,0.4272460639476776,0.5187987685203552,80.0,8386.0,1.0,O,M,O,0
230411.625,230530.359375,230749.671875,230631.65625,230754.5,230994.109375,230826.390625,230935.1875,-0.514892578125,0.00146484375,-0.809814453125,-0.7629393935203552,0.3662109076976776,0.5493163466453552,80.0,8387.0,1.0,O,M,O,0
229883.234375,230001.96875,230221.015625,230103.0,230225.75,230465.1875,230297.90625,230406.53125,-0.51513671875,0.000732421875,-0.8125,-0.7324218153953552,0.3967284858226776,0.5187987685203552,80.0,8388.0,1.0,O,M,O,0
229194.34375,229312.90625,229532.125,229414.203125,229536.875,229776.21875,229608.84375,229717.46875,-0.5146484375,0.0009765625,-0.81103515625,-0.8544921278953552,0.4577636420726776,0.5798339247703552,80.0,8389.0,1.0,O,M,O,0
229655.78125,229774.421875,229993.734375,229875.453125,229998.65625,230237.546875,230070.1875,230179.078125,-0.51513671875,0.001220703125,-0.813232421875,-0.8239745497703552,0.4272460639476776,0.4882812201976776,80.0,8390.0,1.0,O,M,O,0
230425.75,230544.3125,230763.71875,230645.25,230768.625,231007.703125,230840.25,230949.328125,-0.515380859375,0.000732421875,-0.811767578125,-0.7629393935203552,0.4272460639476776,0.4882812201976776,80.0,8391.0,1.0,O,M,O,0
230083.859375,230202.328125,230421.640625,230303.4375,230426.5625,230665.453125,230498.171875,230607.15625,-0.513916015625,-0.000732421875,-0.812744140625,-0.7019042372703552,0.4882812201976776,0.4882812201976776,80.0,8392.0,1.0,O,M,O,0
229293.765625,229411.96875,229631.46875,229513.625,229636.5625,229875.546875,229708.53125,229816.890625,-0.51513671875,0.0,-0.813720703125,-0.7019042372703552,0.4882812201976776,0.3662109076976776,80.0,8393.0,1.0,O,M,O,0
229555.375,229673.65625,229892.890625,229775.140625,229898.25,230137.0625,229970.21875,230078.5,-0.515869140625,0.001708984375,-0.809326171875,-0.7934569716453552,0.6103515028953552,0.4272460639476776,80.0,8394.0,1.0,O,M,O,0
230400.265625,230518.5625,230738.234375,230620.296875,230743.0625,230982.3125,230815.296875,230923.84375,-0.514404296875,0.0009765625,-0.809814453125,-0.7019042372703552,0.5187987685203552,0.4272460639476776,80.0,8395.0,1.0,O,M,O,0
230266.96875,230385.609375,230604.84375,230487.171875,230609.578125,230849.1875,230681.546875,230790.796875,-0.513916015625,0.00146484375,-0.811279296875,-0.6103515028953552,0.4577636420726776,0.4272460639476776,80.0,8396.0,1.0,O,M,O,0
229426.71875,229545.1875,229763.96875,229646.484375,229769.0625,230008.3125,229841.03125,229949.75,-0.513671875,0.00048828125,-0.8134765625,-0.5798339247703552,0.4577636420726776,0.4577636420726776,80.0,8397.0,1.0,O,M,O,0
229474.28125,229592.75,229811.796875,229693.875,229816.890625,230056.0625,229889.21875,229997.40625,-0.51416015625,0.001220703125,-0.813720703125,-0.7324218153953552,0.5493163466453552,0.3662109076976776,80.0,8398.0,1.0,O,M,O,0
230343.59375,230462.328125,230681.546875,230563.4375,230686.203125,230925.8125,230758.4375,230867.421875,-0.514404296875,0.0009765625,-0.81396484375,-0.7324218153953552,0.5187987685203552,0.4577636420726776,80.0,8399.0,1.0,O,M,O,0
230427.28125,230545.46875,230764.703125,230646.59375,230769.609375,231009.140625,230841.5,230950.75,-0.514404296875,0.0009765625,-0.8115234375,-0.7934569716453552,0.4882812201976776,0.4577636420726776,80.0,8400.0,1.0,O,M,O,0
229589.078125,229707.28125,229926.859375,229808.84375,229931.875,230170.59375,230003.390625,230111.9375,-0.513916015625,0.00146484375,-0.81201171875,-0.7629393935203552,0.4882812201976776,0.3967284858226776,80.0,8401.0,1.0,O,M,O,0
229418.578125,229537.3125,229756.8125,229638.34375,229761.28125,230000.265625,229833.078125,229941.890625,-0.513916015625,0.002197265625,-0.81201171875,-0.7019042372703552,0.4882812201976776,0.4577636420726776,80.0,8402.0,1.0,O,M,O,0
230257.765625,230376.671875,230595.625,230477.34375,230600.453125,230839.703125,230672.25,230781.59375,-0.513671875,0.0009765625,-0.811767578125,-0.7934569716453552,0.5187987685203552,0.4272460639476776,80.0,8403.0,1.0,O,M,O,0
230554.5,230673.234375,230892.375,230774.171875,230897.640625,231136.8125,230968.984375,231078.421875,-0.5126953125,0.00048828125,-0.81201171875,-0.6713866591453552,0.4272460639476776,0.4577636420726776,80.0,8404.0,1.0,O,M,O,0
229777.28125,229895.921875,230115.328125,229997.046875,230119.984375,230359.40625,230191.953125,230301.125,-0.51513671875,0.001953125,-0.8125,-0.6408690810203552,0.5187987685203552,0.3662109076976776,80.0,8405.0,1.0,O,M,O,0
229402.578125,229521.40625,229740.359375,229622.609375,229745.640625,229984.625,229817.421875,229926.328125,-0.5146484375,0.00048828125,-0.812744140625,-0.7324218153953552,0.4577636420726776,0.3051757514476776,80.0,8406.0,1.0,O,M,O,0
230155.125,230273.578125,230492.453125,230374.796875,230497.453125,230736.71875,230569.4375,230678.421875,-0.513427734375,-0.0009765625,-0.81396484375,-0.6713866591453552,0.4882812201976776,0.3662109076976776,80.0,8407.0,1.0,O,M,O,0
230650.078125,230768.625,230987.5,230869.390625,230992.328125,231231.84375,231064.484375,231173.640625,-0.514404296875,-0.000244140625,-0.812744140625,-0.8239745497703552,0.4577636420726776,0.4272460639476776,80.0,8408.0,1.0,O,M,O,0
229983.546875,230101.828125,230321.234375,230203.40625,230326.15625,230565.5,230397.953125,230506.9375,-0.513916015625,0.0,-0.810302734375,-0.7324218153953552,0.3662109076976776,0.4577636420726776,80.0,8409.0,1.0,O,M,O,0
229427.171875,229545.09375,229764.59375,229647.015625,229769.59375,230008.765625,229841.5625,229950.109375,-0.51513671875,0.002197265625,-0.811279296875,-0.7019042372703552,0.3967284858226776,0.4882812201976776,80.0,8410.0,1.0,O,M,O,0
230042.5625,230161.015625,230380.328125,230262.40625,230385.15625,230624.234375,230457.3125,230566.03125,-0.514404296875,0.001953125,-0.81201171875,-0.7324218153953552,0.4577636420726776,0.5187987685203552,80.0,8411.0,1.0,O,M,O,0
230698.359375,230817.09375,231036.40625,230917.9375,231041.234375,231280.578125,231113.203125,231222.28125,-0.512939453125,0.001708984375,-0.815185546875,-0.7934569716453552,0.4882812201976776,0.4577636420726776,80.0,8412.0,1.0,O,M,O,0
230187.390625,230306.03125,230525.171875,230407.25,230530.1875,230769.34375,230602.328125,230711.140625,-0.514892578125,0.001220703125,-0.81103515625,-0.7934569716453552,0.5493163466453552,0.5187987685203552,80.0,8413.0,1.0,O,M,O,0
229488.40625,229606.609375,229825.921875,229708.359375,229830.65625,230069.90625,229902.71875,230011.078125,-0.51513671875,0.001708984375,-0.811767578125,-0.8239745497703552,0.3967284858226776,0.3967284858226776,80.0,8414.0,1.0,O,M,O,0
229932.140625,230050.328125,230269.46875,230151.90625,230274.296875,230513.640625,230346.453125,230455.265625,-0.51416015625,0.00146484375,-0.812255859375,-0.8850097060203552,0.4272460639476776,0.3662109076976776,80.0,8415.0,1.0,O,M,O,0
230710.609375,230828.984375,231048.390625,230930.453125,231053.21875,231292.375,231124.828125,231234.4375,-0.51220703125,0.0009765625,-0.813720703125,-0.7934569716453552,0.3967284858226776,0.3356933295726776,80.0,8416.0,1.0,O,M,O,0
230387.125,230505.765625,230724.734375,230606.890625,230729.734375,230968.90625,230801.53125,230910.703125,-0.514404296875,0.0,-0.81396484375,-0.7934569716453552,0.4272460639476776,0.3967284858226776,80.0,8417.0,1.0,O,M,O,0
229588.546875,229706.921875,229925.96875,229808.125,229931.15625,230170.046875,230002.6875,230111.578125,-0.51318359375,0.000732421875,-0.813232421875,-0.7934569716453552,0.3967284858226776,0.4882812201976776,80.0,8418.0,1.0,O,M,O,0
229832.53125,229950.828125,230170.3125,230052.296875,230175.234375,230414.21875,230246.765625,230355.84375,-0.513671875,-0.00048828125,-0.811767578125,-0.7934569716453552,0.4882812201976776,0.4272460639476776,80.0,8419.0,1.0,O,M,O,0
230683.78125,230802.34375,231021.65625,230903.359375,231026.21875,231265.828125,231097.921875,231207.4375,-0.51318359375,0.001220703125,-0.810302734375,-0.7324218153953552,0.3662109076976776,0.4577636420726776,80.0,8420.0,1.0,O,M,O,0
230571.125,230689.765625,230909.09375,230790.796875,230913.828125,231153.078125,230985.265625,231094.96875,-0.5126953125,0.0,-0.81103515625,-0.6408690810203552,0.5187987685203552,0.3967284858226776,80.0,8421.0,1.0,O,M,O,0
229726.234375,229844.609375,230064.015625,229945.8125,230069.109375,230308.0,230140.8125,230249.625,-0.51416015625,0.000732421875,-0.813232421875,-0.7019042372703552,0.4882812201976776,0.3356933295726776,80.0,8422.0,1.0,O,M,O,0
229752.609375,229871.078125,230090.125,229972.640625,230095.75,230334.46875,230167.453125,230276.09375,-0.5146484375,0.000732421875,-0.8125,-0.7934569716453552,0.4272460639476776,0.4882812201976776,80.0,8423.0,1.0,O,M,O,0
230622.265625,230740.46875,230960.046875,230841.9375,230964.96875,231204.3125,231036.9375,231146.1875,-0.5146484375,-0.00048828125,-0.8095703125,-0.8544921278953552,0.4882812201976776,0.5187987685203552,80.0,8424.0,1.0,O,M,O,0
230725.359375,230844.0,231063.3125,230944.765625,231068.140625,231307.75,231140.109375,231249.1875,-0.515380859375,-0.000732421875,-0.81103515625,-0.8239745497703552,0.4577636420726776,0.3662109076976776,80.0,8425.0,1.0,O,M,O,0
229889.84375,230008.140625,230227.625,230109.703125,230232.546875,230472.0625,230304.34375,230413.234375,-0.51318359375,-0.000244140625,-0.810791015625,-0.7324218153953552,0.4577636420726776,0.3662109076976776,80.0,8426.0,1.0,O,M,O,0
229702.890625,229821.1875,230040.5,229922.84375,230045.78125,230284.671875,230117.390625,230225.921875,-0.512451171875,0.00146484375,-0.811279296875,-0.7934569716453552,0.4272460639476776,0.3967284858226776,80.0,8427.0,1.0,O,M,O,0
230534.46875,230652.84375,230872.15625,230754.328125,230877.078125,231116.515625,230949.40625,231057.953125,-0.51318359375,-0.0009765625,-0.81005859375,-0.8544921278953552,0.3967284858226776,0.3662109076976776,80.0,8428.0,1.0,O,M,O,0
230850.796875,230968.90625,231188.03125,231070.28125,231192.78125,231432.5625,231265.109375,231374.359375,-0.51416015625,0.00146484375,-0.810791015625,-0.8544921278953552,0.4882812201976776,0.3967284858226776,80.0,8429.0,1.0,O,M,O,0
230080.734375,230198.921875,230417.96875,230300.046875,230423.078125,230662.5,230495.046875,230603.578125,-0.513427734375,0.0009765625,-0.8095703125,-0.7019042372703552,0.4882812201976776,0.3356933295726776,80.0,8430.0,1.0,O,M,O,0
229690.203125,229808.484375,230027.71875,229909.78125,230032.71875,230271.890625,230104.515625,230213.40625,-0.51513671875,0.001220703125,-0.814208984375,-0.7629393935203552,0.4577636420726776,0.2746581733226776,80.0,8431.0,1.0,O,M,O,0
230431.5625,230549.84375,230769.34375,230651.0625,230774.078125,231013.609375,230845.875,230954.859375,-0.513427734375,-0.000244140625,-0.810791015625,-0.7934569716453552,0.4882812201976776,0.3356933295726776,80.0,8432.0,1.0,O,M,O,0
230939.84375,231057.859375,231277.359375,231159.0625,231282.546875,231521.96875,231354.0625,231463.328125,-0.516357421875,-0.001220703125,-0.81005859375,-0.7324218153953552,0.4882812201976776,0.3967284858226776,80.0,8433.0,1.0,O,M,O,0
230285.921875,230403.9375,230623.515625,230505.5,230628.625,230867.6875,230699.96875,230809.40625,-0.515625,0.002197265625,-0.813232421875,-0.7324218153953552,0.4577636420726776,0.4577636420726776,80.0,8434.0,1.0,O,M,O,0
229716.75,229835.3125,230054.796875,229936.78125,230059.71875,230298.53125,230130.984375,230240.0625,-0.5146484375,0.000244140625,-0.811279296875,-0.6713866591453552,0.4577636420726776,0.4882812201976776,80.0,8435.0,1.0,O,M,O,0
230321.140625,230439.515625,230658.921875,230541.0,230663.84375,230903.015625,230735.640625,230844.71875,-0.512939453125,0.0,-0.811279296875,-0.7019042372703552,0.4272460639476776,0.4272460639476776,80.0,8436.0,1.0,O,M,O,0
230989.203125,231107.65625,231326.796875,231208.59375,231331.71875,231571.328125,231403.515625,231512.765625,-0.51416015625,-0.000732421875,-0.812255859375,-0.7019042372703552,0.4272460639476776,0.3967284858226776,80.0,8437.0,1.0,O,M,O,0
230492.71875,230611.0,230830.140625,230712.21875,230835.421875,231074.578125,230907.296875,231016.28125,-0.514404296875,-0.00048828125,-0.811767578125,-0.7324218153953552,0.4272460639476776,0.4272460639476776,80.0,8438.0,1.0,O,M,O,0
229782.203125,229900.671875,230119.796875,230002.046875,230124.984375,230363.796875,230196.875,230305.59375,-0.513916015625,-0.00048828125,-0.811767578125,-0.7019042372703552,0.5187987685203552,0.4272460639476776,80.0,8439.0,1.0,O,M,O,0
230210.640625,230328.84375,230548.0625,230430.140625,230552.796875,230792.140625,230624.59375,230733.84375,-0.5146484375,0.000732421875,-0.810302734375,-0.7629393935203552,0.5187987685203552,0.3662109076976776,80.0,8440.0,1.0,O,M,O,0
230997.0625,231115.625,231335.015625,231216.640625,231339.5,231578.921875,231411.109375,231520.546875,-0.513427734375,0.00048828125,-0.81005859375,-0.7019042372703552,0.5187987685203552,0.4577636420726776,80.0,8441.0,1.0,O,M,O,0
230689.953125,230808.234375,231027.90625,230909.53125,231032.296875,231271.8125,231104.359375,231213.421875,-0.51220703125,-0.000244140625,-0.8125,-0.6713866591453552,0.4272460639476776,0.4577636420726776,80.0,8442.0,1.0,O,M,O,0
229886.1875,230004.5625,230223.78125,230105.859375,230229.0625,230468.21875,230300.671875,230409.84375,-0.514892578125,0.001708984375,-0.813232421875,-0.7324218153953552,0.4882812201976776,0.3967284858226776,80.0,8443.0,1.0,O,M,O,0
230111.3125,230229.859375,230449.09375,230331.078125,230454.0,230693.265625,230525.890625,230634.96875,-0.516357421875,0.000732421875,-0.814208984375,-0.7324218153953552,0.5187987685203552,0.3662109076976776,80.0,8444.0,1.0,O,M,O,0
230965.859375,231084.59375,231303.8125,231185.71875,231308.46875,231548.078125,231380.4375,231490.140625,-0.513916015625,0.000732421875,-0.812744140625,-0.7629393935203552,0.3967284858226776,0.4882812201976776,80.0,8445.0,1.0,O,M,O,0
230871.453125,230989.46875,231208.953125,231090.765625,231213.703125,231453.390625,231285.671875,231395.1875,-0.512939453125,0.001953125,-0.808837890625,-0.7324218153953552,0.4272460639476776,0.5493163466453552,80.0,8446.0,1.0,O,M,O,0
230029.0625,230146.984375,230366.484375,230248.453125,230371.3125,230610.5625,230443.28125,230552.265625,-0.51220703125,-0.00048828125,-0.8095703125,-0.7934569716453552,0.4272460639476776,0.4577636420726776,80.0,8447.0,1.0,O,M,O,0
230039.515625,230157.625,230377.203125,230259.09375,230382.03125,230621.109375,230453.921875,230562.8125,-0.51416015625,-0.00048828125,-0.809814453125,-0.6713866591453552,0.5493163466453552,0.4577636420726776,80.0,8448.0,1.0,O,M,O,0
230908.734375,231027.015625,231246.328125,231128.046875,231251.0625,231490.40625,231323.046875,231432.65625,-0.51416015625,-0.001220703125,-0.8134765625,-0.7629393935203552,0.5187987685203552,0.3967284858226776,80.0,8449.0,1.0,O,M,O,0
231030.859375,231149.140625,231368.640625,231249.90625,231373.109375,231612.546875,231445.0,231554.96875,-0.51318359375,-0.0009765625,-0.81396484375,-0.7324218153953552,0.4577636420726776,0.3662109076976776,80.0,8450.0,1.0,O,M,O,0
230200.09375,230318.640625,230537.875,230419.578125,230542.78125,230781.6875,230614.21875,230723.75,-0.5146484375,0.00048828125,-0.814453125,-0.7324218153953552,0.4577636420726776,0.3662109076976776,80.0,8451.0,1.0,O,M,O,0
229991.5,230109.25,230329.109375,230210.90625,230333.9375,230573.09375,230405.640625,230514.796875,-0.513427734375,0.0009765625,-0.811279296875,-0.6713866591453552,0.4577636420726776,0.4882812201976776,80.0,8452.0,1.0,O,M,O,0
230817.625,230935.828125,231155.21875,231036.9375,231159.96875,231399.484375,231231.84375,231341.1875,-0.511962890625,0.001220703125,-0.81103515625,-0.8544921278953552,0.3662109076976776,0.5187987685203552,80.0,8453.0,1.0,O,M,O,0
231151.203125,231269.484375,231488.796875,231370.34375,231493.71875,231733.328125,231565.78125,231674.765625,-0.512451171875,0.000244140625,-0.809814453125,-0.8239745497703552,0.4272460639476776,0.4882812201976776,80.0,8454.0,1.0,O,M,O,0
230389.90625,230507.828125,230727.328125,230609.125,230732.234375,230971.3125,230804.390625,230913.015625,-0.51318359375,-0.000244140625,-0.814208984375,-0.7934569716453552,0.4272460639476776,0.5187987685203552,80.0,8455.0,1.0,O,M,O,0
229980.234375,230097.90625,230317.578125,230199.734375,230322.578125,230561.65625,230394.90625,230503.1875,-0.513427734375,-0.001953125,-0.812744140625,-0.7629393935203552,0.3967284858226776,0.5187987685203552,80.0,8456.0,1.0,O,M,O,0
230712.21875,230830.59375,231049.90625,230931.890625,231054.828125,231294.515625,231126.96875,231236.234375,-0.513916015625,0.000244140625,-0.81103515625,-0.7019042372703552,0.4577636420726776,0.4272460639476776,80.0,8457.0,1.0,O,M,O,0
231236.140625,231354.328125,231573.828125,231455.546875,231578.75,231818.265625,231650.71875,231760.25,-0.513916015625,0.0009765625,-0.8095703125,-0.8239745497703552,0.4577636420726776,0.4577636420726776,80.0,8458.0,1.0,O,M,O,0
230593.21875,230711.3125,230930.546875,230812.53125,230935.640625,231175.25,231007.796875,231116.953125,-0.51318359375,0.000244140625,-0.81005859375,-0.8544921278953552,0.4577636420726776,0.4272460639476776,80.0,8459.0,1.0,O,M,O,0
230006.25,230124.28125,230343.5,230225.65625,230348.78125,230588.03125,230421.109375,230529.734375,-0.513671875,0.000244140625,-0.810791015625,-0.8239745497703552,0.5493163466453552,0.4577636420726776,80.0,8460.0,1.0,O,M,O,0
230596.078125,230714.359375,230933.40625,230815.84375,230938.6875,231177.9375,231010.75,231119.90625,-0.511474609375,0.001708984375,-0.812744140625,-0.7324218153953552,0.4882812201976776,0.4577636420726776,80.0,8461.0,1.0,O,M,O,0
231277.171875,231395.734375,231615.046875,231496.9375,231619.96875,231859.21875,231691.84375,231801.546875,-0.51513671875,0.0009765625,-0.81298828125,-0.7324218153953552,0.5187987685203552,0.4272460639476776,80.0,8462.0,1.0,O,M,O,0
230794.5625,230912.9375,231132.515625,231014.234375,231137.34375,231376.953125,231209.40625,231318.578125,-0.51513671875,0.000732421875,-0.811279296875,-0.7019042372703552,0.4882812201976776,0.4882812201976776,80.0,8463.0,1.0,O,M,O,0
230073.765625,230191.859375,230411.265625,230293.4375,230416.359375,230655.53125,230488.609375,230597.328125,-0.51513671875,-0.0009765625,-0.81298828125,-0.6408690810203552,0.5187987685203552,0.4272460639476776,80.0,8464.0,1.0,O,M,O,0
230488.515625,230606.625,230826.125,230708.28125,230831.296875,231070.28125,230903.09375,231012.359375,-0.5126953125,-0.001220703125,-0.814208984375,-0.7019042372703552,0.4577636420726776,0.3662109076976776,80.0,8465.0,1.0,O,M,O,0
231285.9375,231404.140625,231623.453125,231505.609375,231628.453125,231868.15625,231700.34375,231810.046875,-0.514404296875,0.000732421875,-0.81298828125,-0.7324218153953552,0.5187987685203552,0.3967284858226776,80.0,8466.0,1.0,O,M,O,0
230998.234375,231116.25,231335.5625,231217.71875,231340.828125,231580.265625,231412.625,231522.0625,-0.513671875,0.002197265625,-0.810791015625,-0.7324218153953552,0.4272460639476776,0.4272460639476776,80.0,8467.0,1.0,O,M,O,0
230186.59375,230304.703125,230523.921875,230406.53125,230529.28125,230768.625,230601.171875,230710.25,-0.515380859375,0.002197265625,-0.811279296875,-0.7324218153953552,0.4882812201976776,0.4272460639476776,80.0,8468.0,1.0,O,M,O,0
230392.9375,230511.140625,230730.453125,230612.796875,230735.453125,230975.15625,230807.34375,230916.6875,-0.516357421875,0.00244140625,-0.8134765625,-0.6408690810203552,0.4882812201976776,0.3662109076976776,80.0,8469.0,1.0,O,M,O,0
231249.734375,231367.75,231587.234375,231469.21875,231592.15625,231831.765625,231664.125,231773.65625,-0.514892578125,0.0009765625,-0.812255859375,-0.7934569716453552,0.4577636420726776,0.4272460639476776,80.0,8470.0,1.0,O,M,O,0
231174.8125,231293.09375,231512.3125,231393.671875,231517.40625,231757.03125,231589.03125,231698.546875,-0.512939453125,0.001953125,-0.811767578125,-0.7019042372703552,0.4272460639476776,0.3967284858226776,80.0,8471.0,1.0,O,M,O,0
230329.640625,230447.84375,230666.796875,230548.875,230672.0625,230911.234375,230744.125,230852.9375,-0.514404296875,0.000732421875,-0.8115234375,-0.7934569716453552,0.4577636420726776,0.4577636420726776,80.0,8472.0,1.0,O,M,O,0
230319.890625,230437.90625,230657.3125,230539.296875,230662.328125,230901.3125,230734.5625,230843.28125,-0.51220703125,0.000244140625,-0.81201171875,-0.6408690810203552,0.3967284858226776,0.4577636420726776,80.0,8473.0,1.0,O,M,O,0
231185.359375,231303.90625,231523.046875,231405.203125,231528.046875,231767.578125,231600.109375,231709.28125,-0.51318359375,-0.000244140625,-0.813720703125,-0.7019042372703552,0.5187987685203552,0.4577636420726776,80.0,8474.0,1.0,O,M,O,0
231326.625,231445.265625,231664.390625,231546.109375,231669.21875,231909.1875,231741.46875,231850.71875,-0.513671875,-0.0009765625,-0.81201171875,-0.6103515028953552,0.3662109076976776,0.4272460639476776,80.0,8475.0,1.0,O,M,O,0
230499.0625,230617.53125,230837.03125,230718.5625,230841.5,231081.109375,230913.921875,231023.078125,-0.5126953125,-0.00048828125,-0.81005859375,-0.7324218153953552,0.4577636420726776,0.4577636420726776,80.0,8476.0,1.0,O,M,O,0
230273.9375,230392.21875,230611.546875,230493.171875,230616.453125,230855.796875,230688.703125,230797.59375,-0.514404296875,0.001220703125,-0.81005859375,-0.7019042372703552,0.5187987685203552,0.4882812201976776,80.0,8477.0,1.0,O,M,O,0
231093.71875,231211.46875,231430.78125,231312.671875,231436.046875,231675.484375,231508.03125,231617.1875,-0.515625,0.000732421875,-0.8134765625,-0.7019042372703552,0.4882812201976776,0.3662109076976776,80.0,8478.0,1.0,O,M,O,0
231446.78125,231564.625,231783.84375,231665.734375,231788.859375,232028.375,231861.1875,231970.4375,-0.514892578125,0.000244140625,-0.815185546875,-0.6408690810203552,0.4882812201976776,0.3967284858226776,80.0,8479.0,1.0,O,M,O,0
230694.25,230812.265625,231031.75,230913.5625,231036.21875,231275.828125,231108.828125,231217.8125,-0.513671875,0.000732421875,-0.81396484375,-0.6713866591453552,0.4577636420726776,0.3662109076976776,80.0,8480.0,1.0,O,M,O,0
230266.78125,230385.15625,230604.203125,230486.46875,230609.3125,230848.65625,230681.546875,230790.265625,-0.51513671875,0.0029296875,-0.8115234375,-0.7019042372703552,0.3967284858226776,0.3967284858226776,80.0,8481.0,1.0,O,M,O,0
230987.9375,231106.234375,231325.453125,231207.078125,231330.375,231569.984375,231402.34375,231511.78125,-0.512939453125,0.00146484375,-0.8095703125,-0.7019042372703552,0.4272460639476776,0.4882812201976776,80.0,8482.0,1.0,O,M,O,0
231527.96875,231646.78125,231865.46875,231747.375,231870.390625,232110.265625,231942.71875,232052.25,-0.513671875,0.00146484375,-0.81005859375,-0.7324218153953552,0.4882812201976776,0.4577636420726776,80.0,8483.0,1.0,O,M,O,0
230896.65625,231015.65625,231233.8125,231116.328125,231239.453125,231478.96875,231311.59375,231420.859375,-0.513671875,0.000732421875,-0.813232421875,-0.7629393935203552,0.4882812201976776,0.4272460639476776,80.0,8484.0,1.0,O,M,O,0
230298.609375,230417.4375,230636.390625,230518.640625,230641.671875,230880.65625,230713.375,230822.984375,-0.514404296875,0.000244140625,-0.81201171875,-0.6713866591453552,0.4882812201976776,0.4577636420726776,80.0,8485.0,1.0,O,M,O,0
230873.234375,230991.875,231210.75,231092.546875,231215.75,231454.921875,231287.8125,231397.515625,-0.514404296875,-0.00048828125,-0.811279296875,-0.6713866591453552,0.4272460639476776,0.3967284858226776,80.0,8486.0,1.0,O,M,O,0
231566.234375,231685.046875,231903.65625,231785.640625,231908.75,232148.265625,231980.8125,232090.78125,-0.51318359375,0.0,-0.81298828125,-0.7019042372703552,0.5187987685203552,0.3356933295726776,80.0,8487.0,1.0,O,M,O,0
231100.0625,231218.609375,231437.578125,231319.46875,231442.765625,231681.828125,231514.546875,231624.078125,-0.5146484375,0.0009765625,-0.809814453125,-0.7324218153953552,0.4272460639476776,0.4272460639476776,80.0,8488.0,1.0,O,M,O,0
230370.140625,230488.609375,230707.75,230589.453125,230712.84375,230951.5625,230784.71875,230893.890625,-0.51318359375,0.001708984375,-0.81494140625,-0.7324218153953552,0.4272460639476776,0.4882812201976776,80.0,8489.0,1.0,O,M,O,0
230765.59375,230884.234375,231103.28125,230984.90625,231108.640625,231347.359375,231180.609375,231289.6875,-0.511962890625,0.000732421875,-0.814208984375,-0.7324218153953552,0.4577636420726776,0.3662109076976776,80.0,8490.0,1.0,O,M,O,0
231568.828125,231687.203125,231906.328125,231788.046875,231911.25,232150.953125,231983.3125,232092.75,-0.513671875,0.000732421875,-0.8125,-0.7629393935203552,0.4882812201976776,0.4272460639476776,80.0,8491.0,1.0,O,M,O,0
231298.8125,231417.359375,231636.40625,231518.125,231641.234375,231880.9375,231713.484375,231823.0,-0.514404296875,0.002197265625,-0.8125,-0.7629393935203552,0.4882812201976776,0.3967284858226776,80.0,8492.0,1.0,O,M,O,0
230483.0625,230601.4375,230820.3125,230702.203125,230825.671875,231064.921875,230897.375,231006.90625,-0.513427734375,0.002685546875,-0.810546875,-0.8239745497703552,0.4882812201976776,0.3967284858226776,80.0,8493.0,1.0,O,M,O,0
230673.328125,230791.421875,231010.296875,230892.28125,231015.84375,231255.0,231087.546875,231196.703125,-0.513427734375,0.001708984375,-0.81201171875,-0.7324218153953552,0.4882812201976776,0.3967284858226776,80.0,8494.0,1.0,O,M,O,0
231534.671875,231653.140625,231871.828125,231753.53125,231876.921875,232116.53125,231948.890625,232058.5,-0.51171875,0.001708984375,-0.81103515625,-0.6713866591453552,0.4577636420726776,0.3967284858226776,80.0,8495.0,1.0,O,M,O,0
231479.328125,231597.703125,231816.5625,231698.28125,231821.84375,232061.1875,231893.453125,232002.984375,-0.514404296875,0.0009765625,-0.8115234375,-0.7019042372703552,0.3356933295726776,0.4272460639476776,80.0,8496.0,1.0,O,M,O,0
230629.875,230748.25,230967.203125,230849.453125,230972.5625,231211.90625,231044.265625,231153.53125,-0.514892578125,0.00048828125,-0.810302734375,-0.7324218153953552,0.4882812201976776,0.4577636420726776,80.0,8497.0,1.0,O,M,O,0
230597.6875,230716.234375,230935.375,230817.171875,230940.5625,231179.71875,231012.4375,231121.609375,-0.51318359375,0.0009765625,-0.81103515625,-0.8239745497703552,0.4882812201976776,0.4882812201976776,80.0,8498.0,1.0,O,M,O,0
231462.703125,231581.515625,231800.390625,231682.375,231805.578125,232045.09375,231877.453125,231986.796875,-0.513916015625,0.0029296875,-0.811767578125,-0.8850097060203552,0.4272460639476776,0.4577636420726776,80.0,8499.0,1.0,O,M,O,0
231625.6875,231744.78125,231963.546875,231845.453125,231968.921875,232208.625,232040.53125,232150.140625,-0.513916015625,0.001708984375,-0.81298828125,-0.8239745497703552,0.4882812201976776,0.4272460639476776,80.0,8500.0,1.0,O,M,O,0
230803.953125,230922.40625,231141.28125,231023.625,231147.265625,231385.8125,231218.609375,231327.609375,-0.513916015625,0.00048828125,-0.8115234375,-0.8239745497703552,0.5493163466453552,0.4272460639476776,80.0,8501.0,1.0,O,M,O,0
230558.609375,230676.890625,230895.59375,230777.65625,230901.40625,231140.296875,230973.1875,231081.828125,-0.514404296875,0.00146484375,-0.8125,-0.8239745497703552,0.4577636420726776,0.3967284858226776,80.0,8502.0,1.0,O,M,O,0
231371.953125,231490.234375,231709.375,231591.078125,231714.734375,231954.171875,231786.625,231895.875,-0.512939453125,0.002685546875,-0.8134765625,-0.8544921278953552,0.4882812201976776,0.3967284858226776,80.0,8503.0,1.0,O,M,O,0
231744.5,231862.609375,232081.921875,231963.640625,232087.03125,232326.90625,232158.90625,232268.34375,-0.513671875,0.001953125,-0.813720703125,-0.7019042372703552,0.4577636420726776,0.3967284858226776,80.0,8504.0,1.0,O,M,O,0
231001.171875,231119.546875,231338.59375,231220.40625,231343.609375,231583.21875,231415.578125,231525.015625,-0.514404296875,0.000244140625,-0.8125,-0.7324218153953552,0.4882812201976776,0.3967284858226776,80.0,8505.0,1.0,O,M,O,0
230556.28125,230674.3125,230893.53125,230775.609375,230898.625,231138.234375,230970.6875,231079.671875,-0.5126953125,0.000732421875,-0.81103515625,-0.7324218153953552,0.4882812201976776,0.4882812201976776,80.0,8506.0,1.0,O,M,O,0
231263.5,231381.515625,231600.828125,231482.640625,231605.921875,231845.359375,231677.90625,231787.0625,-0.5126953125,0.0009765625,-0.81494140625,-0.6103515028953552,0.5493163466453552,0.3967284858226776,80.0,8507.0,1.0,O,M,O,0
231821.9375,231940.390625,232159.359375,232041.15625,232164.265625,232403.890625,232236.609375,232345.859375,-0.51318359375,0.001708984375,-0.81494140625,-0.5798339247703552,0.4882812201976776,0.3967284858226776,80.0,8508.0,1.0,O,M,O,0
231208.875,231327.15625,231546.015625,231428.28125,231551.390625,231790.46875,231623.453125,231732.703125,-0.51318359375,0.000244140625,-0.8134765625,-0.7629393935203552,0.4577636420726776,0.4272460639476776,80.0,8509.0,1.0,O,M,O,0
230595.0,230713.5625,230932.875,230814.9375,230937.78125,231176.765625,231009.671875,231118.921875,-0.514404296875,0.00048828125,-0.811279296875,-0.7019042372703552,0.4272460639476776,0.4272460639476776,80.0,8510.0,1.0,O,M,O,0
231153.53125,231271.546875,231490.953125,231373.109375,231495.953125,231735.296875,231567.921875,231677.0,-0.513427734375,0.00048828125,-0.8134765625,-0.8239745497703552,0.4272460639476776,0.3662109076976776,80.0,8511.0,1.0,O,M,O,0
231859.21875,231977.5,232196.90625,232078.625,232201.734375,232441.703125,232273.796875,232383.40625,-0.513671875,0.00048828125,-0.814208984375,-0.7934569716453552,0.4882812201976776,0.3967284858226776,80.0,8512.0,1.0,O,M,O,0
231412.265625,231530.734375,231750.3125,231631.9375,231754.703125,231994.671875,231827.03125,231936.640625,-0.513427734375,0.000732421875,-0.81298828125,-0.7019042372703552,0.5493163466453552,0.3967284858226776,80.0,8513.0,1.0,O,M,O,0
230670.8125,230789.46875,231008.515625,230890.40625,231013.609375,231253.03125,231085.3125,231194.296875,-0.513671875,0.00244140625,-0.81201171875,-0.7324218153953552,0.5493163466453552,0.5187987685203552,80.0,8514.0,1.0,O,M,O,0
231044.0,231162.28125,231381.25,231263.5,231386.609375,231625.78125,231458.3125,231567.65625,-0.51416015625,0.002197265625,-0.810791015625,-0.6713866591453552,0.3967284858226776,0.4272460639476776,80.0,8515.0,1.0,O,M,O,0
231853.578125,231972.140625,232191.28125,232073.171875,232196.453125,232435.890625,232268.4375,232377.6875,-0.515380859375,0.0009765625,-0.811767578125,-0.7934569716453552,0.4577636420726776,0.4577636420726776,80.0,8516.0,1.0,O,M,O,0
231603.59375,231722.15625,231941.296875,231822.828125,231946.390625,232185.734375,232017.90625,232127.703125,-0.515380859375,0.000244140625,-0.814697265625,-0.8239745497703552,0.4882812201976776,0.5187987685203552,80.0,8517.0,1.0,O,M,O,0
230783.203125,230901.84375,231120.796875,231002.703125,231126.078125,231365.6875,231197.875,231307.125,-0.515380859375,0.0009765625,-0.8125,-0.7324218153953552,0.4577636420726776,0.4882812201976776,80.0,8518.0,1.0,O,M,O,0
230948.515625,231066.796875,231286.03125,231167.921875,231291.125,231530.734375,231363.28125,231472.359375,-0.5146484375,0.001708984375,-0.81201171875,-0.8544921278953552,0.5187987685203552,0.5187987685203552,80.0,8519.0,1.0,O,M,O,0
231811.65625,231930.109375,232149.515625,232031.328125,232154.609375,232394.140625,232226.59375,232335.9375,-0.513671875,0.001220703125,-0.808837890625,-0.8850097060203552,0.4882812201976776,0.4272460639476776,80.0,8520.0,1.0,O,M,O,0
231779.015625,231897.484375,232116.53125,231998.421875,232121.796875,232361.328125,232193.953125,232303.21875,-0.512451171875,-0.00048828125,-0.8125,-0.7934569716453552,0.4272460639476776,0.4272460639476776,80.0,8521.0,1.0,O,M,O,0
230931.890625,231050.265625,231269.671875,231151.46875,231274.765625,231514.015625,231346.734375,231455.640625,-0.5166015625,-0.000244140625,-0.812744140625,-0.7934569716453552,0.4882812201976776,0.4882812201976776,80.0,8522.0,1.0,O,M,O,0
230880.828125,230999.296875,231218.609375,231100.0625,231223.53125,231462.875,231295.5,231404.578125,-0.515380859375,0.00146484375,-0.811279296875,-0.7629393935203552,0.4272460639476776,0.3967284858226776,80.0,8523.0,1.0,O,M,O,0
231743.609375,231862.25,232080.9375,231962.65625,232086.3125,232325.46875,232158.46875,232267.53125,-0.51318359375,0.002197265625,-0.81103515625,-0.7324218153953552,0.4882812201976776,0.4577636420726776,80.0,8524.0,1.0,O,M,O,0
231925.90625,232044.375,232263.328125,232145.140625,232268.609375,232507.78125,232340.578125,232449.75,-0.514404296875,0.00244140625,-0.813232421875,-0.7324218153953552,0.4577636420726776,0.4577636420726776,80.0,8525.0,1.0,O,M,O,0
231109.0,231227.375,231446.6875,231328.40625,231452.0625,231691.046875,231523.5,231632.84375,-0.514404296875,0.001708984375,-0.810791015625,-0.7019042372703552,0.4272460639476776,0.4882812201976776,80.0,8526.0,1.0,O,M,O,0
230841.5,230959.515625,231178.921875,231060.8125,231183.921875,231423.09375,231255.8125,231364.96875,-0.513671875,0.001953125,-0.809814453125,-0.8544921278953552,0.4882812201976776,0.5187987685203552,80.0,8527.0,1.0,O,M,O,0
231647.046875,231765.34375,231984.75,231866.640625,231989.484375,232229.09375,232061.984375,232171.421875,-0.513427734375,0.002197265625,-0.80859375,-0.8544921278953552,0.4882812201976776,0.4882812201976776,80.0,8528.0,1.0,O,M,O,0
232037.40625,232156.046875,232375.09375,232256.8125,232380.1875,232620.0625,232452.25,232561.953125,-0.51318359375,0.0,-0.811767578125,-0.7019042372703552,0.5187987685203552,0.4882812201976776,80.0,8529.0,1.0,O,M,O,0
231304.265625,231422.546875,231641.78125,231523.84375,231647.140625,231886.484375,231718.9375,231828.1875,-0.514404296875,0.000732421875,-0.810546875,-0.7934569716453552,0.4882812201976776,0.5187987685203552,80.0,8530.0,1.0,O,M,O,0
230840.875,230958.796875,231178.46875,231060.546875,231183.484375,231422.46875,231255.453125,231364.796875,-0.5146484375,-0.00146484375,-0.811279296875,-0.7629393935203552,0.4882812201976776,0.4272460639476776,80.0,8531.0,1.0,O,M,O,0
231538.421875,231656.53125,231875.75,231758.0,231880.765625,232120.28125,231953.09375,232062.703125,-0.51513671875,0.001220703125,-0.8134765625,-0.8544921278953552,0.5187987685203552,0.4272460639476776,80.0,8532.0,1.0,O,M,O,0
232108.9375,232227.125,232446.4375,232328.421875,232451.171875,232691.328125,232523.78125,232633.125,-0.513671875,0.00341796875,-0.810791015625,-0.7934569716453552,0.4577636420726776,0.4882812201976776,80.0,8533.0,1.0,O,M,O,0
231507.84375,231626.125,231845.53125,231727.34375,231850.359375,232090.328125,231922.78125,232032.046875,-0.51318359375,0.000732421875,-0.811279296875,-0.7324218153953552,0.5493163466453552,0.3662109076976776,80.0,8534.0,1.0,O,M,O,0
230880.203125,230998.859375,231217.984375,231099.96875,231222.8125,231462.515625,231295.234375,231404.140625,-0.51416015625,0.0029296875,-0.81201171875,-0.7324218153953552,0.4272460639476776,0.4272460639476776,80.0,8535.0,1.0,O,M,O,0
231422.640625,231541.109375,231760.515625,231642.3125,231765.25,232004.953125,231837.484375,231946.65625,-0.51318359375,0.003662109375,-0.8125,-0.7324218153953552,0.4272460639476776,0.3967284858226776,80.0,8536.0,1.0,O,M,O,0
232141.5625,232260.203125,232479.4375,232361.5,232484.34375,232723.953125,232556.40625,232665.9375,-0.513427734375,0.00341796875,-0.814697265625,-0.7934569716453552,0.4577636420726776,0.4882812201976776,80.0,8537.0,1.0,O,M,O,0
231714.203125,231832.65625,232051.890625,231933.953125,232056.8125,232296.5,232128.78125,232238.390625,-0.51318359375,-0.000244140625,-0.81298828125,-0.7629393935203552,0.4272460639476776,0.4272460639476776,80.0,8538.0,1.0,O,M,O,0
230963.171875,231081.546875,231300.6875,231182.859375,231305.96875,231545.3125,231377.84375,231487.46875,-0.51416015625,-0.000732421875,-0.81103515625,-0.7324218153953552,0.3662109076976776,0.3967284858226776,80.0,8539.0,1.0,O,M,O,0
231316.609375,231434.984375,231654.203125,231536.09375,231659.484375,231898.5625,231731.1875,231840.4375,-0.515380859375,0.0,-0.812255859375,-0.7324218153953552,0.3662109076976776,0.4577636420726776,80.0,8540.0,1.0,O,M,O,0
232135.125,232254.03125,232473.0,232354.625,232478.09375,232717.25,232550.0625,232659.59375,-0.514892578125,0.001220703125,-0.813232421875,-0.6713866591453552,0.4882812201976776,0.5187987685203552,80.0,8541.0,1.0,O,M,O,0
231906.953125,232025.78125,232244.828125,232126.28125,232249.65625,232488.90625,232321.71875,232431.15625,-0.512451171875,0.000732421875,-0.814208984375,-0.6713866591453552,0.3967284858226776,0.5493163466453552,80.0,8542.0,1.0,O,M,O,0
231079.859375,231198.671875,231417.546875,231299.53125,231422.734375,231661.53125,231494.703125,231603.421875,-0.51318359375,0.000732421875,-0.813720703125,-0.7019042372703552,0.4272460639476776,0.4882812201976776,80.0,8543.0,1.0,O,M,O,0
231224.25,231342.890625,231562.203125,231444.375,231567.125,231806.28125,231639.09375,231748.078125,-0.51318359375,0.001220703125,-0.8125,-0.7324218153953552,0.4577636420726776,0.5187987685203552,80.0,8544.0,1.0,O,M,O,0
232090.78125,232209.875,232428.828125,232310.8125,232433.390625,232673.09375,232505.625,232614.890625,-0.5146484375,0.001708984375,-0.811767578125,-0.8544921278953552,0.4577636420726776,0.4577636420726776,80.0,8545.0,1.0,O,M,O,0
232078.796875,232198.0625,232416.9375,232298.921875,232421.765625,232661.375,232494.0,232603.265625,-0.514404296875,0.001708984375,-0.810546875,-0.8239745497703552,0.4577636420726776,0.3967284858226776,80.0,8546.0,1.0,O,M,O,0
231234.703125,231353.4375,231572.578125,231454.65625,231577.578125,231816.84375,231649.5625,231758.546875,-0.51416015625,0.0009765625,-0.810302734375,-0.8544921278953552,0.3356933295726776,0.3967284858226776,80.0,8547.0,1.0,O,M,O,0
231160.671875,231279.046875,231498.1875,231380.53125,231503.203125,231742.71875,231575.34375,231684.609375,-0.51318359375,0.001953125,-0.810302734375,-0.8544921278953552,0.2746581733226776,0.5493163466453552,80.0,8548.0,1.0,O,M,O,0
232017.734375,232136.109375,232355.0625,232237.046875,232359.890625,232599.78125,232432.40625,232542.203125,-0.512939453125,0.00244140625,-0.810546875,-0.7934569716453552,0.4882812201976776,0.4577636420726776,80.0,8549.0,1.0,O,M,O,0
232222.296875,232340.9375,232559.90625,232441.96875,232564.8125,232804.34375,232637.234375,232746.671875,-0.51220703125,0.002685546875,-0.809814453125,-0.8239745497703552,0.3967284858226776,0.3967284858226776,80.0,8550.0,1.0,O,M,O,0
231413.703125,231531.8125,231751.21875,231632.84375,231755.953125,231995.109375,231827.75,231937.265625,-0.512939453125,0.0009765625,-0.810546875,-0.7324218153953552,0.4272460639476776,0.4272460639476776,80.0,8551.0,1.0,O,M,O,0
231126.796875,231245.171875,231464.3125,231346.203125,231469.140625,231708.5625,231541.375,231650.453125,-0.51416015625,-0.0009765625,-0.81396484375,-0.7324218153953552,0.4272460639476776,0.3967284858226776,80.0,8552.0,1.0,O,M,O,0
231924.578125,232043.3125,232262.265625,232144.421875,232267.09375,232506.96875,232339.6875,232448.671875,-0.515869140625,0.000732421875,-0.81298828125,-0.7324218153953552,0.4882812201976776,0.4272460639476776,80.0,8553.0,1.0,O,M,O,0
232334.140625,232452.703125,232671.65625,232553.90625,232676.65625,232916.453125,232748.640625,232858.25,-0.51611328125,0.00146484375,-0.81103515625,-0.7629393935203552,0.3967284858226776,0.3967284858226776,80.0,8554.0,1.0,O,M,O,0
231610.84375,231729.390625,231948.53125,231830.421875,231953.546875,232192.703125,232025.328125,232134.953125,-0.5166015625,0.001953125,-0.811279296875,-0.8239745497703552,0.4882812201976776,0.3662109076976776,80.0,8555.0,1.0,O,M,O,0
231130.1875,231248.5625,231467.796875,231350.046875,231473.0625,231711.875,231545.046875,231654.03125,-0.5166015625,0.0009765625,-0.811279296875,-0.8850097060203552,0.4577636420726776,0.3662109076976776,80.0,8556.0,1.0,O,M,O,0
231811.734375,231930.46875,232149.34375,232031.765625,232154.4375,232393.6875,232226.671875,232335.9375,-0.51416015625,0.00146484375,-0.8125,-0.7324218153953552,0.4577636420726776,0.3662109076976776,80.0,8557.0,1.0,O,M,O,0
232400.3125,232519.046875,232738.09375,232619.984375,232742.5625,232982.078125,232814.796875,232924.671875,-0.51513671875,0.00146484375,-0.81396484375,-0.7324218153953552,0.5187987685203552,0.3967284858226776,80.0,8558.0,1.0,O,M,O,0
231816.5625,231934.9375,232154.609375,232036.234375,232159.171875,232398.515625,232231.0625,232340.9375,-0.513671875,0.001708984375,-0.811279296875,-0.7934569716453552,0.5187987685203552,0.3662109076976776,80.0,8559.0,1.0,O,M,O,0
231174.625,231292.734375,231512.5,231394.5625,231517.234375,231756.75,231589.5625,231698.46875,-0.513427734375,0.0,-0.810791015625,-0.8239745497703552,0.4577636420726776,0.3967284858226776,80.0,8560.0,1.0,O,M,O,0
231698.109375,231816.296875,232035.609375,231917.953125,232040.71875,232280.140625,232112.78125,232222.03125,-0.513427734375,0.001953125,-0.812744140625,-0.7934569716453552,0.5187987685203552,0.4577636420726776,80.0,8561.0,1.0,O,M,O,0
232426.59375,232545.421875,232764.375,232646.359375,232769.375,233008.90625,232841.4375,232951.140625,-0.513916015625,0.000244140625,-0.810791015625,-0.7629393935203552,0.3967284858226776,0.4882812201976776,80.0,8562.0,1.0,O,M,O,0
232016.84375,232135.578125,232354.265625,232236.6875,232359.453125,232598.875,232431.328125,232540.671875,-0.515380859375,0.0,-0.813232421875,-0.7324218153953552,0.5493163466453552,0.4577636420726776,80.0,8563.0,1.0,O,M,O,0
231255.8125,231374.453125,231593.3125,231475.75,231598.59375,231837.84375,231670.390625,231779.828125,-0.513427734375,-0.0009765625,-0.8125,-0.7324218153953552,0.5798339247703552,0.3967284858226776,80.0,8564.0,1.0,O,M,O,0
231591.4375,231709.90625,231929.125,231811.390625,231933.953125,232173.296875,232006.296875,232115.640625,-0.514892578125,0.000244140625,-0.8115234375,-0.8239745497703552,0.5187987685203552,0.3967284858226776,80.0,8565.0,1.0,O,M,O,0
232416.84375,232535.125,232754.71875,232636.515625,232759.546875,232999.328125,232831.421875,232941.21875,-0.513427734375,0.001708984375,-0.812255859375,-0.8239745497703552,0.5798339247703552,0.3967284858226776,80.0,8566.0,1.0,O,M,O,0
232208.96875,232327.265625,232546.578125,232428.296875,232551.578125,232791.109375,232623.203125,232733.34375,-0.51416015625,0.0009765625,-0.813232421875,-0.6408690810203552,0.5798339247703552,0.4577636420726776,80.0,8567.0,1.0,O,M,O,0
231377.046875,231495.59375,231715.09375,231596.71875,231719.921875,231958.8125,231791.453125,231901.234375,-0.5146484375,0.00048828125,-0.809814453125,-0.5798339247703552,0.5187987685203552,0.3967284858226776,80.0,8568.0,1.0,O,M,O,0
231499.625,231618.265625,231837.9375,231719.5625,231842.5,232081.578125,231914.375,232023.8125,-0.51611328125,-0.000732421875,-0.810791015625,-0.6408690810203552,0.5187987685203552,0.3356933295726776,80.0,8569.0,1.0,O,M,O,0
232367.21875,232485.875,232705.546875,232587.171875,232710.109375,232949.71875,232782.078125,232891.859375,-0.516357421875,0.000732421875,-0.81103515625,-0.7324218153953552,0.3967284858226776,0.4882812201976776,80.0,8570.0,1.0,O,M,O,0
232377.328125,232496.0625,232715.46875,232597.265625,232720.109375,232959.8125,232792.0,232902.0625,-0.515625,0.0,-0.8134765625,-0.7629393935203552,0.4577636420726776,0.4577636420726776,80.0,8571.0,1.0,O,M,O,0
231531.546875,231650.1875,231869.5,231751.390625,231874.328125,232113.578125,231946.203125,232055.90625,-0.51513671875,0.000244140625,-0.81640625,-0.6713866591453552,0.5187987685203552,0.3662109076976776,80.0,8572.0,1.0,O,M,O,0
231434.359375,231552.734375,231772.21875,231654.296875,231777.140625,232016.484375,231849.203125,231958.1875,-0.51611328125,0.00048828125,-0.810302734375,-0.6408690810203552,0.4577636420726776,0.5187987685203552,80.0,8573.0,1.0,O,M,O,0
232288.640625,232407.375,232626.6875,232508.578125,232631.609375,232871.296875,232703.671875,232812.828125,-0.51611328125,0.00146484375,-0.81103515625,-0.7324218153953552,0.4272460639476776,0.4577636420726776,80.0,8574.0,1.0,O,M,O,0
232517.15625,232636.078125,232855.203125,232736.921875,232860.03125,233099.5625,232931.828125,233041.625,-0.5146484375,0.001220703125,-0.810791015625,-0.8239745497703552,0.4882812201976776,0.4577636420726776,80.0,8575.0,1.0,O,M,O,0
231715.09375,231833.734375,232053.234375,231935.03125,232057.609375,232297.3125,232129.9375,232239.109375,-0.51416015625,0.00146484375,-0.809326171875,-0.7934569716453552,0.4882812201976776,0.4882812201976776,80.0,8576.0,1.0,O,M,O,0
231407.4375,231526.171875,231745.3125,231627.296875,231750.140625,231989.65625,231821.9375,231931.375,-0.5146484375,0.000244140625,-0.8095703125,-0.7934569716453552,0.5187987685203552,0.4882812201976776,80.0,8577.0,1.0,O,M,O,0
232193.234375,232312.15625,232531.015625,232413.1875,232535.9375,232775.8125,232607.828125,232717.515625,-0.513916015625,0.000732421875,-0.809814453125,-0.7324218153953552,0.4577636420726776,0.5187987685203552,80.0,8578.0,1.0,O,M,O,0
232622.578125,232741.578125,232960.359375,232842.515625,232965.53125,233205.234375,233037.421875,233147.484375,-0.513671875,0.000732421875,-0.81103515625,-0.7019042372703552,0.4882812201976776,0.5187987685203552,80.0,8579.0,1.0,O,M,O,0
231912.859375,232031.6875,232250.640625,232132.796875,232255.46875,232495.171875,232327.890625,232437.40625,-0.512451171875,-0.00244140625,-0.813232421875,-0.7324218153953552,0.5493163466453552,0.4272460639476776,80.0,8580.0,1.0,O,M,O,0
231415.21875,231534.046875,231753.171875,231635.15625,231757.734375,231997.53125,231829.984375,231939.328125,-0.515380859375,0.000244140625,-0.814697265625,-0.7324218153953552,0.5187987685203552,0.5187987685203552,80.0,8581.0,1.0,O,M,O,0
232081.75,232200.578125,232419.703125,232301.421875,232424.453125,232664.234375,232496.421875,232605.9375,-0.515869140625,0.001220703125,-0.8134765625,-0.7324218153953552,0.4882812201976776,0.4882812201976776,80.0,8582.0,1.0,O,M,O,0
232687.484375,232806.296875,233025.265625,232907.0625,233030.359375,233270.140625,233102.234375,233212.03125,-0.514404296875,0.001953125,-0.814697265625,-0.6713866591453552,0.4577636420726776,0.4577636420726776,80.0,8583.0,1.0,O,M,O,0
232119.5625,232238.296875,232457.4375,232339.0625,232462.4375,232701.875,232534.59375,232644.03125,-0.514404296875,0.000732421875,-0.814453125,-0.7629393935203552,0.5493163466453552,0.3662109076976776,80.0,8584.0,1.0,O,M,O,0
231464.3125,231582.765625,231802.0,231683.890625,231807.0,232046.078125,231878.890625,231988.3125,-0.514892578125,0.000244140625,-0.813720703125,-0.7324218153953552,0.4272460639476776,0.3967284858226776,80.0,8585.0,1.0,O,M,O,0
231970.96875,232089.265625,232308.75,232190.46875,232313.578125,232552.828125,232385.203125,232495.078125,-0.513916015625,0.00146484375,-0.810546875,-0.7629393935203552,0.4272460639476776,0.4577636420726776,80.0,8586.0,1.0,O,M,O,0
232713.765625,232832.671875,233051.71875,232933.34375,233056.546875,233296.4375,233128.34375,233238.3125,-0.515380859375,0.00146484375,-0.810546875,-0.6713866591453552,0.4272460639476776,0.4272460639476776,80.0,8587.0,1.0,O,M,O,0
232322.34375,232441.25,232660.296875,232542.109375,232665.21875,232905.015625,232736.75,232846.984375,-0.515625,0.00244140625,-0.81005859375,-0.7934569716453552,0.4577636420726776,0.4272460639476776,80.0,8588.0,1.0,O,M,O,0
231549.421875,231668.421875,231887.5625,231769.546875,231892.5625,232131.8125,231964.1875,232073.96875,-0.516845703125,0.0009765625,-0.81103515625,-0.7629393935203552,0.4882812201976776,0.5187987685203552,80.0,8589.0,1.0,O,M,O,0
231864.21875,231983.21875,232202.265625,232084.25,232207.28125,232446.4375,232279.15625,232388.6875,-0.515625,-0.000732421875,-0.81201171875,-0.8239745497703552,0.4272460639476776,0.4577636420726776,80.0,8590.0,1.0,O,M,O,0
232698.5625,232817.65625,233036.703125,232918.6875,233041.625,233281.234375,233113.6875,233223.390625,-0.515380859375,-0.00048828125,-0.812255859375,-0.9155272841453552,0.4272460639476776,0.4272460639476776,80.0,8591.0,1.0,O,M,O,0
232514.65625,232633.75,232852.796875,232735.046875,232857.53125,233097.234375,232929.59375,233039.203125,-0.515869140625,-0.000732421875,-0.813232421875,-0.7934569716453552,0.3967284858226776,0.4272460639476776,80.0,8592.0,1.0,O,M,O,0
231680.40625,231799.140625,232018.265625,231900.609375,232023.09375,232262.703125,232095.34375,232204.6875,-0.51416015625,-0.000244140625,-0.8125,-0.8239745497703552,0.4272460639476776,0.3662109076976776,80.0,8593.0,1.0,O,M,O,0
231781.4375,231900.171875,232119.21875,232001.28125,232124.125,232363.65625,232195.828125,232305.53125,-0.513671875,-0.00048828125,-0.811767578125,-0.7629393935203552,0.6103515028953552,0.3967284858226776,80.0,8594.0,1.0,O,M,O,0
232650.28125,232769.203125,232988.25,232870.3125,232993.078125,233232.78125,233065.140625,233174.921875,-0.51318359375,0.0009765625,-0.810546875,-0.7019042372703552,0.5493163466453552,0.3662109076976776,80.0,8595.0,1.0,O,M,O,0
232681.21875,232799.953125,233019.09375,232901.078125,233024.015625,233263.796875,233096.15625,233205.859375,-0.514404296875,-0.00048828125,-0.810546875,-0.7324218153953552,0.4272460639476776,0.4272460639476776,80.0,8596.0,1.0,O,M,O,0
231837.765625,231956.671875,232175.890625,232057.703125,232181.078125,232420.25,232252.609375,232362.40625,-0.513916015625,0.001708984375,-0.8125,-0.7019042372703552,0.4882812201976776,0.4577636420726776,80.0,8597.0,1.0,O,M,O,0
231719.828125,231838.65625,232058.140625,231939.859375,232062.96875,232302.671875,232134.671875,232244.375,-0.513916015625,0.001953125,-0.81298828125,-0.7629393935203552,0.5493163466453552,0.3967284858226776,80.0,8598.0,1.0,O,M,O,0
232569.46875,232688.203125,232907.421875,232789.046875,232911.984375,233152.046875,232984.578125,233093.921875,-0.5146484375,-0.000732421875,-0.812255859375,-0.8544921278953552,0.5493163466453552,0.4577636420726776,80.0,8599.0,1.0,O,M,O,0
232817.84375,232936.921875,233156.328125,233037.421875,233160.796875,233400.5,233233.140625,233342.5625,-0.514404296875,0.000244140625,-0.813720703125,-0.8239745497703552,0.4577636420726776,0.5493163466453552,80.0,8600.0,1.0,O,M,O,0
232022.109375,232141.03125,232360.515625,232242.0625,232365.4375,232604.875,232437.328125,232546.484375,-0.514404296875,-0.001708984375,-0.812744140625,-0.8239745497703552,0.5187987685203552,0.3356933295726776,80.0,8601.0,1.0,O,M,O,0
231694.265625,231813.53125,232032.671875,231914.203125,232037.765625,232276.921875,232109.46875,232218.359375,-0.515380859375,-0.00048828125,-0.815185546875,-0.7934569716453552,0.4882812201976776,0.4882812201976776,80.0,8602.0,1.0,O,M,O,0
232470.765625,232589.40625,232808.890625,232690.4375,232813.640625,233053.15625,232885.78125,232994.859375,-0.515625,-0.000732421875,-0.81298828125,-0.7324218153953552,0.5187987685203552,0.3662109076976776,80.0,8603.0,1.0,O,M,O,0
232919.046875,233037.78125,233257.09375,233138.71875,233261.75,233501.796875,233333.8125,233443.421875,-0.513671875,0.00048828125,-0.8134765625,-0.7629393935203552,0.5493163466453552,0.4272460639476776,80.0,8604.0,1.0,O,M,O,0
232221.5,232340.21875,232559.09375,232440.890625,232564.375,232803.625,232636.15625,232745.421875,-0.514404296875,0.001220703125,-0.814453125,-0.7019042372703552,0.5493163466453552,0.4577636420726776,80.0,8605.0,1.0,O,M,O,0
231703.734375,231822.734375,232041.78125,231923.59375,232046.25,232285.6875,232118.765625,232227.484375,-0.514404296875,0.0,-0.814697265625,-0.7934569716453552,0.4882812201976776,0.4882812201976776,80.0,8606.0,1.0,O,M,O,0
232354.796875,232473.890625,232692.9375,232574.65625,232697.5,232937.109375,232770.0,232879.4375,-0.513671875,0.0009765625,-0.814453125,-0.7629393935203552,0.5798339247703552,0.4272460639476776,80.0,8607.0,1.0,O,M,O,0
232977.25,233096.4375,233315.75,233197.1875,233320.125,233560.1875,233392.453125,233502.25,-0.514892578125,0.000244140625,-0.813232421875,-0.7629393935203552,0.5187987685203552,0.3967284858226776,80.0,8608.0,1.0,O,M,O,0
232427.390625,232546.3125,232765.359375,232647.15625,232770.09375,233009.890625,232842.515625,232951.859375,-0.514404296875,0.001708984375,-0.812744140625,-0.7629393935203552,0.4577636420726776,0.5187987685203552,80.0,8609.0,1.0,O,M,O,0
231757.109375,231876.03125,232095.25,231976.96875,232100.171875,232339.15625,232172.234375,232281.75,-0.513916015625,0.000244140625,-0.815185546875,-0.7629393935203552,0.4577636420726776,0.4882812201976776,80.0,8610.0,1.0,O,M,O,0
232243.046875,232362.125,232581.453125,232463.15625,232586.71875,232825.4375,232658.328125,232767.953125,-0.513427734375,-0.000244140625,-0.812744140625,-0.7324218153953552,0.4882812201976776,0.3967284858226776,80.0,8611.0,1.0,O,M,O,0
232997.640625,233116.71875,233335.953125,233217.578125,233341.046875,233580.125,233412.84375,233522.640625,-0.513671875,-0.000244140625,-0.80859375,-0.7019042372703552,0.4272460639476776,0.5187987685203552,80.0,8612.0,1.0,O,M,O,0
232627.84375,232746.671875,232966.25,232847.875,232970.71875,233210.328125,233042.875,233152.578125,-0.5146484375,0.00146484375,-0.81103515625,-0.7629393935203552,0.5187987685203552,0.4577636420726776,80.0,8613.0,1.0,O,M,O,0
231848.9375,231967.484375,232186.625,232068.078125,232191.546875,232430.53125,232263.328125,232373.03125,-0.513671875,0.0,-0.809814453125,-0.7019042372703552,0.3967284858226776,0.4272460639476776,80.0,8614.0,1.0,O,M,O,0
232141.5625,232260.203125,232479.515625,232360.96875,232484.4375,232723.609375,232556.40625,232665.84375,-0.514404296875,0.00146484375,-0.81201171875,-0.7019042372703552,0.4272460639476776,0.4577636420726776,80.0,8615.0,1.0,O,M,O,0
232979.03125,233098.046875,233317.359375,233198.625,233321.921875,233561.53125,233394.0625,233503.953125,-0.513427734375,0.000732421875,-0.81201171875,-0.7934569716453552,0.3967284858226776,0.4882812201976776,80.0,8616.0,1.0,O,M,O,0
232816.765625,232935.9375,233155.4375,233036.53125,233159.640625,233399.703125,233231.875,233342.03125,-0.513671875,0.001220703125,-0.814697265625,-0.7324218153953552,0.4577636420726776,0.3967284858226776,80.0,8617.0,1.0,O,M,O,0
231978.75,232097.03125,232316.796875,232198.34375,232321.1875,232561.234375,232393.59375,232502.953125,-0.513671875,0.001708984375,-0.81494140625,-0.7324218153953552,0.4577636420726776,0.3662109076976776,80.0,8618.0,1.0,O,M,O,0
232054.84375,232173.21875,232392.796875,232274.25,232397.453125,232637.234375,232469.859375,232578.859375,-0.51318359375,0.000244140625,-0.8115234375,-0.7019042372703552,0.5187987685203552,0.4272460639476776,80.0,8619.0,1.0,O,M,O,0
232924.5,233043.140625,233262.90625,233144.171875,233267.46875,233507.171875,233339.890625,233449.3125,-0.513671875,0.00146484375,-0.81103515625,-0.7019042372703552,0.5493163466453552,0.3967284858226776,80.0,8620.0,1.0,O,M,O,0
232981.984375,233100.8125,233320.484375,233201.65625,233324.59375,233564.828125,233397.015625,233506.71875,-0.512939453125,0.00146484375,-0.812255859375,-0.8239745497703552,0.4577636420726776,0.4272460639476776,80.0,8621.0,1.0,O,M,O,0
232141.390625,232259.9375,232479.25,232360.796875,232483.984375,232723.515625,232556.234375,232665.75,-0.5126953125,0.001708984375,-0.810302734375,-0.7629393935203552,0.5798339247703552,0.3662109076976776,80.0,8622.0,1.0,O,M,O,0
231999.3125,232117.78125,232336.921875,232218.359375,232341.75,232580.90625,232413.984375,232523.328125,-0.51171875,0.000732421875,-0.8115234375,-0.7934569716453552,0.5493163466453552,0.3967284858226776,80.0,8623.0,1.0,O,M,O,0
232841.53125,232960.53125,233179.484375,233060.84375,233184.5,233424.015625,233256.5625,233366.265625,-0.512451171875,0.000732421875,-0.814697265625,-0.8544921278953552,0.4577636420726776,0.4577636420726776,80.0,8624.0,1.0,O,M,O,0
233111.984375,233231.171875,233450.125,233331.5625,233454.59375,233694.734375,233527.1875,233637.25,-0.51611328125,0.001708984375,-0.81396484375,-0.7934569716453552,0.4272460639476776,0.4577636420726776,80.0,8625.0,1.0,O,M,O,0
232324.40625,232443.21875,232662.359375,232544.15625,232667.015625,232906.625,232739.421875,232849.125,-0.513671875,0.002197265625,-0.812255859375,-0.7324218153953552,0.5493163466453552,0.4272460639476776,80.0,8626.0,1.0,O,M,O,0
231977.765625,232096.234375,232315.375,232197.359375,232320.46875,232559.8125,232392.53125,232501.875,-0.514892578125,0.00341796875,-0.812744140625,-0.7019042372703552,0.5187987685203552,0.4882812201976776,80.0,8627.0,1.0,O,M,O,0
232742.5625,232861.203125,233080.25,232962.3125,233085.609375,233324.859375,233156.875,233267.28125,-0.5126953125,-0.000732421875,-0.810546875,-0.7019042372703552,0.4272460639476776,0.4882812201976776,80.0,8628.0,1.0,O,M,O,0
233207.03125,233325.671875,233544.71875,233426.515625,233549.8125,233789.421875,233620.984375,233732.03125,-0.512451171875,-0.001220703125,-0.81298828125,-0.7934569716453552,0.3967284858226776,0.5187987685203552,80.0,8629.0,1.0,O,M,O,0
232522.4375,232641.078125,232860.125,232741.9375,232865.3125,233104.46875,232937.015625,233047.078125,-0.51123046875,0.000732421875,-0.815185546875,-0.7629393935203552,0.3967284858226776,0.4882812201976776,80.0,8630.0,1.0,O,M,O,0
231990.828125,232109.109375,232328.421875,232210.578125,232333.703125,232572.59375,232405.3125,232515.109375,-0.512939453125,0.000732421875,-0.812744140625,-0.7019042372703552,0.4882812201976776,0.4272460639476776,80.0,8631.0,1.0,O,M,O,0
232630.984375,232749.078125,232968.578125,232850.65625,232973.9375,233213.109375,233045.203125,233155.625,-0.512939453125,0.0,-0.8115234375,-0.7019042372703552,0.4882812201976776,0.4577636420726776,80.0,8632.0,1.0,O,M,O,0
233266.65625,233385.03125,233604.703125,233486.15625,233609.625,233849.234375,233681.15625,233791.5625,-0.5126953125,0.00146484375,-0.81396484375,-0.7629393935203552,0.4272460639476776,0.3967284858226776,80.0,8633.0,1.0,O,M,O,0
232732.28125,232850.734375,233070.0625,232951.765625,233075.328125,233314.5,233146.9375,233257.09375,-0.51220703125,0.000244140625,-0.813720703125,-0.7934569716453552,0.3967284858226776,0.3967284858226776,80.0,8634.0,1.0,O,M,O,0
232049.75,232168.296875,232388.0625,232269.421875,232392.625,232631.953125,232464.59375,232574.03125,-0.512939453125,-0.00048828125,-0.812744140625,-0.7629393935203552,0.5187987685203552,0.4577636420726776,80.0,8635.0,1.0,O,M,O,0
232521.0,232639.921875,232859.6875,232741.125,232864.0625,233103.671875,232935.9375,233045.828125,-0.514892578125,-0.000244140625,-0.81201171875,-0.7934569716453552,0.6103515028953552,0.5798339247703552,80.0,8636.0,1.0,O,M,O,0
233284.09375,233403.0,233622.5,233503.765625,233626.96875,233866.40625,233698.578125,233809.0,-0.513916015625,0.001220703125,-0.81201171875,-0.7324218153953552,0.5493163466453552,0.4882812201976776,80.0,8637.0,1.0,O,M,O,0
232933.265625,233052.4375,233271.578125,233153.109375,233276.234375,233515.75,233348.109375,233457.90625,-0.513916015625,0.0,-0.80908203125,-0.7324218153953552,0.5493163466453552,0.4577636420726776,80.0,8638.0,1.0,O,M,O,0
232145.046875,232263.78125,232482.734375,232364.8125,232487.5625,232727.171875,232559.625,232669.0625,-0.514404296875,0.002197265625,-0.814697265625,-0.7934569716453552,0.4577636420726776,0.4272460639476776,80.0,8639.0,1.0,O,M,O,0
232417.5625,232536.03125,232755.25,232637.234375,232759.984375,232999.609375,232831.703125,232941.75,-0.514404296875,0.00244140625,-0.815673828125,-0.6408690810203552,0.4272460639476776,0.4577636420726776,80.0,8640.0,1.0,O,M,O,0
233261.03125,233379.765625,233598.71875,233480.609375,233603.375,233843.15625,233675.15625,233785.9375,-0.51416015625,0.001220703125,-0.813232421875,-0.7934569716453552,0.4577636420726776,0.3662109076976776,80.0,8641.0,1.0,O,M,O,0
233117.625,233236.171875,233455.40625,233337.296875,233460.234375,233699.65625,233531.84375,233642.265625,-0.51416015625,0.0009765625,-0.812255859375,-0.8544921278953552,0.4882812201976776,0.3967284858226776,80.0,8642.0,1.0,O,M,O,0
232277.015625,232395.84375,232614.890625,232496.859375,232620.0625,232859.234375,232691.5,232801.5625,-0.513427734375,0.0009765625,-0.8125,-0.7934569716453552,0.4882812201976776,0.4577636420726776,80.0,8643.0,1.0,O,M,O,0
232334.328125,232453.5,232672.28125,232553.90625,232677.46875,232916.453125,232748.8125,232858.96875,-0.514404296875,0.0,-0.8125,-0.8239745497703552,0.3967284858226776,0.4272460639476776,80.0,8644.0,1.0,O,M,O,0
233205.234375,233323.875,233543.375,233424.28125,233547.84375,233787.1875,233619.453125,233730.0625,-0.513671875,0.001708984375,-0.81005859375,-0.8544921278953552,0.4577636420726776,0.4272460639476776,80.0,8645.0,1.0,O,M,O,0
233280.078125,233398.71875,233618.203125,233499.65625,233622.953125,233862.46875,233694.5625,233805.15625,-0.5126953125,0.0009765625,-0.81201171875,-0.7934569716453552,0.4882812201976776,0.4577636420726776,80.0,8646.0,1.0,O,M,O,0
232441.4375,232559.90625,232779.390625,232661.203125,232784.40625,233023.734375,232856.109375,232966.078125,-0.5126953125,0.001220703125,-0.812744140625,-0.7324218153953552,0.5493163466453552,0.4577636420726776,80.0,8647.0,1.0,O,M,O,0
232280.953125,232399.953125,232618.8125,232500.4375,232623.828125,232863.25,232695.34375,232805.328125,-0.51171875,0.0009765625,-0.81396484375,-0.7019042372703552,0.4577636420726776,0.4577636420726776,80.0,8648.0,1.0,O,M,O,0
233119.765625,233238.9375,233457.453125,233339.171875,233462.546875,233702.34375,233534.078125,233644.21875,-0.51318359375,-0.0009765625,-0.812255859375,-0.7019042372703552,0.4577636420726776,0.4272460639476776,80.0,8649.0,1.0,O,M,O,0
233408.453125,233527.28125,233746.421875,233628.046875,233751.515625,233990.859375,233822.6875,233933.1875,-0.515380859375,0.00048828125,-0.812744140625,-0.7324218153953552,0.5187987685203552,0.4272460639476776,80.0,8650.0,1.0,O,M,O,0
232628.390625,232747.203125,232966.34375,232848.140625,232971.703125,233210.515625,233042.875,233153.109375,-0.513427734375,-0.000244140625,-0.81201171875,-0.6713866591453552,0.4882812201976776,0.4882812201976776,80.0,8651.0,1.0,O,M,O,0
232261.71875,232380.546875,232599.421875,232481.484375,232605.046875,232843.859375,232676.21875,232786.1875,-0.51416015625,0.0,-0.811767578125,-0.6713866591453552,0.4882812201976776,0.3967284858226776,80.0,8652.0,1.0,O,M,O,0
233018.640625,233137.46875,233356.609375,233238.046875,233361.703125,233601.21875,233432.953125,233543.015625,-0.513671875,0.00146484375,-0.8134765625,-0.8239745497703552,0.4577636420726776,0.5187987685203552,80.0,8653.0,1.0,O,M,O,0
233504.03125,233622.59375,233842.0,233723.359375,233846.90625,234086.4375,233918.265625,234028.671875,-0.513427734375,-0.000244140625,-0.814208984375,-0.8544921278953552,0.4577636420726776,0.4577636420726776,80.0,8654.0,1.0,O,M,O,0
232831.34375,232950.15625,233169.390625,233050.65625,233174.03125,233413.734375,233245.65625,233355.890625,-0.514404296875,-0.00048828125,-0.81396484375,-0.7934569716453552,0.4272460639476776,0.4272460639476776,80.0,8655.0,1.0,O,M,O,0
232279.96875,232398.703125,232617.75,232499.375,232622.578125,232862.1875,232694.359375,232803.984375,-0.513427734375,0.00146484375,-0.810791015625,-0.7629393935203552,0.4272460639476776,0.4272460639476776,80.0,8656.0,1.0,O,M,O,0
232902.6875,233021.421875,233240.640625,233122.171875,233245.5625,233484.90625,233317.171875,233427.234375,-0.513916015625,0.002197265625,-0.813232421875,-0.7324218153953552,0.4272460639476776,0.5187987685203552,80.0,8657.0,1.0,O,M,O,0
233552.578125,233671.671875,233890.8125,233772.25,233895.90625,234134.984375,233967.703125,234077.578125,-0.513427734375,0.000732421875,-0.81103515625,-0.6713866591453552,0.4577636420726776,0.4272460639476776,80.0,8658.0,1.0,O,M,O,0
233034.921875,233153.5625,233372.78125,233254.234375,233377.890625,233617.140625,233449.671875,233559.5625,-0.513427734375,-0.00048828125,-0.811767578125,-0.7324218153953552,0.4882812201976776,0.5187987685203552,80.0,8659.0,1.0,O,M,O,0
232340.5,232459.3125,232678.359375,232560.078125,232683.734375,232922.71875,232755.515625,232865.140625,-0.51416015625,0.000732421875,-0.811767578125,-0.7934569716453552,0.4577636420726776,0.5493163466453552,80.0,8660.0,1.0,O,M,O,0
232790.484375,232909.484375,233128.265625,233010.15625,233133.71875,233373.0625,233205.6875,233315.484375,-0.5146484375,0.000244140625,-0.808837890625,-0.7324218153953552,0.5798339247703552,0.5493163466453552,80.0,8661.0,1.0,O,M,O,0
233564.03125,233682.671875,233901.8125,233783.25,233907.078125,234146.515625,233978.875,234089.46875,-0.5166015625,-0.00048828125,-0.810546875,-0.7019042372703552,0.5493163466453552,0.4882812201976776,80.0,8662.0,1.0,O,M,O,0
233234.921875,233353.203125,233572.25,233454.140625,233577.890625,233817.046875,233649.328125,233759.921875,-0.514404296875,0.000244140625,-0.81103515625,-0.7629393935203552,0.4882812201976776,0.4577636420726776,80.0,8663.0,1.0,O,M,O,0
232437.5,232556.140625,232775.1875,232657.171875,232780.5625,233019.625,232852.265625,232962.3125,-0.51318359375,-0.00146484375,-0.811279296875,-0.7629393935203552,0.4577636420726776,0.4882812201976776,80.0,8664.0,1.0,O,M,O,0
232687.296875,232806.296875,233025.265625,232906.796875,233030.359375,233269.703125,233102.15625,233212.03125,-0.513671875,-0.00146484375,-0.81201171875,-0.7324218153953552,0.5187987685203552,0.4577636420726776,80.0,8665.0,1.0,O,M,O,0
233535.859375,233655.21875,233874.09375,233755.265625,233879.1875,234118.703125,233950.890625,234060.78125,-0.513427734375,-0.000244140625,-0.81298828125,-0.7934569716453552,0.5798339247703552,0.4272460639476776,80.0,8666.0,1.0,O,M,O,0
233415.96875,233535.421875,233754.46875,233635.46875,233759.296875,233998.546875,233830.8125,233940.96875,-0.513427734375,0.00048828125,-0.813720703125,-0.7934569716453552,0.4577636420726776,0.4577636420726776,80.0,8667.0,1.0,O,M,O,0
232574.734375,232693.5625,232912.875,232794.40625,232917.96875,233156.953125,232989.3125,233099.65625,-0.513916015625,0.00146484375,-0.814208984375,-0.7019042372703552,0.4272460639476776,0.3967284858226776,80.0,8668.0,1.0,O,M,O,0
232611.75,232730.75,232949.796875,232831.515625,232954.8125,233193.890625,233026.421875,233136.65625,-0.514404296875,0.000732421875,-0.812255859375,-0.6713866591453552,0.4882812201976776,0.4577636420726776,80.0,8669.0,1.0,O,M,O,0
233480.171875,233599.609375,233818.484375,233700.109375,233823.484375,234062.65625,233895.28125,234005.703125,-0.514404296875,0.001220703125,-0.81103515625,-0.7019042372703552,0.4577636420726776,0.4577636420726776,80.0,8670.0,1.0,O,M,O,0
233575.390625,233694.5625,233913.4375,233794.96875,233918.4375,234157.78125,233990.046875,234100.65625,-0.513671875,-0.000244140625,-0.8134765625,-0.6713866591453552,0.3662109076976776,0.4577636420726776,80.0,8671.0,1.0,O,M,O,0
232739.15625,232858.078125,233077.203125,232958.65625,233082.21875,233321.28125,233154.28125,233264.0625,-0.511962890625,0.001953125,-0.8125,-0.7019042372703552,0.3662109076976776,0.4882812201976776,80.0,8672.0,1.0,O,M,O,0
232556.40625,232675.234375,232894.28125,232776.171875,232899.46875,233138.453125,232971.171875,233081.140625,-0.513671875,0.000244140625,-0.8134765625,-0.7934569716453552,0.4577636420726776,0.4272460639476776,80.0,8673.0,1.0,O,M,O,0
233390.9375,233509.84375,233728.890625,233610.515625,233734.078125,233973.328125,233805.421875,233915.84375,-0.514892578125,-0.00244140625,-0.8154296875,-0.7324218153953552,0.4882812201976776,0.4882812201976776,80.0,8674.0,1.0,O,M,O,0
233699.5625,233818.296875,234037.796875,233919.0625,234042.890625,234282.140625,234114.234375,234224.65625,-0.51611328125,-0.001708984375,-0.813720703125,-0.7019042372703552,0.5493163466453552,0.5493163466453552,80.0,8675.0,1.0,O,M,O,0
232926.734375,233045.5625,233264.875,233146.671875,233269.796875,233509.125,233341.765625,233451.734375,-0.514892578125,0.0,-0.81298828125,-0.7019042372703552,0.4882812201976776,0.5187987685203552,80.0,8676.0,1.0,O,M,O,0
232540.9375,232659.671875,232878.71875,232760.609375,232883.90625,233123.15625,232955.796875,233065.5,-0.5126953125,0.000244140625,-0.81201171875,-0.6713866591453552,0.4577636420726776,0.5187987685203552,80.0,8677.0,1.0,O,M,O,0
233287.046875,233406.140625,233624.921875,233506.71875,233630.1875,233869.4375,233701.890625,233811.953125,-0.513427734375,0.000244140625,-0.813720703125,-0.6408690810203552,0.4272460639476776,0.4882812201976776,80.0,8678.0,1.0,O,M,O,0
233791.125,233909.765625,234128.546875,234010.4375,234134.09375,234373.15625,234205.515625,234315.9375,-0.513671875,0.001953125,-0.812255859375,-0.6103515028953552,0.4272460639476776,0.5187987685203552,80.0,8679.0,1.0,O,M,O,0
233133.09375,233252.0,233471.046875,233352.578125,233476.140625,233715.3125,233547.671875,233657.734375,-0.513427734375,0.001220703125,-0.81396484375,-0.7324218153953552,0.4272460639476776,0.4272460639476776,80.0,8680.0,1.0,O,M,O,0
232567.3125,232686.671875,232905.640625,232787.265625,232910.640625,233149.8125,232982.4375,233092.40625,-0.512939453125,0.00244140625,-0.81396484375,-0.7934569716453552,0.3662109076976776,0.5187987685203552,80.0,8681.0,1.0,O,M,O,0
233173.5,233292.953125,233511.640625,233393.265625,233516.375,233755.984375,233588.34375,233698.3125,-0.513671875,0.00390625,-0.813720703125,-0.7324218153953552,0.4577636420726776,0.4882812201976776,80.0,8682.0,1.0,O,M,O,0
233836.625,233955.984375,234174.859375,234056.296875,234179.421875,234419.390625,234251.296875,234361.71875,-0.51220703125,0.001220703125,-0.8115234375,-0.8544921278953552,0.4272460639476776,0.4272460639476776,80.0,8683.0,1.0,O,M,O,0
233333.8125,233453.078125,233671.9375,233553.484375,233676.6875,233916.46875,233748.46875,233858.796875,-0.512939453125,0.0009765625,-0.81396484375,-0.8850097060203552,0.3662109076976776,0.5187987685203552,80.0,8684.0,1.0,O,M,O,0
232626.953125,232746.046875,232964.828125,232846.71875,232970.1875,233209.4375,233041.890625,233151.59375,-0.51416015625,0.0,-0.8115234375,-0.8239745497703552,0.4272460639476776,0.4882812201976776,80.0,8685.0,1.0,O,M,O,0
233059.5,233178.59375,233397.46875,233279.171875,233402.5625,233642.171875,233474.359375,233584.140625,-0.512939453125,0.0009765625,-0.811767578125,-0.7324218153953552,0.3967284858226776,0.5187987685203552,80.0,8686.0,1.0,O,M,O,0
233843.96875,233962.78125,234182.015625,234063.546875,234186.84375,234426.71875,234258.90625,234368.875,-0.51220703125,0.001220703125,-0.8125,-0.8239745497703552,0.3356933295726776,0.3967284858226776,80.0,8687.0,1.0,O,M,O,0
233530.671875,233649.765625,233868.640625,233750.53125,233873.640625,234113.609375,233945.890625,234055.5,-0.514404296875,0.00146484375,-0.810546875,-0.7934569716453552,0.4882812201976776,0.3662109076976776,80.0,8688.0,1.0,O,M,O,0
232729.421875,232848.328125,233067.109375,232949.171875,233072.203125,233311.984375,233144.359375,233253.96875,-0.515380859375,0.002685546875,-0.8095703125,-0.7934569716453552,0.4272460639476776,0.3051757514476776,80.0,8689.0,1.0,O,M,O,0
232964.375,233083.015625,233302.0625,233183.875,233306.890625,233546.59375,233378.859375,233488.84375,-0.5126953125,0.003173828125,-0.810546875,-0.7934569716453552,0.4577636420726776,0.3662109076976776,80.0,8690.0,1.0,O,M,O,0
233816.875,233936.046875,234155.015625,234036.640625,234159.65625,234399.71875,234231.546875,234341.953125,-0.514404296875,0.000732421875,-0.812255859375,-0.7019042372703552,0.4272460639476776,0.3967284858226776,80.0,8691.0,1.0,O,M,O,0
233711.453125,233830.640625,234049.0625,233931.046875,234054.421875,234294.21875,234126.3125,234236.09375,-0.5146484375,0.003662109375,-0.810546875,-0.7629393935203552,0.4272460639476776,0.4577636420726776,80.0,8692.0,1.0,O,M,O,0
232866.203125,232985.203125,233204.171875,233085.875,233209.4375,233448.875,233281.0625,233390.9375,-0.513671875,0.0009765625,-0.81298828125,-0.6713866591453552,0.4577636420726776,0.3967284858226776,80.0,8693.0,1.0,O,M,O,0
232883.734375,233002.109375,233221.421875,233103.140625,233226.0625,233466.125,233298.125,233408.015625,-0.51513671875,-0.000244140625,-0.81298828125,-0.7629393935203552,0.5187987685203552,0.3967284858226776,80.0,8694.0,1.0,O,M,O,0
233752.5,233871.140625,234090.1875,233972.171875,234095.109375,234335.15625,234167.078125,234277.046875,-0.514404296875,0.0029296875,-0.812744140625,-0.7019042372703552,0.4577636420726776,0.3967284858226776,80.0,8695.0,1.0,O,M,O,0
233866.484375,233985.671875,234204.625,234086.796875,234209.546875,234449.6875,234281.4375,234391.484375,-0.513671875,0.003173828125,-0.812255859375,-0.7324218153953552,0.4272460639476776,0.4272460639476776,80.0,8696.0,1.0,O,M,O,0
233033.84375,233152.671875,233371.71875,233253.515625,233376.625,233616.515625,233448.25,233558.3125,-0.513427734375,0.0009765625,-0.811767578125,-0.7019042372703552,0.3662109076976776,0.4577636420726776,80.0,8697.0,1.0,O,M,O,0
232831.34375,232949.984375,233169.03125,233050.828125,233173.953125,233413.640625,233245.734375,233355.4375,-0.515869140625,0.001953125,-0.81005859375,-0.7629393935203552,0.3967284858226776,0.3662109076976776,80.0,8698.0,1.0,O,M,O,0
233659.6875,233778.515625,233997.46875,233879.28125,234002.125,234242.0,234074.0,234184.328125,-0.5146484375,-0.000244140625,-0.8134765625,-0.8544921278953552,0.4882812201976776,0.3967284858226776,80.0,8699.0,1.0,O,M,O,0
233988.265625,234107.265625,234325.953125,234208.203125,234330.6875,234570.9375,234402.578125,234513.171875,-0.515380859375,0.000244140625,-0.81396484375,-0.7629393935203552,0.4882812201976776,0.5493163466453552,80.0,8700.0,1.0,O,M,O,0
233224.1875,233343.375,233561.875,233444.40625,233567.25,233806.671875,233638.859375,233749.015625,-0.5126953125,-0.0009765625,-0.812744140625,-0.7019042372703552,0.4272460639476776,0.4882812201976776,80.0,8701.0,1.0,O,M,O,0
232822.125,232940.765625,233159.8125,233042.078125,233165.1875,233404.609375,233236.796875,233346.6875,-0.514404296875,-0.001708984375,-0.813232421875,-0.7934569716453552,0.4577636420726776,0.4577636420726776,80.0,8702.0,1.0,O,M,O,0
233556.25,233675.15625,233893.9375,233776.109375,233898.953125,234139.0,233970.921875,234080.984375,-0.514404296875,0.0,-0.81494140625,-0.8239745497703552,0.4272460639476776,0.3967284858226776,80.0,8703.0,1.0,O,M,O,0
234076.6875,234195.6875,234414.28125,234296.265625,234419.296875,234659.625,234491.359375,234601.421875,-0.5166015625,0.0,-0.814208984375,-0.7934569716453552,0.4272460639476776,0.4272460639476776,80.0,8704.0,1.0,O,M,O,0
233432.328125,233551.25,233770.296875,233652.09375,233775.203125,234015.265625,233847.09375,233957.234375,-0.512451171875,-0.00048828125,-0.81201171875,-0.7019042372703552,0.4882812201976776,0.3356933295726776,80.0,8705.0,1.0,O,M,O,0
232851.8125,232970.984375,233190.21875,233071.75,233195.046875,233434.5625,233266.75,233376.71875,-0.51318359375,0.000732421875,-0.81298828125,-0.7629393935203552,0.3662109076976776,0.4272460639476776,80.0,8706.0,1.0,O,M,O,0
233444.84375,233563.765625,233783.34375,233664.34375,233787.71875,234027.515625,233859.703125,233969.84375,-0.51513671875,0.001708984375,-0.812255859375,-0.7629393935203552,0.4577636420726776,0.4577636420726776,80.0,8707.0,1.0,O,M,O,0
234124.078125,234243.25,234462.484375,234343.65625,234467.03125,234707.09375,234539.015625,234649.25,-0.514892578125,0.001708984375,-0.814208984375,-0.7019042372703552,0.5187987685203552,0.3662109076976776,80.0,8708.0,1.0,O,M,O,0
233637.25,233756.515625,233975.484375,233857.015625,233979.953125,234219.921875,234052.1875,234162.15625,-0.515625,0.0009765625,-0.812744140625,-0.7019042372703552,0.4272460639476776,0.4577636420726776,80.0,8709.0,1.0,O,M,O,0
232917.53125,233036.609375,233255.65625,233137.46875,233260.484375,233500.1875,233332.90625,233442.34375,-0.5146484375,0.000244140625,-0.811279296875,-0.6713866591453552,0.4577636420726776,0.4882812201976776,80.0,8710.0,1.0,O,M,O,0
233334.078125,233453.078125,233672.203125,233553.828125,233677.03125,233917.1875,233749.09375,233858.890625,-0.514892578125,-0.000732421875,-0.81298828125,-0.6408690810203552,0.5187987685203552,0.5187987685203552,80.0,8711.0,1.0,O,M,O,0
234126.390625,234245.671875,234465.25,234346.25,234469.625,234709.6875,234541.515625,234651.84375,-0.515380859375,-0.00146484375,-0.814697265625,-0.6713866591453552,0.5493163466453552,0.5493163466453552,80.0,8712.0,1.0,O,M,O,0
233833.140625,233952.234375,234172.0,234053.0,234176.375,234416.078125,234247.984375,234358.3125,-0.513427734375,0.0009765625,-0.81298828125,-0.6713866591453552,0.4882812201976776,0.4577636420726776,80.0,8713.0,1.0,O,M,O,0
233025.4375,233144.265625,233363.3125,233245.203125,233368.234375,233607.65625,233439.75,233550.171875,-0.51318359375,0.0,-0.81396484375,-0.7629393935203552,0.4577636420726776,0.3967284858226776,80.0,8714.0,1.0,O,M,O,0
233237.609375,233356.328125,233575.65625,233457.8125,233580.484375,233820.0,233652.453125,233762.25,-0.512939453125,0.000732421875,-0.81201171875,-0.7934569716453552,0.4272460639476776,0.4272460639476776,80.0,8715.0,1.0,O,M,O,0
234094.65625,234213.296875,234432.34375,234314.15625,234437.53125,234677.328125,234509.421875,234619.65625,-0.513671875,0.001953125,-0.81201171875,-0.7324218153953552,0.3662109076976776,0.4577636420726776,80.0,8716.0,1.0,O,M,O,0
234010.078125,234128.984375,234348.03125,234229.578125,234353.046875,234592.5625,234424.75,234535.171875,-0.51416015625,0.000732421875,-0.81494140625,-0.7934569716453552,0.3662109076976776,0.4577636420726776,80.0,8717.0,1.0,O,M,O,0
233164.921875,233283.734375,233503.140625,233384.765625,233507.703125,233747.21875,233579.671875,233689.640625,-0.5146484375,0.001220703125,-0.814208984375,-0.7629393935203552,0.4272460639476776,0.4882812201976776,80.0,8718.0,1.0,O,M,O,0
233161.34375,233279.984375,233499.203125,233381.28125,233504.03125,233743.46875,233575.921875,233685.890625,-0.5146484375,-0.00146484375,-0.814208984375,-0.7629393935203552,0.3662109076976776,0.5493163466453552,80.0,8719.0,1.0,O,M,O,0
234029.03125,234147.765625,234366.8125,234248.625,234371.46875,234611.4375,234443.34375,234553.765625,-0.51318359375,0.00341796875,-0.81005859375,-0.7629393935203552,0.4577636420726776,0.4272460639476776,80.0,8720.0,1.0,O,M,O,0
234162.96875,234281.875,234500.921875,234382.453125,234505.84375,234745.625,234577.640625,234688.140625,-0.51171875,0.001953125,-0.809814453125,-0.7324218153953552,0.5187987685203552,0.5187987685203552,80.0,8721.0,1.0,O,M,O,0
233333.53125,233452.53125,233671.765625,233553.484375,233676.859375,233916.296875,233748.75,233858.625,-0.51318359375,-0.000244140625,-0.810546875,-0.7324218153953552,0.5493163466453552,0.4272460639476776,80.0,8722.0,1.0,O,M,O,0
233115.03125,233234.203125,233453.34375,233335.140625,233458.265625,233697.953125,233530.40625,233640.203125,-0.513671875,-0.0009765625,-0.8115234375,-0.7324218153953552,0.4882812201976776,0.4882812201976776,80.0,8723.0,1.0,O,M,O,0
233936.859375,234055.671875,234274.8125,234156.53125,234279.90625,234519.96875,234351.796875,234462.203125,-0.51220703125,0.00048828125,-0.81298828125,-0.6408690810203552,0.5187987685203552,0.3967284858226776,80.0,8724.0,1.0,O,M,O,0
234282.6875,234401.59375,234620.8125,234502.265625,234625.5625,234865.703125,234697.34375,234808.03125,-0.51220703125,-0.00048828125,-0.8134765625,-0.5493163466453552,0.4577636420726776,0.4577636420726776,80.0,8725.0,1.0,O,M,O,0
233526.203125,233644.671875,233864.078125,233745.53125,233869.0,234108.875,233940.875,234050.84375,-0.513916015625,0.00048828125,-0.8125,-0.6103515028953552,0.4577636420726776,0.4577636420726776,80.0,8726.0,1.0,O,M,O,0
233105.375,233224.1875,233443.328125,233325.046875,233448.15625,233687.953125,233520.21875,233630.015625,-0.51416015625,0.000732421875,-0.810791015625,-0.6713866591453552,0.4882812201976776,0.3967284858226776,80.0,8727.0,1.0,O,M,O,0
233830.1875,233948.921875,234168.234375,234049.78125,234173.0625,234412.953125,234244.859375,234355.375,-0.515869140625,-0.000244140625,-0.813232421875,-0.7324218153953552,0.4577636420726776,0.4577636420726776,80.0,8728.0,1.0,O,M,O,0
234366.359375,234484.828125,234703.875,234585.6875,234709.25,234949.203125,234780.859375,234891.359375,-0.51416015625,-0.000732421875,-0.81201171875,-0.7629393935203552,0.3967284858226776,0.5187987685203552,80.0,8729.0,1.0,O,M,O,0
233733.359375,233852.015625,234071.328125,233953.03125,234076.234375,234316.203125,234148.125,234258.1875,-0.514404296875,0.002685546875,-0.811767578125,-0.7324218153953552,0.4272460639476776,0.4577636420726776,80.0,8730.0,1.0,O,M,O,0
233137.921875,233256.640625,233476.046875,233357.765625,233481.0625,233720.765625,233552.671875,233662.5625,-0.51416015625,0.001708984375,-0.81494140625,-0.7934569716453552,0.4882812201976776,0.4577636420726776,80.0,8731.0,1.0,O,M,O,0
233716.640625,233835.375,234054.96875,233936.59375,234059.515625,234299.671875,234131.21875,234241.546875,-0.513916015625,0.001953125,-0.813720703125,-0.7629393935203552,0.3967284858226776,0.4272460639476776,80.0,8732.0,1.0,O,M,O,0
234405.890625,234524.796875,234744.109375,234625.296875,234748.40625,234988.90625,234820.28125,234930.703125,-0.5126953125,0.001953125,-0.813232421875,-0.7934569716453552,0.3967284858226776,0.5493163466453552,80.0,8733.0,1.0,O,M,O,0
233937.03125,234055.953125,234275.078125,234156.34375,234279.546875,234519.703125,234351.4375,234461.859375,-0.5126953125,0.001708984375,-0.810546875,-0.7324218153953552,0.3967284858226776,0.4882812201976776,80.0,8734.0,1.0,O,M,O,0
233210.78125,233329.15625,233548.5625,233430.0,233553.125,233793.09375,233625.0,233735.15625,-0.514404296875,0.001220703125,-0.812744140625,-0.6713866591453552,0.4882812201976776,0.3967284858226776,80.0,8735.0,1.0,O,M,O,0
233608.28125,233726.84375,233946.15625,233827.953125,233950.796875,234191.125,234022.6875,234133.015625,-0.512939453125,0.0009765625,-0.814453125,-0.6713866591453552,0.4882812201976776,0.3356933295726776,80.0,8736.0,1.0,O,M,O,0
234407.140625,234525.78125,234744.640625,234626.546875,234749.203125,234989.796875,234821.359375,234931.953125,-0.514892578125,-0.001220703125,-0.8134765625,-0.7324218153953552,0.5187987685203552,0.3967284858226776,80.0,8737.0,1.0,O,M,O,0
234131.9375,234251.03125,234470.078125,234351.609375,234474.8125,234714.703125,234546.515625,234656.84375,-0.51318359375,-0.001220703125,-0.813232421875,-0.7019042372703552,0.5187987685203552,0.4577636420726776,80.0,8738.0,1.0,O,M,O,0
233318.15625,233437.25,233656.296875,233538.015625,233661.296875,233900.90625,233732.5625,233842.703125,-0.514892578125,-0.001708984375,-0.81201171875,-0.7934569716453552,0.4577636420726776,0.4577636420726776,80.0,8739.0,1.0,O,M,O,0
233512.171875,233631.078125,233849.859375,233731.84375,233855.140625,234095.015625,233926.75,234036.90625,-0.51513671875,0.000244140625,-0.8125,-0.7629393935203552,0.4272460639476776,0.4272460639476776,80.0,8740.0,1.0,O,M,O,0
234372.890625,234491.71875,234710.578125,234592.390625,234715.765625,234955.640625,234787.203125,234897.71875,-0.51416015625,0.000244140625,-0.812255859375,-0.7324218153953552,0.3967284858226776,0.3662109076976776,80.0,8741.0,1.0,O,M,O,0
234311.734375,234431.015625,234649.96875,234531.5,234654.796875,234894.765625,234726.3125,234837.1875,-0.513916015625,0.000244140625,-0.811767578125,-0.7934569716453552,0.3967284858226776,0.4272460639476776,80.0,8742.0,1.0,O,M,O,0
233463.984375,233583.15625,233802.203125,233683.75,233807.125,234046.5625,233878.921875,233988.890625,-0.5146484375,0.0009765625,-0.8134765625,-0.7324218153953552,0.4272460639476776,0.5187987685203552,80.0,8743.0,1.0,O,M,O,0
233440.828125,233559.46875,233778.96875,233660.5,233783.796875,234023.3125,233855.671875,233966.0,-0.51513671875,0.000244140625,-0.81298828125,-0.8544921278953552,0.4882812201976776,0.5187987685203552,80.0,8744.0,1.0,O,M,O,0
234304.5,234423.234375,234642.359375,234523.984375,234647.546875,234887.15625,234718.984375,234829.9375,-0.513916015625,0.0009765625,-0.815185546875,-0.7019042372703552,0.4272460639476776,0.4577636420726776,80.0,8745.0,1.0,O,M,O,0
234460.6875,234579.15625,234798.65625,234680.1875,234803.484375,235043.453125,234875.1875,234985.78125,-0.51318359375,0.001953125,-0.8134765625,-0.7019042372703552,0.4272460639476776,0.3967284858226776,80.0,8746.0,1.0,O,M,O,0
233637.34375,233756.15625,233975.390625,233856.84375,233980.21875,234220.0,234051.921875,234162.078125,-0.51513671875,0.000732421875,-0.814697265625,-0.7324218153953552,0.5187987685203552,0.4577636420726776,80.0,8747.0,1.0,O,M,O,0
233398.796875,233517.53125,233736.578125,233618.03125,233741.59375,233980.9375,233813.03125,233923.0,-0.514892578125,0.00146484375,-0.811279296875,-0.7019042372703552,0.5798339247703552,0.4577636420726776,80.0,8748.0,1.0,O,M,O,0
234212.234375,234331.140625,234550.546875,234431.71875,234555.46875,234795.15625,234626.90625,234737.234375,-0.515869140625,0.001708984375,-0.812255859375,-0.6713866591453552,0.5187987685203552,0.4577636420726776,80.0,8749.0,1.0,O,M,O,0
234576.734375,234695.65625,234915.328125,234796.234375,234919.609375,235159.9375,234991.59375,235102.1875,-0.513916015625,0.000244140625,-0.812744140625,-0.7019042372703552,0.4272460639476776,0.3662109076976776,80.0,8750.0,1.0,O,M,O,0
233831.0,233949.8125,234169.21875,234050.578125,234174.140625,234414.015625,234245.40625,234355.90625,-0.512451171875,0.0009765625,-0.813232421875,-0.6713866591453552,0.4577636420726776,0.3662109076976776,80.0,8751.0,1.0,O,F,O,0
233390.21875,233509.046875,233728.09375,233609.8125,233733.359375,233972.890625,233804.890625,233914.859375,-0.51318359375,0.001708984375,-0.814208984375,-0.7324218153953552,0.4272460639476776,0.3356933295726776,80.0,8752.0,1.0,O,F,O,0
234102.171875,234221.078125,234440.125,234321.9375,234445.21875,234684.921875,234517.109375,234627.078125,-0.51416015625,0.000244140625,-0.8134765625,-0.7019042372703552,0.5187987685203552,0.4272460639476776,80.0,8753.0,1.0,O,F,O,0
234655.59375,234774.59375,234993.734375,234875.1875,234998.5625,235238.625,235070.0,235180.78125,-0.51416015625,0.000732421875,-0.813232421875,-0.6713866591453552,0.4577636420726776,0.4272460639476776,80.0,8754.0,1.0,O,F,O,0
234037.890625,234157.15625,234376.109375,234257.5625,234380.578125,234620.640625,234452.109375,234563.0625,-0.513427734375,0.0009765625,-0.812744140625,-0.7019042372703552,0.4272460639476776,0.4882812201976776,80.0,8755.0,1.0,O,F,O,0
233428.9375,233547.9375,233767.421875,233648.875,233771.8125,234011.59375,233843.328125,233954.203125,-0.5146484375,0.001220703125,-0.814208984375,-0.6408690810203552,0.4882812201976776,0.3662109076976776,80.0,8756.0,1.0,O,F,O,0
233988.796875,234107.71875,234327.296875,234208.5625,234331.5,234571.640625,234403.296875,234514.328125,-0.513671875,0.00048828125,-0.813232421875,-0.7019042372703552,0.3662109076976776,0.4272460639476776,80.0,8757.0,1.0,O,F,O,0
234690.640625,234809.828125,235028.6875,234910.046875,235033.609375,235273.40625,235105.140625,235216.453125,-0.51318359375,0.002685546875,-0.812744140625,-0.6408690810203552,0.3356933295726776,0.3967284858226776,80.0,8758.0,1.0,O,F,O,0
234240.921875,234359.75,234578.703125,234460.25,234583.359375,234823.421875,234655.234375,234766.1875,-0.513427734375,0.0,-0.81201171875,-0.6103515028953552,0.3356933295726776,0.4577636420726776,80.0,8759.0,1.0,O,F,O,0
233503.140625,233621.609375,233840.65625,233722.640625,233845.484375,234085.265625,233917.28125,234027.78125,-0.513916015625,0.00146484375,-0.811279296875,-0.6713866591453552,0.3967284858226776,0.4272460639476776,80.0,8760.0,1.0,O,F,O,0
233879.453125,233998.015625,234217.234375,234099.21875,234222.421875,234462.03125,234293.859375,234404.359375,-0.513671875,0.00244140625,-0.81201171875,-0.7629393935203552,0.4272460639476776,0.3051757514476776,80.0,8761.0,1.0,O,F,O,0
234686.71875,234805.71875,235024.671875,234906.296875,235029.671875,235269.640625,235101.296875,235211.984375,-0.512939453125,0.0009765625,-0.812744140625,-0.6713866591453552,0.4272460639476776,0.4577636420726776,80.0,8762.0,1.0,O,F,O,0
234432.96875,234551.796875,234770.75,234652.46875,234775.84375,235015.640625,234847.015625,234957.796875,-0.513916015625,0.0,-0.81396484375,-0.7934569716453552,0.3967284858226776,0.4272460639476776,80.0,8763.0,1.0,O,F,O,0
233612.125,233730.234375,233950.0,233831.09375,233954.640625,234194.34375,234026.078125,234136.40625,-0.515625,0.000244140625,-0.814453125,-0.6713866591453552,0.4272460639476776,0.4272460639476776,80.0,8764.0,1.0,O,F,O,0
233784.140625,233902.171875,234122.203125,234003.375,234126.84375,234366.359375,234198.1875,234308.875,-0.515380859375,0.002197265625,-0.812744140625,-0.6408690810203552,0.4882812201976776,0.4882812201976776,80.0,8765.0,1.0,O,F,O,0
234647.640625,234766.28125,234986.046875,234867.3125,234990.515625,235230.484375,235062.125,235173.0,-0.513671875,0.00048828125,-0.812744140625,-0.7629393935203552,0.4882812201976776,0.5493163466453552,80.0,8766.0,1.0,O,F,O,0
234606.6875,234725.15625,234944.828125,234826.1875,234949.125,235189.453125,235021.265625,235131.78125,-0.514892578125,-0.000244140625,-0.81298828125,-0.7629393935203552,0.4577636420726776,0.4272460639476776,80.0,8767.0,1.0,O,F,O,0
233760.8125,233879.015625,234098.59375,233980.3125,234102.96875,234342.9375,234174.859375,234285.359375,-0.51513671875,0.00244140625,-0.8115234375,-0.7934569716453552,0.4272460639476776,0.4272460639476776,80.0,8768.0,1.0,O,F,O,0
233713.96875,233832.34375,234051.65625,233933.375,234056.296875,234296.09375,234128.1875,234238.875,-0.514892578125,0.001708984375,-0.810546875,-0.7019042372703552,0.4577636420726776,0.4577636420726776,80.0,8769.0,1.0,O,F,O,0
234576.65625,234695.109375,234914.4375,234795.78125,234918.90625,235159.140625,234990.875,235101.828125,-0.513427734375,-0.000244140625,-0.81005859375,-0.7934569716453552,0.4882812201976776,0.3967284858226776,80.0,8770.0,1.0,O,F,O,0
234755.015625,234873.578125,235093.0625,234974.0625,235097.359375,235337.78125,235169.0625,235280.109375,-0.51318359375,0.000244140625,-0.81396484375,-0.8544921278953552,0.4577636420726776,0.4577636420726776,80.0,8771.0,1.0,O,F,O,0
233938.203125,234056.84375,234276.0625,234157.515625,234280.359375,234520.765625,234351.96875,234462.921875,-0.516845703125,0.002685546875,-0.8095703125,-0.8239745497703552,0.3967284858226776,0.5187987685203552,80.0,8772.0,1.0,O,F,O,0
233678.296875,233796.578125,234015.53125,233897.34375,234020.1875,234260.6875,234092.25,234202.75,-0.515380859375,0.002685546875,-0.812744140625,-0.7324218153953552,0.5187987685203552,0.4882812201976776,80.0,8773.0,1.0,O,F,O,0
234483.125,234602.046875,234821.09375,234702.53125,234825.921875,235066.328125,234897.625,235008.125,-0.5146484375,0.000244140625,-0.81298828125,-0.7324218153953552,0.5187987685203552,0.4577636420726776,80.0,8774.0,1.0,O,F,O,0
234868.390625,234986.9375,235206.609375,235087.4375,235211.265625,235451.328125,235282.609375,235393.296875,-0.51416015625,0.00048828125,-0.810302734375,-0.6713866591453552,0.5187987685203552,0.3967284858226776,80.0,8775.0,1.0,O,F,O,0
234131.40625,234250.234375,234469.625,234350.984375,234474.1875,234714.34375,234545.984375,234656.21875,-0.51513671875,0.000732421875,-0.8076171875,-0.7629393935203552,0.4882812201976776,0.4577636420726776,80.0,8776.0,1.0,O,F,O,0
233671.765625,233790.140625,234009.453125,233891.34375,234014.1875,234254.25,234086.078125,234196.3125,-0.514404296875,0.000732421875,-0.809326171875,-0.7324218153953552,0.5187987685203552,0.5493163466453552,80.0,8777.0,1.0,O,F,O,0
234371.375,234489.390625,234708.890625,234590.59375,234713.359375,234953.40625,234785.234375,234895.921875,-0.514892578125,0.000732421875,-0.811279296875,-0.7629393935203552,0.4882812201976776,0.4882812201976776,80.0,8778.0,1.0,O,F,O,0
234939.5625,235058.203125,235277.25,235158.953125,235281.984375,235522.21875,235353.859375,235464.546875,-0.512939453125,-0.000244140625,-0.809814453125,-0.7019042372703552,0.5798339247703552,0.5187987685203552,80.0,8779.0,1.0,O,F,O,0
234336.0625,234454.515625,234673.75,234554.921875,234678.484375,234918.546875,234750.015625,234860.78125,-0.5146484375,0.000732421875,-0.8134765625,-0.7324218153953552,0.4882812201976776,0.4577636420726776,80.0,8780.0,1.0,O,F,O,0
233713.0625,233831.71875,234050.9375,233932.109375,234055.59375,234295.109375,234127.203125,234237.625,-0.516357421875,0.001953125,-0.81396484375,-0.8239745497703552,0.4577636420726776,0.4272460639476776,80.0,8781.0,1.0,O,F,O,0
234258.0,234376.46875,234595.703125,234477.234375,234600.875,234840.21875,234672.046875,234783.0,-0.517333984375,0.00146484375,-0.812744140625,-0.7629393935203552,0.4272460639476776,0.4577636420726776,80.0,8782.0,1.0,O,F,O,0
234971.828125,235090.390625,235309.609375,235191.421875,235314.796875,235554.859375,235386.046875,235497.0,-0.5126953125,0.00048828125,-0.812744140625,-0.6713866591453552,0.3967284858226776,0.4272460639476776,80.0,8783.0,1.0,O,F,O,0
234538.125,234656.671875,234875.625,234757.796875,234880.71875,235121.046875,234952.25,235062.9375,-0.51220703125,0.000244140625,-0.8125,-0.7324218153953552,0.5493163466453552,0.4272460639476776,80.0,8784.0,1.0,O,F,O,0
233786.734375,233905.65625,234124.96875,234006.59375,234129.609375,234369.859375,234200.96875,234311.46875,-0.513916015625,0.000732421875,-0.814453125,-0.7019042372703552,0.4882812201976776,0.3967284858226776,80.0,8785.0,1.0,O,F,O,0
234145.4375,234264.359375,234483.765625,234364.84375,234488.40625,234728.546875,234559.75,234670.34375,-0.513916015625,0.00244140625,-0.815673828125,-0.7934569716453552,0.5187987685203552,0.3662109076976776,80.0,8786.0,1.0,O,F,O,0
234961.8125,235080.28125,235300.046875,235180.953125,235304.421875,235545.015625,235375.953125,235486.8125,-0.513427734375,0.001708984375,-0.813232421875,-0.6713866591453552,0.4882812201976776,0.3662109076976776,80.0,8787.0,1.0,O,F,O,0
234728.546875,234846.84375,235066.6875,234947.515625,235071.078125,235311.484375,235142.859375,235253.734375,-0.513671875,0.000732421875,-0.8134765625,-0.6408690810203552,0.4882812201976776,0.3662109076976776,80.0,8788.0,1.0,O,F,O,0
233903.859375,234022.328125,234241.90625,234123.171875,234246.734375,234486.625,234318.265625,234428.765625,-0.51513671875,-0.002197265625,-0.811767578125,-0.6408690810203552,0.4882812201976776,0.3662109076976776,80.0,8789.0,1.0,O,F,O,0
234054.0625,234172.890625,234392.5625,234273.65625,234397.296875,234637.265625,234468.734375,234579.25,-0.515869140625,-0.00048828125,-0.813232421875,-0.7934569716453552,0.3662109076976776,0.4272460639476776,80.0,8790.0,1.0,O,F,O,0
234919.890625,235038.34375,235258.015625,235138.9375,235262.40625,235502.734375,235334.015625,235445.59375,-0.515380859375,0.000732421875,-0.810302734375,-0.7629393935203552,0.4577636420726776,0.5187987685203552,80.0,8791.0,1.0,O,F,O,0
234901.28125,235019.75,235238.703125,235120.15625,235243.453125,235484.046875,235314.96875,235426.734375,-0.513671875,0.001708984375,-0.810302734375,-0.8239745497703552,0.3967284858226776,0.5187987685203552,80.0,8792.0,1.0,O,F,O,0
234054.25,234172.890625,234392.296875,234273.734375,234397.03125,234637.09375,234468.640625,234579.25,-0.51318359375,-0.000244140625,-0.8115234375,-0.7629393935203552,0.5493163466453552,0.5187987685203552,80.0,8793.0,1.0,O,F,O,0
233985.046875,234104.046875,234323.71875,234205.078125,234328.453125,234568.421875,234399.53125,234510.40625,-0.513427734375,0.0,-0.812255859375,-0.7629393935203552,0.5187987685203552,0.4882812201976776,80.0,8794.0,1.0,O,F,O,0
234844.34375,234963.0625,235182.734375,235063.734375,235187.03125,235427.71875,235258.46875,235369.609375,-0.5146484375,-0.000244140625,-0.812744140625,-0.7324218153953552,0.5187987685203552,0.4577636420726776,80.0,8795.0,1.0,O,F,O,0
235043.890625,235162.71875,235382.03125,235263.125,235386.671875,235627.09375,235458.296875,235569.15625,-0.51318359375,0.000244140625,-0.8134765625,-0.7629393935203552,0.4272460639476776,0.4577636420726776,80.0,8796.0,1.0,O,F,O,0
234234.140625,234353.046875,234572.453125,234453.53125,234577.1875,234817.25,234648.890625,234759.40625,-0.51171875,-0.000244140625,-0.814697265625,-0.6713866591453552,0.5493163466453552,0.4577636420726776,80.0,8797.0,1.0,O,F,O,0
233954.015625,234072.3125,234292.15625,234173.421875,234296.890625,234536.78125,234368.515625,234479.109375,-0.514404296875,-0.001220703125,-0.81298828125,-0.7019042372703552,0.5187987685203552,0.3662109076976776,80.0,8798.0,1.0,O,F,O,0
234750.375,234868.828125,235088.328125,234969.78125,235092.890625,235333.125,235164.328125,235275.28125,-0.515625,0.000732421875,-0.810546875,-0.6713866591453552,0.5187987685203552,0.3967284858226776,80.0,8799.0,1.0,O,F,O,0
235155.46875,235274.109375,235493.4375,235374.609375,235498.078125,235738.5,235569.25,235680.734375,-0.51318359375,0.001953125,-0.81298828125,-0.7629393935203552,0.5187987685203552,0.4577636420726776,80.0,8800.0,1.0,O,F,O,0
234432.796875,234551.796875,234770.671875,234652.296875,234775.671875,235015.640625,234847.375,234958.328125,-0.51416015625,-0.000732421875,-0.81005859375,-0.6103515028953552,0.4577636420726776,0.4882812201976776,80.0,8801.0,1.0,O,F,O,0
233957.78125,234076.421875,234295.46875,234177.09375,234300.65625,234540.359375,234372.171875,234482.859375,-0.51416015625,0.001220703125,-0.807373046875,-0.7629393935203552,0.4577636420726776,0.5187987685203552,80.0,8802.0,1.0,O,F,O,0
234641.734375,234759.9375,234979.4375,234860.78125,234984.171875,235224.671875,235055.875,235166.65625,-0.512451171875,0.000244140625,-0.809326171875,-0.7019042372703552,0.4577636420726776,0.4882812201976776,80.0,8803.0,1.0,O,F,O,0
235223.78125,235342.6875,235561.828125,235442.921875,235566.296875,235807.078125,235638.09375,235749.140625,-0.51318359375,-0.000244140625,-0.81298828125,-0.8239745497703552,0.3967284858226776,0.4882812201976776,80.0,8804.0,1.0,O,F,O,0
234632.703125,234751.796875,234970.84375,234852.203125,234975.3125,235215.828125,235047.203125,235157.703125,-0.513916015625,0.002197265625,-0.810302734375,-0.8239745497703552,0.4272460639476776,0.4577636420726776,80.0,8805.0,1.0,O,F,O,0
233995.421875,234114.328125,234334.0,234215.09375,234338.46875,234578.796875,234409.734375,234520.59375,-0.5146484375,0.002685546875,-0.811767578125,-0.7934569716453552,0.3662109076976776,0.4272460639476776,80.0,8806.0,1.0,O,F,O,0
234526.3125,234645.046875,234864.546875,234745.71875,234869.109375,235109.421875,234940.53125,235051.5,-0.51708984375,0.002197265625,-0.81298828125,-0.7019042372703552,0.3967284858226776,0.3356933295726776,80.0,8807.0,1.0,O,F,O,0
235253.109375,235372.015625,235591.25,235472.515625,235595.625,235836.484375,235667.328125,235778.1875,-0.51513671875,0.0009765625,-0.810791015625,-0.6408690810203552,0.3967284858226776,0.3967284858226776,80.0,8808.0,1.0,O,F,O,0
234837.90625,234956.8125,235176.21875,235057.125,235180.328125,235421.375,235252.65625,235363.25,-0.5146484375,-0.000244140625,-0.81591796875,-0.7019042372703552,0.4882812201976776,0.4577636420726776,80.0,8809.0,1.0,O,F,O,0
234080.796875,234199.796875,234419.109375,234300.109375,234423.40625,234664.1875,234495.46875,234605.796875,-0.511962890625,0.00048828125,-0.815185546875,-0.6408690810203552,0.4272460639476776,0.3662109076976776,80.0,8810.0,1.0,O,F,O,0
234420.453125,234539.28125,234758.78125,234639.765625,234763.15625,235003.75,234835.21875,234945.71875,-0.51318359375,-0.00048828125,-0.814208984375,-0.5798339247703552,0.5187987685203552,0.4577636420726776,80.0,8811.0,1.0,O,F,O,0
235242.203125,235361.28125,235580.6875,235461.609375,235584.8125,235825.484375,235656.953125,235768.0,-0.513671875,0.000732421875,-0.8134765625,-0.6408690810203552,0.5187987685203552,0.4272460639476776,80.0,8812.0,1.0,O,F,O,0
235027.53125,235146.796875,235366.203125,235246.84375,235370.234375,235610.828125,235442.015625,235552.890625,-0.511962890625,-0.00146484375,-0.81201171875,-0.7019042372703552,0.5493163466453552,0.4882812201976776,80.0,8813.0,1.0,O,F,O,0
234198.375,234317.375,234536.328125,234417.5,234540.890625,234781.484375,234612.59375,234723.375,-0.51318359375,-0.000244140625,-0.81201171875,-0.7019042372703552,0.5493163466453552,0.4272460639476776,80.0,8814.0,1.0,O,F,O,0
234329.0,234447.734375,234666.859375,234548.40625,234671.515625,234912.203125,234743.21875,234853.8125,-0.513916015625,0.0009765625,-0.810791015625,-0.8239745497703552,0.5798339247703552,0.4882812201976776,80.0,8815.0,1.0,O,F,O,0
235195.609375,235314.34375,235534.015625,235415.015625,235538.3125,235779.09375,235609.84375,235720.96875,-0.513427734375,0.001953125,-0.807373046875,-0.8239745497703552,0.5187987685203552,0.4272460639476776,80.0,8816.0,1.0,O,F,O,0
235198.296875,235317.296875,235536.796875,235417.609375,235541.171875,235781.953125,235612.96875,235723.65625,-0.513427734375,0.001220703125,-0.810302734375,-0.8544921278953552,0.4882812201976776,0.4272460639476776,80.0,8817.0,1.0,O,F,O,0
234353.484375,234472.21875,234691.71875,234572.8125,234696.1875,234936.34375,234768.078125,234878.671875,-0.513427734375,0.000244140625,-0.814208984375,-0.7324218153953552,0.5493163466453552,0.4577636420726776,80.0,8818.0,1.0,O,F,O,0
234265.421875,234384.15625,234603.5625,234484.828125,234608.125,234848.0,234679.734375,234790.6875,-0.513916015625,-0.001220703125,-0.81396484375,-0.7019042372703552,0.5187987685203552,0.4577636420726776,80.0,8819.0,1.0,O,F,O,0
235122.390625,235241.296875,235460.703125,235341.53125,235465.09375,235705.140625,235536.703125,235647.84375,-0.512939453125,0.00048828125,-0.812744140625,-0.7019042372703552,0.4882812201976776,0.4577636420726776,80.0,8820.0,1.0,O,F,O,0
235341.625,235460.53125,235679.75,235560.84375,235684.046875,235924.546875,235755.84375,235866.890625,-0.513427734375,0.001220703125,-0.814453125,-0.7019042372703552,0.4272460639476776,0.4577636420726776,80.0,8821.0,1.0,O,F,O,0
234534.453125,234653.0,234872.40625,234753.671875,234877.0625,235117.46875,234948.671875,235059.53125,-0.513427734375,0.00146484375,-0.816162109375,-0.6408690810203552,0.4882812201976776,0.4272460639476776,80.0,8822.0,1.0,O,F,O,0
234232.25,234350.71875,234570.21875,234451.296875,234574.78125,234814.921875,234646.5625,234757.171875,-0.513916015625,0.00048828125,-0.8125,-0.6713866591453552,0.4882812201976776,0.3967284858226776,80.0,8823.0,1.0,O,F,O,0
235020.109375,235138.9375,235358.421875,235239.421875,235362.8125,235603.140625,235434.421875,235545.375,-0.515625,0.0009765625,-0.81298828125,-0.6408690810203552,0.5187987685203552,0.3356933295726776,80.0,8824.0,1.0,O,F,O,0
235442.734375,235561.828125,235781.234375,235662.234375,235785.796875,236026.296875,235857.140625,235968.359375,-0.51416015625,0.00048828125,-0.811767578125,-0.6408690810203552,0.3967284858226776,0.4272460639476776,80.0,8825.0,1.0,O,F,O,0
234730.96875,234849.875,235068.921875,234950.015625,235073.390625,235314.078125,235145.1875,235256.140625,-0.515869140625,0.002197265625,-0.810546875,-0.7629393935203552,0.4272460639476776,0.5187987685203552,80.0,8826.0,1.0,O,F,O,0
234238.78125,234357.0625,234576.296875,234457.734375,234580.765625,234821.265625,234652.46875,234763.421875,-0.513671875,0.000732421875,-0.81005859375,-0.7629393935203552,0.4272460639476776,0.4882812201976776,80.0,8827.0,1.0,O,F,O,0
234911.390625,235029.9375,235249.34375,235130.625,235253.734375,235494.5,235325.34375,235436.5625,-0.514892578125,0.00146484375,-0.811767578125,-0.7934569716453552,0.4272460639476776,0.5493163466453552,80.0,8828.0,1.0,O,F,O,0
235509.96875,235628.875,235848.375,235729.640625,235852.75,236093.4375,235924.546875,236035.859375,-0.513916015625,0.0029296875,-0.81298828125,-0.7934569716453552,0.4272460639476776,0.5493163466453552,80.0,8829.0,1.0,O,F,O,0
234933.46875,235052.125,235271.875,235152.96875,235276.078125,235516.765625,235347.875,235459.015625,-0.51416015625,0.00244140625,-0.814208984375,-0.8544921278953552,0.4577636420726776,0.4577636420726776,80.0,8830.0,1.0,O,F,O,0
234282.59375,234400.875,234621.09375,234501.90625,234625.46875,234865.703125,234696.8125,234807.59375,-0.513671875,0.00048828125,-0.814453125,-0.7629393935203552,0.4577636420726776,0.5798339247703552,80.0,8831.0,1.0,O,F,O,0
234796.234375,234914.875,235134.8125,235015.640625,235138.84375,235379.53125,235211.0,235321.5,-0.515869140625,-0.000244140625,-0.81201171875,-0.7934569716453552,0.4577636420726776,0.5187987685203552,80.0,8832.0,1.0,O,F,O,0
235535.8125,235654.359375,235873.859375,235755.125,235878.328125,236119.28125,235950.484375,236060.984375,-0.5146484375,0.000732421875,-0.811279296875,-0.7324218153953552,0.4882812201976776,0.3967284858226776,80.0,8833.0,1.0,O,F,O,0
235139.5625,235258.015625,235477.515625,235358.875,235482.078125,235723.03125,235553.953125,235664.734375,-0.513427734375,0.001708984375,-0.807373046875,-0.7019042372703552,0.4882812201976776,0.3967284858226776,80.0,8834.0,1.0,O,F,O,0
234372.890625,234490.90625,234710.40625,234591.671875,234714.875,234955.5625,234786.578125,234897.625,-0.5146484375,-0.000732421875,-0.8095703125,-0.8239745497703552,0.5493163466453552,0.3967284858226776,80.0,8835.0,1.0,O,F,O,0
234694.046875,234812.15625,235031.375,234912.734375,235036.109375,235276.4375,235107.8125,235219.046875,-0.515625,0.001220703125,-0.81201171875,-0.7629393935203552,0.6103515028953552,0.4577636420726776,80.0,8836.0,1.0,O,F,O,0
235522.046875,235640.78125,235860.0,235741.265625,235864.46875,236105.25,235936.359375,236047.484375,-0.513671875,0.000732421875,-0.813720703125,-0.8239745497703552,0.6103515028953552,0.3662109076976776,80.0,8837.0,1.0,O,F,O,0
235325.53125,235444.796875,235664.015625,235545.015625,235668.046875,235909.359375,235740.109375,235851.0625,-0.514404296875,0.0009765625,-0.812744140625,-0.6713866591453552,0.5187987685203552,0.3662109076976776,80.0,8838.0,1.0,O,F,O,0
234490.90625,234609.90625,234829.140625,234710.40625,234833.78125,235074.296875,234905.484375,235015.90625,-0.515380859375,0.0009765625,-0.8115234375,-0.6713866591453552,0.4577636420726776,0.3356933295726776,80.0,8839.0,1.0,O,F,O,0
234600.078125,234719.25,234938.21875,234819.921875,234942.859375,235183.375,235015.015625,235125.34375,-0.515380859375,-0.000244140625,-0.81005859375,-0.7324218153953552,0.4577636420726776,0.4577636420726776,80.0,8840.0,1.0,O,F,O,0
235468.578125,235587.9375,235806.796875,235688.15625,235811.453125,236052.40625,235883.15625,235994.375,-0.5146484375,0.00048828125,-0.811279296875,-0.7019042372703552,0.5187987685203552,0.4577636420726776,80.0,8841.0,1.0,O,F,O,0
235489.046875,235608.234375,235827.546875,235708.359375,235831.75,236072.78125,235903.546875,236014.5,-0.513427734375,-0.000244140625,-0.81201171875,-0.6408690810203552,0.4577636420726776,0.4577636420726776,80.0,8842.0,1.0,O,F,O,0
234643.625,234762.625,234981.9375,234863.203125,234986.046875,235227.0,235057.921875,235168.609375,-0.512939453125,0.0009765625,-0.810546875,-0.6408690810203552,0.5187987685203552,0.3967284858226776,80.0,8843.0,1.0,O,F,O,0
234534.71875,234653.8125,234873.296875,234754.390625,234877.328125,235117.921875,234949.03125,235059.71875,-0.5126953125,0.00146484375,-0.811767578125,-0.7629393935203552,0.4882812201976776,0.4882812201976776,80.0,8844.0,1.0,O,F,O,0
235385.875,235504.96875,235724.09375,235605.375,235728.65625,235969.25,235800.28125,235911.234375,-0.513671875,0.001953125,-0.810546875,-0.8544921278953552,0.5798339247703552,0.4272460639476776,80.0,8845.0,1.0,O,F,O,0
235625.03125,235744.21875,235963.265625,235844.265625,235967.640625,236208.421875,236039.34375,236150.484375,-0.515380859375,0.001953125,-0.81201171875,-0.8544921278953552,0.4272460639476776,0.4882812201976776,80.0,8846.0,1.0,O,F,O,0
234826.546875,234945.546875,235164.59375,235045.59375,235169.234375,235409.75,235240.765625,235351.8125,-0.5126953125,0.00244140625,-0.812744140625,-0.7019042372703552,0.4577636420726776,0.4577636420726776,80.0,8847.0,1.0,O,F,O,0
234507.265625,234626.09375,234845.234375,234726.3125,234850.0625,235090.390625,234921.046875,235032.09375,-0.513671875,0.002197265625,-0.813720703125,-0.6713866591453552,0.4577636420726776,0.4577636420726776,80.0,8848.0,1.0,O,F,O,0
235287.96875,235407.15625,235626.109375,235507.46875,235630.578125,235871.625,235701.84375,235813.515625,-0.51416015625,0.0,-0.815185546875,-0.7629393935203552,0.4577636420726776,0.4272460639476776,80.0,8849.0,1.0,O,F,O,0
235727.671875,235846.765625,236066.34375,235947.34375,236070.546875,236311.6875,236142.078125,236253.390625,-0.51416015625,0.0009765625,-0.810791015625,-0.6713866591453552,0.5798339247703552,0.4272460639476776,80.0,8850.0,1.0,O,F,O,0
235026.015625,235145.09375,235364.5,235245.6875,235368.890625,235609.75,235440.6875,235551.28125,-0.51416015625,0.001953125,-0.812744140625,-0.7324218153953552,0.4577636420726776,0.4577636420726776,80.0,8851.0,1.0,O,F,O,0
234517.28125,234636.203125,234855.515625,234736.953125,234859.71875,235100.578125,234931.6875,235042.375,-0.515380859375,0.0009765625,-0.8125,-0.7934569716453552,0.4272460639476776,0.3967284858226776,80.0,8852.0,1.0,O,F,O,0
235175.140625,235294.046875,235513.453125,235394.640625,235517.65625,235758.25,235589.71875,235700.5,-0.515380859375,0.0,-0.81396484375,-0.7629393935203552,0.3967284858226776,0.3967284858226776,80.0,8853.0,1.0,O,F,O,0
235786.5,235905.78125,236125.0,236006.0,236129.296875,236369.984375,236201.171875,236312.21875,-0.513916015625,0.000732421875,-0.81591796875,-0.6408690810203552,0.3967284858226776,0.3967284858226776,80.0,8854.0,1.0,O,F,O,0
235227.171875,235346.359375,235565.40625,235446.9375,235570.234375,235810.734375,235641.9375,235752.53125,-0.513916015625,0.00244140625,-0.814453125,-0.7019042372703552,0.4272460639476776,0.4272460639476776,80.0,8855.0,1.0,O,F,O,0
234564.3125,234683.578125,234902.625,234784.171875,234907.1875,235147.875,234978.890625,235089.578125,-0.513671875,0.001220703125,-0.812255859375,-0.7629393935203552,0.4577636420726776,0.3967284858226776,80.0,8856.0,1.0,O,F,O,0
235060.875,235180.15625,235399.203125,235280.640625,235403.578125,235644.625,235475.734375,235586.421875,-0.5126953125,0.001708984375,-0.812744140625,-0.6408690810203552,0.4577636420726776,0.4882812201976776,80.0,8857.0,1.0,O,F,O,0
235808.140625,235926.96875,236146.375,236028.0,236150.578125,236391.96875,236222.71875,236333.859375,-0.51318359375,-0.000732421875,-0.813720703125,-0.5798339247703552,0.4882812201976776,0.5187987685203552,80.0,8858.0,1.0,O,F,O,0
235426.734375,235545.734375,235765.234375,235646.765625,235769.515625,236010.828125,235841.765625,235952.890625,-0.513671875,0.001220703125,-0.81298828125,-0.6408690810203552,0.3662109076976776,0.4577636420726776,80.0,8859.0,1.0,O,F,O,0
234652.5625,234771.640625,234990.703125,234872.234375,234995.171875,235236.203125,235067.140625,235178.0,-0.512939453125,0.0009765625,-0.81103515625,-0.7019042372703552,0.4272460639476776,0.5187987685203552,80.0,8860.0,1.0,O,F,O,0
234957.4375,235076.703125,235295.65625,235176.9375,235299.6875,235541.265625,235372.015625,235482.875,-0.513427734375,-0.000244140625,-0.809814453125,-0.7324218153953552,0.3967284858226776,0.4577636420726776,80.0,8861.0,1.0,O,F,O,0
235790.703125,235909.984375,236129.109375,236010.296875,236133.140625,236374.71875,236205.5625,236316.78125,-0.51513671875,0.0,-0.811279296875,-0.7324218153953552,0.3967284858226776,0.3967284858226776,80.0,8862.0,1.0,O,F,O,0
235613.140625,235731.703125,235951.109375,235832.015625,235955.484375,236196.4375,236027.734375,236138.6875,-0.515380859375,0.001953125,-0.81298828125,-0.8239745497703552,0.4577636420726776,0.4272460639476776,80.0,8863.0,1.0,O,F,O,0
234775.765625,234894.5,235113.625,234994.890625,235118.09375,235358.875,235190.078125,235300.671875,-0.51318359375,0.000732421875,-0.81396484375,-0.7629393935203552,0.4272460639476776,0.4272460639476776,80.0,8864.0,1.0,O,F,O,0
234866.59375,234985.6875,235204.828125,235086.09375,235209.03125,235449.796875,235281.09375,235391.859375,-0.514892578125,0.001708984375,-0.812255859375,-0.8239745497703552,0.5187987685203552,0.4272460639476776,80.0,8865.0,1.0,O,F,O,0
235737.6875,235856.609375,236075.828125,235957.09375,236080.203125,236321.421875,236152.453125,236263.21875,-0.51611328125,0.00244140625,-0.813232421875,-0.8544921278953552,0.4272460639476776,0.5493163466453552,80.0,8866.0,1.0,O,F,O,0
235777.828125,235896.828125,236115.703125,235997.234375,236120.4375,236361.484375,236192.140625,236303.453125,-0.515380859375,0.001953125,-0.81201171875,-0.8544921278953552,0.5187987685203552,0.4882812201976776,80.0,8867.0,1.0,O,F,O,0
234936.609375,235055.78125,235274.734375,235156.09375,235279.125,235520.4375,235351.09375,235462.140625,-0.5146484375,0.0009765625,-0.816162109375,-0.7324218153953552,0.5798339247703552,0.3967284858226776,80.0,8868.0,1.0,O,F,O,0
234808.03125,234927.390625,235146.4375,235027.625,235150.5625,235391.5,235222.703125,235333.578125,-0.513671875,0.00048828125,-0.8115234375,-0.7019042372703552,0.5187987685203552,0.4272460639476776,80.0,8869.0,1.0,O,F,O,0
235653.828125,235772.734375,235991.703125,235872.78125,235995.984375,236236.765625,236068.140625,236179.1875,-0.512939453125,0.000732421875,-0.811279296875,-0.7324218153953552,0.5187987685203552,0.4577636420726776,80.0,8870.0,1.0,O,F,O,0
235910.0625,236028.703125,236247.671875,236129.109375,236252.40625,236493.0,236324.5625,236435.421875,-0.511962890625,0.00146484375,-0.813232421875,-0.7324218153953552,0.4577636420726776,0.3356933295726776,80.0,8871.0,1.0,O,F,O,0
235116.578125,235235.84375,235454.890625,235336.25,235459.359375,235700.140625,235531.515625,235642.03125,-0.512939453125,-0.000244140625,-0.814453125,-0.7934569716453552,0.4577636420726776,0.3662109076976776,80.0,8872.0,1.0,O,F,O,0
234779.6875,234898.875,235118.09375,234999.015625,235122.578125,235363.25,235194.546875,235304.96875,-0.513427734375,0.002197265625,-0.8134765625,-0.7629393935203552,0.3967284858226776,0.3356933295726776,80.0,8873.0,1.0,O,F,O,0
235550.65625,235670.015625,235889.0625,235770.0625,235893.53125,236134.296875,235965.59375,236076.09375,-0.513427734375,0.00048828125,-0.811279296875,-0.8239745497703552,0.4272460639476776,0.3967284858226776,80.0,8874.0,1.0,O,F,O,0
236006.625,236126.078125,236344.765625,236225.9375,236349.40625,236590.09375,236421.390625,236532.421875,-0.512939453125,0.001953125,-0.8134765625,-0.7629393935203552,0.5187987685203552,0.3967284858226776,80.0,8875.0,1.0,O,F,O,0
235314.53125,235433.53125,235652.75,235534.109375,235657.40625,235898.171875,235729.015625,235840.234375,-0.510986328125,0.00244140625,-0.81396484375,-0.7324218153953552,0.4882812201976776,0.3967284858226776,80.0,8876.0,1.0,O,F,O,0
234789.53125,234908.625,235127.84375,235009.5625,235132.40625,235373.0,235204.203125,235315.0625,-0.510986328125,0.0009765625,-0.811767578125,-0.7629393935203552,0.4577636420726776,0.3662109076976776,80.0,8877.0,1.0,O,F,O,0
235435.5,235554.578125,235773.71875,235655.4375,235778.375,236019.046875,235850.34375,235961.296875,-0.513427734375,0.00146484375,-0.81005859375,-0.7934569716453552,0.4577636420726776,0.3662109076976776,80.0,8878.0,1.0,O,F,O,0
236063.671875,236183.203125,236402.25,236283.34375,236406.71875,236647.671875,236478.609375,236589.734375,-0.513427734375,0.002685546875,-0.812744140625,-0.7324218153953552,0.5187987685203552,0.4272460639476776,80.0,8879.0,1.0,O,F,O,0
235517.921875,235637.109375,235856.328125,235737.515625,235860.796875,236101.578125,235932.421875,236043.734375,-0.515380859375,0.00048828125,-0.812744140625,-0.6713866591453552,0.5493163466453552,0.3662109076976776,80.0,8880.0,1.0,O,F,O,0
234841.65625,234960.75,235179.796875,235061.140625,235184.703125,235424.9375,235256.328125,235367.015625,-0.5146484375,0.000732421875,-0.811279296875,-0.6713866591453552,0.5187987685203552,0.3051757514476776,80.0,8881.0,1.0,O,F,O,0
235320.421875,235439.421875,235658.390625,235539.296875,235663.296875,235903.71875,235734.921875,235845.609375,-0.513427734375,0.0009765625,-0.813232421875,-0.7019042372703552,0.4577636420726776,0.3356933295726776,80.0,8882.0,1.0,O,F,O,0
236077.078125,236196.171875,236415.390625,236296.21875,236419.59375,236660.546875,236491.84375,236602.875,-0.513671875,0.00146484375,-0.813232421875,-0.7324218153953552,0.4577636420726776,0.4577636420726776,80.0,8883.0,1.0,O,F,O,0
235712.484375,235831.390625,236050.796875,235931.96875,236054.90625,236295.859375,236127.328125,236237.828125,-0.51318359375,0.0009765625,-0.814453125,-0.7019042372703552,0.4272460639476776,0.3967284858226776,80.0,8884.0,1.0,O,F,O,0
234930.796875,235049.53125,235268.65625,235150.28125,235273.40625,235514.078125,235345.375,235455.796875,-0.513671875,0.001220703125,-0.811767578125,-0.7324218153953552,0.5187987685203552,0.3967284858226776,80.0,8885.0,1.0,O,F,O,0
235215.375,235334.28125,235553.328125,235434.953125,235557.984375,235798.84375,235630.046875,235740.546875,-0.513427734375,0.0,-0.810791015625,-0.7629393935203552,0.4882812201976776,0.4272460639476776,80.0,8886.0,1.0,O,F,O,0
236053.296875,236172.203125,236391.53125,236272.53125,236396.171875,236636.953125,236468.0625,236578.75,-0.513916015625,0.0,-0.81103515625,-0.8239745497703552,0.4272460639476776,0.4272460639476776,80.0,8887.0,1.0,O,F,O,0
235898.890625,236017.984375,236237.5625,236118.390625,236241.59375,236482.71875,236313.734375,236424.515625,-0.51416015625,0.0009765625,-0.810302734375,-0.9155272841453552,0.4882812201976776,0.4272460639476776,80.0,8888.0,1.0,O,F,O,0
235062.125,235181.3125,235400.53125,235281.71875,235404.921875,235646.046875,235476.4375,235587.9375,-0.514892578125,-0.000244140625,-0.811279296875,-0.8239745497703552,0.3356933295726776,0.4882812201976776,80.0,8889.0,1.0,O,F,O,0
235133.125,235252.21875,235471.265625,235352.796875,235475.90625,235716.6875,235547.515625,235658.921875,-0.514404296875,0.000244140625,-0.811767578125,-0.7934569716453552,0.3356933295726776,0.4577636420726776,80.0,8890.0,1.0,O,F,O,0
236001.703125,236120.703125,236340.109375,236221.203125,236344.5,236585.359375,236416.296875,236527.78125,-0.513671875,0.0,-0.808349609375,-0.8239745497703552,0.3662109076976776,0.4882812201976776,80.0,8891.0,1.0,O,F,O,0
236065.71875,236184.71875,236403.765625,236285.3125,236408.25,236649.546875,236480.125,236591.53125,-0.51611328125,0.0,-0.8125,-0.7934569716453552,0.3967284858226776,0.4882812201976776,80.0,8892.0,1.0,O,F,O,0
235229.5,235348.328125,235567.109375,235448.734375,235571.578125,235812.53125,235643.359375,235754.671875,-0.515869140625,-0.000244140625,-0.81298828125,-0.8850097060203552,0.4272460639476776,0.4577636420726776,80.0,8893.0,1.0,O,F,O,0
235083.046875,235201.78125,235420.46875,235302.453125,235425.21875,235665.8125,235497.0,235607.96875,-0.51416015625,0.00048828125,-0.814453125,-0.7324218153953552,0.3967284858226776,0.4577636420726776,80.0,8894.0,1.0,O,F,O,0
235924.1875,236043.640625,236262.328125,236143.859375,236266.796875,236507.9375,236338.5,236449.8125,-0.51318359375,-0.000244140625,-0.8134765625,-0.6713866591453552,0.4272460639476776,0.5493163466453552,80.0,8895.0,1.0,O,F,O,0
236201.984375,236320.890625,236540.03125,236421.390625,236544.59375,236785.71875,236616.46875,236727.875,-0.51318359375,0.0,-0.811279296875,-0.7019042372703552,0.3967284858226776,0.4577636420726776,80.0,8896.0,1.0,O,F,O,0
235418.78125,235537.421875,235756.828125,235638.0,235761.390625,236002.0625,235833.359375,235944.3125,-0.513916015625,0.00146484375,-0.8134765625,-0.7019042372703552,0.4577636420726776,0.3967284858226776,80.0,8897.0,1.0,O,F,O,0
235063.734375,235182.203125,235401.78125,235282.78125,235406.4375,235646.859375,235478.234375,235588.921875,-0.51220703125,0.00244140625,-0.809814453125,-0.6713866591453552,0.4577636420726776,0.4577636420726776,80.0,8898.0,1.0,O,F,O,0
235823.875,235942.4375,236161.921875,236042.921875,236166.21875,236406.984375,236238.28125,236349.140625,-0.512939453125,0.000244140625,-0.809814453125,-0.7324218153953552,0.4882812201976776,0.3967284858226776,80.0,8899.0,1.0,O,F,O,0
236298.984375,236418.25,236637.484375,236518.65625,236641.859375,236882.90625,236713.484375,236825.0625,-0.513671875,0.002197265625,-0.8115234375,-0.7324218153953552,0.4577636420726776,0.4272460639476776,80.0,8900.0,1.0,O,F,O,0
235621.46875,235740.640625,235959.875,235840.953125,235964.34375,236205.46875,236036.3125,236147.171875,-0.51416015625,0.001953125,-0.8134765625,-0.7934569716453552,0.3967284858226776,0.4272460639476776,80.0,8901.0,1.0,O,F,O,0
235080.8125,235199.90625,235419.140625,235300.40625,235423.515625,235664.375,235495.390625,235606.4375,-0.514404296875,0.00048828125,-0.815673828125,-0.8239745497703552,0.4272460639476776,0.4577636420726776,80.0,8902.0,1.0,O,F,O,0
235710.25,235829.421875,236048.828125,235930.09375,236053.125,236294.25,236125.0,236236.578125,-0.5126953125,0.0,-0.81396484375,-0.7019042372703552,0.5187987685203552,0.3662109076976776,80.0,8903.0,1.0,O,F,O,0
236352.0,236471.0,236690.40625,236571.5,236694.703125,236935.75,236766.5,236878.34375,-0.512451171875,0.0,-0.8115234375,-0.7324218153953552,0.4882812201976776,0.4577636420726776,80.0,8904.0,1.0,O,F,O,0
235824.765625,235943.6875,236162.640625,236043.90625,236167.296875,236408.328125,236239.265625,236350.484375,-0.512939453125,0.00146484375,-0.8115234375,-0.8239745497703552,0.4272460639476776,0.4577636420726776,80.0,8905.0,1.0,O,F,O,0
235138.578125,235257.484375,235476.359375,235357.890625,235480.90625,235722.046875,235553.25,235664.109375,-0.514404296875,0.001953125,-0.812744140625,-0.6408690810203552,0.3662109076976776,0.4882812201976776,80.0,8906.0,1.0,O,F,O,0
235601.796875,235721.15625,235939.578125,235821.46875,235944.21875,236185.4375,236016.375,236127.421875,-0.51513671875,0.000732421875,-0.81298828125,-0.7629393935203552,0.4272460639476776,0.4272460639476776,80.0,8907.0,1.0,O,F,O,0
236369.984375,236489.15625,236707.9375,236589.734375,236712.234375,236953.796875,236784.375,236895.953125,-0.513427734375,0.0009765625,-0.81396484375,-0.6713866591453552,0.3967284858226776,0.3662109076976776,80.0,8908.0,1.0,O,F,O,0
236026.46875,236145.828125,236364.25,236245.875,236369.0,236610.125,236440.703125,236552.453125,-0.513427734375,0.000244140625,-0.811767578125,-0.7629393935203552,0.4577636420726776,0.3967284858226776,80.0,8909.0,1.0,O,F,O,0
235237.09375,235356.453125,235574.796875,235456.328125,235579.890625,235820.578125,235651.328125,235762.640625,-0.5146484375,-0.00048828125,-0.81201171875,-0.7324218153953552,0.4577636420726776,0.4272460639476776,80.0,8910.0,1.0,O,F,O,0
235499.15625,235618.421875,235837.203125,235718.375,235842.03125,236082.625,235913.546875,236024.59375,-0.51513671875,0.000244140625,-0.810546875,-0.7629393935203552,0.4577636420726776,0.4882812201976776,80.0,8911.0,1.0,O,F,O,0
236342.34375,236461.703125,236680.9375,236561.578125,236685.140625,236926.09375,236756.75,236868.421875,-0.511474609375,-0.000244140625,-0.810546875,-0.6408690810203552,0.5187987685203552,0.4272460639476776,80.0,8912.0,1.0,O,F,O,0
236207.25,236326.25,236545.390625,236426.578125,236549.59375,236791.078125,236621.65625,236733.140625,-0.511962890625,0.001220703125,-0.812744140625,-0.6408690810203552,0.5493163466453552,0.4577636420726776,80.0,8913.0,1.0,O,F,O,0
235367.8125,235486.640625,235706.046875,235587.3125,235710.15625,235951.28125,235782.390625,235893.4375,-0.514892578125,0.001220703125,-0.81201171875,-0.6713866591453552,0.5187987685203552,0.4882812201976776,80.0,8914.0,1.0,O,F,O,0
235417.34375,235536.171875,235755.390625,235636.75,235759.859375,236000.8125,235832.015625,235943.140625,-0.51416015625,0.001220703125,-0.811767578125,-0.6713866591453552,0.4882812201976776,0.3662109076976776,80.0,8915.0,1.0,O,F,O,0
236285.046875,236404.3125,236623.453125,236504.796875,236628.09375,236869.046875,236699.625,236810.9375,-0.511962890625,-0.00146484375,-0.80712890625,-0.7324218153953552,0.4882812201976776,0.3356933295726776,80.0,8916.0,1.0,O,F,O,0
236366.84375,236485.484375,236705.078125,236586.4375,236709.546875,236950.5,236780.71875,236892.5625,-0.51416015625,0.000244140625,-0.810302734375,-0.7934569716453552,0.4272460639476776,0.3662109076976776,80.0,8917.0,1.0,O,F,O,0
235532.5,235651.328125,235870.453125,235752.078125,235874.75,236115.875,235946.28125,236057.953125,-0.513916015625,0.000732421875,-0.81005859375,-0.8544921278953552,0.3967284858226776,0.3967284858226776,80.0,8918.0,1.0,O,F,O,0
235366.03125,235484.671875,235703.984375,235585.515625,235708.453125,235949.40625,235780.15625,235891.46875,-0.513671875,0.00048828125,-0.810546875,-0.8544921278953552,0.4272460639476776,0.4577636420726776,80.0,8919.0,1.0,O,F,O,0
236203.328125,236322.5,236541.640625,236423.171875,236546.015625,236787.234375,236617.71875,236729.296875,-0.513671875,0.000244140625,-0.8125,-0.7934569716453552,0.5187987685203552,0.5187987685203552,80.0,8920.0,1.0,O,F,O,0
236499.53125,236619.0625,236837.578125,236719.203125,236841.859375,237083.625,236913.75,237025.78125,-0.512939453125,0.00146484375,-0.81201171875,-0.6408690810203552,0.4272460639476776,0.5187987685203552,80.0,8921.0,1.0,O,F,O,0
235723.5625,235842.75,236061.609375,235943.328125,236065.8125,236307.03125,236137.78125,236249.71875,-0.515625,0.00146484375,-0.811767578125,-0.6713866591453552,0.4272460639476776,0.5493163466453552,80.0,8922.0,1.0,O,F,O,0
235350.734375,235469.734375,235688.78125,235570.40625,235693.171875,235934.03125,235765.140625,235876.359375,-0.514404296875,-0.00048828125,-0.810791015625,-0.8544921278953552,0.4272460639476776,0.4272460639476776,80.0,8923.0,1.0,O,F,O,0
236100.5,236219.421875,236438.640625,236320.171875,236443.015625,236683.96875,236514.640625,236626.125,-0.51318359375,0.0009765625,-0.814453125,-0.8239745497703552,0.3967284858226776,0.4882812201976776,80.0,8924.0,1.0,O,F,O,0
236591.703125,236710.53125,236930.203125,236811.203125,236934.140625,237175.265625,237005.75,237117.78125,-0.51513671875,0.001953125,-0.81396484375,-0.8544921278953552,0.5187987685203552,0.4882812201976776,80.0,8925.0,1.0,O,F,O,0
235927.6875,236046.859375,236266.265625,236147.171875,236270.28125,236511.234375,236342.0,236453.65625,-0.513427734375,0.000732421875,-0.8125,-0.7629393935203552,0.4577636420726776,0.4272460639476776,80.0,8926.0,1.0,O,F,O,0
235375.328125,235494.5,235713.734375,235594.90625,235718.296875,235959.0625,235789.8125,235901.03125,-0.513671875,0.0,-0.811279296875,-0.7324218153953552,0.3967284858226776,0.4577636420726776,80.0,8927.0,1.0,O,F,O,0
235990.625,236109.796875,236328.84375,236209.9375,236333.140625,236574.546875,236405.109375,236516.25,-0.515380859375,-0.000244140625,-0.810302734375,-0.6408690810203552,0.4577636420726776,0.5493163466453552,80.0,8928.0,1.0,O,F,O,0
236643.203125,236762.203125,236981.34375,236862.25,236985.1875,237226.9375,237057.609375,237169.09375,-0.515380859375,0.000244140625,-0.809326171875,-0.7019042372703552,0.4577636420726776,0.5187987685203552,80.0,8929.0,1.0,O,F,O,0
236132.953125,236251.953125,236471.09375,236352.09375,236475.296875,236716.15625,236547.546875,236659.03125,-0.51611328125,0.0009765625,-0.81103515625,-0.7019042372703552,0.5187987685203552,0.4272460639476776,80.0,8930.0,1.0,O,F,O,0
235437.28125,235556.546875,235775.234375,235656.59375,235780.34375,236020.84375,235851.953125,235963.359375,-0.515380859375,0.001220703125,-0.81103515625,-0.7019042372703552,0.4577636420726776,0.4577636420726776,80.0,8931.0,1.0,O,F,O,0
235881.375,236000.453125,236219.59375,236100.6875,236223.890625,236464.84375,236295.765625,236407.265625,-0.5166015625,0.0,-0.81103515625,-0.7324218153953552,0.4577636420726776,0.3967284858226776,80.0,8932.0,1.0,O,F,O,0
236656.34375,236775.53125,236994.578125,236875.65625,236998.515625,237240.0,237070.84375,237182.78125,-0.51513671875,-0.000732421875,-0.8095703125,-0.7629393935203552,0.4577636420726776,0.3967284858226776,80.0,8933.0,1.0,O,F,O,0
236331.984375,236451.421875,236669.9375,236551.390625,236674.234375,236915.8125,236746.46875,236858.59375,-0.513671875,-0.000732421875,-0.8115234375,-0.7019042372703552,0.4577636420726776,0.4272460639476776,80.0,8934.0,1.0,O,F,O,0
235537.859375,235657.21875,235875.5625,235757.359375,235880.296875,236121.421875,235952.453125,236063.84375,-0.51513671875,0.000732421875,-0.80810546875,-0.7019042372703552,0.4882812201976776,0.4882812201976776,80.0,8935.0,1.0,O,F,O,0
235782.125,235901.03125,236120.171875,236001.265625,236124.375,236365.328125,236196.53125,236307.921875,-0.514404296875,0.00244140625,-0.811767578125,-0.7934569716453552,0.4882812201976776,0.5493163466453552,80.0,8936.0,1.0,O,F,O,0
236629.96875,236748.703125,236967.84375,236848.75,236972.140625,237213.625,237044.375,237156.046875,-0.51416015625,0.002685546875,-0.812744140625,-0.7629393935203552,0.5187987685203552,0.4882812201976776,80.0,8937.0,1.0,O,F,O,0
236513.5625,236632.46875,236851.515625,236732.34375,236855.453125,237097.75,236928.140625,237039.28125,-0.51416015625,0.000732421875,-0.813232421875,-0.8239745497703552,0.4272460639476776,0.4272460639476776,80.0,8938.0,1.0,O,F,O,0
235670.8125,235789.71875,236008.765625,235889.765625,236013.0625,236254.640625,236085.390625,236196.609375,-0.513916015625,0.001220703125,-0.81494140625,-0.7629393935203552,0.3662109076976776,0.4272460639476776,80.0,8939.0,1.0,O,F,O,0
235701.921875,235820.65625,236039.703125,235920.4375,236044.09375,236285.3125,236116.15625,236227.375,-0.51318359375,0.00146484375,-0.8134765625,-0.7629393935203552,0.4577636420726776,0.4272460639476776,80.0,8940.0,1.0,O,F,O,0
236569.71875,236689.15625,236908.03125,236788.671875,236912.046875,237153.625,236984.203125,237095.78125,-0.511962890625,0.000244140625,-0.8134765625,-0.7324218153953552,0.4272460639476776,0.4577636420726776,80.0,8941.0,1.0,O,F,O,0
236673.421875,236792.96875,237011.5625,236892.375,237016.125,237257.609375,237088.0,237199.765625,-0.514892578125,-0.0009765625,-0.8134765625,-0.7019042372703552,0.5187987685203552,0.3356933295726776,80.0,8942.0,1.0,O,F,O,0
235843.1875,235962.453125,236181.234375,236062.0625,236185.625,236426.921875,236257.953125,236369.171875,-0.515869140625,-0.00048828125,-0.810302734375,-0.7324218153953552,0.5798339247703552,0.3967284858226776,80.0,8943.0,1.0,O,F,O,0
235656.953125,235775.875,235994.46875,235875.734375,235998.765625,236239.984375,236071.265625,236182.40625,-0.514404296875,0.0009765625,-0.812744140625,-0.7629393935203552,0.5187987685203552,0.4882812201976776,80.0,8944.0,1.0,O,F,O,0
236483.96875,236602.875,236821.75,236702.65625,236826.484375,237067.34375,236898.28125,237009.5,-0.513427734375,-0.000732421875,-0.811767578125,-0.7019042372703552,0.4882812201976776,0.3662109076976776,80.0,8945.0,1.0,O,F,O,0
236796.53125,236915.453125,237134.671875,237015.671875,237138.96875,237380.359375,237211.125,237322.421875,-0.513427734375,-0.000244140625,-0.81298828125,-0.7934569716453552,0.4577636420726776,0.3967284858226776,80.0,8946.0,1.0,O,F,O,0
236027.546875,236146.8125,236365.953125,236247.125,236370.25,236611.203125,236442.21875,236553.265625,-0.51416015625,0.000732421875,-0.811279296875,-0.7324218153953552,0.4577636420726776,0.4272460639476776,80.0,8947.0,1.0,O,F,O,0
235637.109375,235756.90625,235975.6875,235857.3125,235980.34375,236221.203125,236051.78125,236163.0,-0.51513671875,0.0009765625,-0.81298828125,-0.7019042372703552,0.4882812201976776,0.3967284858226776,80.0,8948.0,1.0,O,F,O,0
236376.328125,236495.765625,236714.8125,236595.8125,236719.203125,236960.328125,236791.078125,236902.578125,-0.513427734375,0.000732421875,-0.8115234375,-0.7324218153953552,0.3967284858226776,0.4272460639476776,80.0,8949.0,1.0,O,F,O,0
236884.15625,237003.515625,237221.9375,237103.203125,237226.578125,237468.4375,237298.734375,237410.765625,-0.514404296875,0.001220703125,-0.810791015625,-0.7324218153953552,0.3967284858226776,0.4577636420726776,80.0,8950.0,1.0,O,F,O,0
236233.625,236353.078125,236571.328125,236452.953125,236575.796875,236817.546875,236648.125,236759.796875,-0.51708984375,0.000732421875,-0.8134765625,-0.7324218153953552,0.4882812201976776,0.5187987685203552,80.0,8951.0,1.0,O,F,O,0
235665.0,235784.359375,236003.3125,235884.3125,236007.875,236248.828125,236079.765625,236190.984375,-0.51611328125,0.001953125,-0.812255859375,-0.8239745497703552,0.3967284858226776,0.5798339247703552,80.0,8952.0,1.0,O,F,O,0
236265.1875,236384.546875,236603.515625,236484.5,236607.796875,236848.75,236680.125,236791.359375,-0.515625,0.0009765625,-0.81298828125,-0.7019042372703552,0.4272460639476776,0.5187987685203552,80.0,8953.0,1.0,O,F,O,0
236930.5625,237049.921875,237268.703125,237149.703125,237273.25,237514.390625,237345.046875,237456.8125,-0.513427734375,0.00048828125,-0.812744140625,-0.7629393935203552,0.4577636420726776,0.5187987685203552,80.0,8954.0,1.0,O,F,O,0
236436.9375,236555.9375,236774.984375,236656.265625,236779.46875,237020.6875,236851.34375,236962.828125,-0.51513671875,0.002197265625,-0.813232421875,-0.7019042372703552,0.4272460639476776,0.5187987685203552,80.0,8955.0,1.0,O,F,O,0
235730.1875,235849.265625,236068.046875,235949.578125,236072.34375,236313.296875,236144.671875,236255.453125,-0.514404296875,0.00244140625,-0.811279296875,-0.7019042372703552,0.5187987685203552,0.4272460639476776,80.0,8956.0,1.0,O,F,O,0
236155.765625,236275.03125,236493.890625,236375.25,236498.1875,236739.3125,236570.609375,236681.65625,-0.513671875,0.00048828125,-0.81103515625,-0.5798339247703552,0.4882812201976776,0.3967284858226776,80.0,8957.0,1.0,O,F,O,0
236937.796875,237056.890625,237275.671875,237156.9375,237280.140625,237521.453125,237352.375,237463.6875,-0.5146484375,0.000244140625,-0.81005859375,-0.6103515028953552,0.4577636420726776,0.4577636420726776,80.0,8958.0,1.0,O,F,O,0
236632.203125,236751.5625,236969.984375,236851.4375,236974.640625,237216.03125,237046.609375,237157.921875,-0.513916015625,0.00146484375,-0.80859375,-0.6713866591453552,0.4272460639476776,0.4577636420726776,80.0,8959.0,1.0,O,F,O,0
235831.65625,235950.65625,236169.796875,236051.15625,236174.4375,236415.21875,236246.5,236357.109375,-0.514404296875,0.0009765625,-0.81396484375,-0.7934569716453552,0.3662109076976776,0.4577636420726776,80.0,8960.0,1.0,O,F,O,0
236055.265625,236174.4375,236393.484375,236274.578125,236397.96875,236638.734375,236469.9375,236580.890625,-0.513427734375,0.002685546875,-0.815185546875,-0.7019042372703552,0.4882812201976776,0.4577636420726776,80.0,8961.0,1.0,O,F,O,0
236905.53125,237024.703125,237243.296875,237124.390625,237247.859375,237489.0,237319.921875,237431.421875,-0.512939453125,0.00244140625,-0.813720703125,-0.7324218153953552,0.4882812201976776,0.3662109076976776,80.0,8962.0,1.0,O,F,O,0
236812.546875,236932.171875,237150.765625,237031.671875,237155.234375,237396.375,237227.21875,237338.609375,-0.5126953125,-0.00048828125,-0.80908203125,-0.7934569716453552,0.4272460639476776,0.4577636420726776,80.0,8963.0,1.0,O,F,O,0
235971.40625,236090.9375,236309.625,236190.8125,236313.921875,236555.140625,236386.0625,236497.203125,-0.51220703125,0.000732421875,-0.809814453125,-0.6713866591453552,0.4577636420726776,0.4272460639476776,80.0,8964.0,1.0,O,F,O,0
235981.328125,236101.125,236319.640625,236200.8125,236324.109375,236565.328125,236395.8125,236507.03125,-0.513671875,0.000244140625,-0.81005859375,-0.7324218153953552,0.4577636420726776,0.5798339247703552,80.0,8965.0,1.0,O,F,O,0
236847.140625,236967.21875,237185.546875,237066.640625,237190.203125,237431.421875,237261.90625,237373.484375,-0.514404296875,0.00146484375,-0.8125,-0.7324218153953552,0.4272460639476776,0.5798339247703552,80.0,8966.0,1.0,O,F,O,0
236967.578125,237087.5625,237306.0625,237186.984375,237310.625,237551.578125,237382.59375,237494.09375,-0.51318359375,0.0009765625,-0.814453125,-0.7934569716453552,0.3967284858226776,0.4882812201976776,80.0,8967.0,1.0,O,F,O,0
236138.953125,236259.109375,236477.53125,236358.4375,236482.0,236722.78125,236554.15625,236665.109375,-0.514404296875,0.000732421875,-0.81689453125,-0.8239745497703552,0.3967284858226776,0.4882812201976776,80.0,8968.0,1.0,O,F,O,0
235933.671875,236053.46875,236272.171875,236152.984375,236276.71875,236517.046875,236348.15625,236459.390625,-0.5126953125,0.000244140625,-0.815673828125,-0.7019042372703552,0.4272460639476776,0.3967284858226776,80.0,8969.0,1.0,O,F,O,0
236758.265625,236877.71875,237096.671875,236977.765625,237101.328125,237342.015625,237172.671875,237284.515625,-0.512939453125,-0.000244140625,-0.814208984375,-0.7934569716453552,0.4272460639476776,0.3662109076976776,80.0,8970.0,1.0,O,F,O,0
237088.8125,237208.703125,237427.21875,237308.390625,237431.6875,237672.640625,237503.296875,237614.96875,-0.514404296875,0.0,-0.811279296875,-0.7629393935203552,0.4577636420726776,0.4577636420726776,80.0,8971.0,1.0,O,F,O,0
236329.296875,236449.109375,236667.703125,236548.4375,236672.171875,236912.765625,236743.78125,236855.09375,-0.514404296875,0.001708984375,-0.811767578125,-0.7629393935203552,0.5187987685203552,0.4577636420726776,80.0,8972.0,1.0,O,F,O,0
235922.3125,236042.03125,236260.8125,236141.546875,236265.1875,236506.046875,236336.890625,236448.203125,-0.513671875,0.000244140625,-0.8125,-0.7019042372703552,0.4882812201976776,0.4882812201976776,80.0,8973.0,1.0,O,F,O,0
236651.515625,236770.609375,236989.828125,236870.75,236993.953125,237234.71875,237065.65625,237177.40625,-0.513916015625,0.002197265625,-0.81103515625,-0.7934569716453552,0.4882812201976776,0.4577636420726776,80.0,8974.0,1.0,O,F,O,0
237172.40625,237291.765625,237510.8125,237391.625,237514.5625,237756.046875,237586.890625,237698.5625,-0.513671875,0.003662109375,-0.810546875,-0.7934569716453552,0.4272460639476776,0.3967284858226776,80.0,8975.0,1.0,O,F,O,0
236531.265625,236650.265625,236869.40625,236750.5,236873.703125,237114.828125,236945.765625,237057.0625,-0.513671875,0.004150390625,-0.811279296875,-0.7629393935203552,0.3967284858226776,0.3662109076976776,80.0,8976.0,1.0,O,F,O,0
235948.515625,236067.6875,236286.921875,236168.09375,236291.125,236532.078125,236363.359375,236474.578125,-0.513427734375,0.00244140625,-0.81201171875,-0.7324218153953552,0.3967284858226776,0.4577636420726776,80.0,8977.0,1.0,O,F,O,0
236536.359375,236656.171875,236875.21875,236756.390625,236879.234375,237120.546875,236951.296875,237062.96875,-0.51416015625,0.001708984375,-0.812744140625,-0.7629393935203552,0.4577636420726776,0.5187987685203552,80.0,8978.0,1.0,O,F,O,0
237215.40625,237335.03125,237553.71875,237435.171875,237558.28125,237799.859375,237629.984375,237741.84375,-0.513671875,-0.00048828125,-0.813232421875,-0.6408690810203552,0.5493163466453552,0.4272460639476776,80.0,8979.0,1.0,O,F,O,0
236735.921875,236855.71875,237074.59375,236955.328125,237078.796875,237320.015625,237150.671875,237262.078125,-0.513671875,0.0,-0.814697265625,-0.7629393935203552,0.3662109076976776,0.4577636420726776,80.0,8980.0,1.0,O,F,O,0
236019.859375,236139.390625,236358.359375,236238.90625,236362.28125,236603.421875,236434.4375,236545.484375,-0.5126953125,-0.000244140625,-0.8115234375,-0.7629393935203552,0.4577636420726776,0.4272460639476776,80.0,8981.0,1.0,O,F,O,0
236429.078125,236548.4375,236767.21875,236648.03125,236771.59375,237012.453125,236843.203125,236954.609375,-0.51416015625,0.000244140625,-0.8154296875,-0.6713866591453552,0.4882812201976776,0.3967284858226776,80.0,8982.0,1.0,O,F,O,0
237218.8125,237338.515625,237557.484375,237438.21875,237561.328125,237802.8125,237633.296875,237744.875,-0.511962890625,-0.0009765625,-0.812255859375,-0.7629393935203552,0.4577636420726776,0.4272460639476776,80.0,8983.0,1.0,O,F,O,0
236933.6875,237053.5,237272.546875,237153.359375,237276.5625,237518.140625,237348.625,237460.109375,-0.5146484375,0.0,-0.810546875,-0.7324218153953552,0.5493163466453552,0.3967284858226776,80.0,8984.0,1.0,O,F,O,0
236125.71875,236245.4375,236464.390625,236345.03125,236468.5,236709.984375,236540.46875,236651.875,-0.514404296875,0.00146484375,-0.812255859375,-0.7629393935203552,0.6103515028953552,0.3967284858226776,80.0,8985.0,1.0,O,F,O,0
236329.828125,236449.453125,236668.328125,236549.0625,236672.625,236913.84375,236744.59375,236855.90625,-0.514404296875,0.00146484375,-0.81103515625,-0.8239745497703552,0.5493163466453552,0.5798339247703552,80.0,8986.0,1.0,O,F,O,0
237184.03125,237303.65625,237522.4375,237403.515625,237526.90625,237768.125,237598.515625,237710.546875,-0.511962890625,0.000244140625,-0.80908203125,-0.7629393935203552,0.5187987685203552,0.5187987685203552,80.0,8987.0,1.0,O,F,O,0
237111.25,237230.96875,237449.828125,237330.65625,237454.03125,237695.171875,237525.65625,237637.671875,-0.5107421875,0.001708984375,-0.81103515625,-0.7324218153953552,0.3662109076976776,0.4882812201976776,80.0,8988.0,1.0,O,F,O,0
236268.765625,236388.3125,236607.0,236487.90625,236611.203125,236852.78125,236683.609375,236794.75,-0.511474609375,0.0009765625,-0.808837890625,-0.7019042372703552,0.3662109076976776,0.4577636420726776,80.0,8989.0,1.0,O,F,O,0
236257.765625,236377.21875,236596.171875,236477.09375,236600.203125,236841.6875,236672.625,236783.65625,-0.512939453125,0.00146484375,-0.812744140625,-0.7324218153953552,0.3356933295726776,0.3967284858226776,80.0,8990.0,1.0,O,F,O,0
237120.8125,237240.359375,237459.40625,237340.40625,237463.25,237704.828125,237535.671875,237647.25,-0.512939453125,0.002685546875,-0.813720703125,-0.7629393935203552,0.4272460639476776,0.4272460639476776,80.0,8991.0,1.0,O,F,O,0
237260.296875,237379.5625,237599.0625,237479.609375,237602.90625,237845.015625,237675.140625,237786.90625,-0.51318359375,0.002197265625,-0.814697265625,-0.7629393935203552,0.4272460639476776,0.4882812201976776,80.0,8992.0,1.0,O,F,O,0
236436.671875,236556.03125,236775.265625,236656.34375,236779.46875,237021.125,236851.34375,236963.109375,-0.515380859375,0.001953125,-0.812255859375,-0.8544921278953552,0.4272460639476776,0.4577636420726776,80.0,8993.0,1.0,O,F,O,0
236213.78125,236333.234375,236552.09375,236433.546875,236556.65625,236797.703125,236628.28125,236739.671875,-0.5146484375,0.001708984375,-0.8115234375,-0.7629393935203552,0.4577636420726776,0.4882812201976776,80.0,8994.0,1.0,O,F,O,0
237030.15625,237149.875,237368.65625,237249.5625,237372.671875,237614.34375,237444.5625,237556.5,-0.513916015625,0.000732421875,-0.81201171875,-0.7629393935203552,0.4882812201976776,0.4272460639476776,80.0,8995.0,1.0,O,F,O,0
237376.875,237496.765625,237715.640625,237596.28125,237719.671875,237961.15625,237791.546875,237903.484375,-0.513916015625,-0.00048828125,-0.814208984375,-0.7324218153953552,0.4882812201976776,0.3662109076976776,80.0,8996.0,1.0,O,F,O,0
236628.09375,236747.546875,236966.59375,236847.40625,236970.96875,237212.375,237042.765625,237154.4375,-0.514404296875,0.001708984375,-0.8125,-0.7934569716453552,0.4577636420726776,0.4577636420726776,80.0,8997.0,1.0,O,F,O,0
236203.40625,236322.765625,236541.90625,236423.0,236546.28125,236787.5,236618.078125,236729.65625,-0.514404296875,0.00244140625,-0.810546875,-0.7629393935203552,0.4577636420726776,0.5187987685203552,80.0,8998.0,1.0,O,F,O,0
236919.828125,237039.015625,237258.0625,237138.78125,237262.34375,237503.484375,237334.5,237445.90625,-0.5146484375,0.00244140625,-0.8125,-0.8544921278953552,0.3967284858226776,0.4272460639476776,80.0,8999.0,1.0,O,F,O,0
237455.46875,237574.734375,237794.046875,237674.609375,237797.984375,238040.09375,237870.3125,237982.078125,-0.513916015625,0.0,-0.811279296875,-0.8544921278953552,0.3967284858226776,0.3662109076976776,80.0,9000.0,1.0,O,F,O,0
236830.421875,236949.515625,237168.734375,237049.296875,237172.9375,237414.421875,237244.640625,237356.21875,-0.51220703125,0.000244140625,-0.8125,-0.7324218153953552,0.4272460639476776,0.3662109076976776,80.0,9001.0,1.0,O,M,O,0
236235.953125,236354.78125,236573.921875,236455.0,236578.390625,236819.25,236650.09375,236761.125,-0.513916015625,0.0009765625,-0.8115234375,-0.7934569716453552,0.4272460639476776,0.4577636420726776,80.0,9002.0,1.0,O,M,O,0
236806.546875,236925.640625,237144.78125,237025.59375,237148.984375,237390.296875,237220.78125,237332.53125,-0.51513671875,0.00146484375,-0.8134765625,-0.7934569716453552,0.4272460639476776,0.4272460639476776,80.0,9003.0,1.0,O,M,O,0
237495.875,237615.140625,237834.46875,237715.109375,237838.671875,238079.96875,237910.28125,238022.390625,-0.513916015625,0.00146484375,-0.81103515625,-0.7324218153953552,0.4577636420726776,0.4272460639476776,80.0,9004.0,1.0,O,M,O,0
237034.546875,237153.8125,237373.21875,237253.9375,237377.234375,237618.640625,237449.296875,237561.140625,-0.513671875,0.002197265625,-0.80810546875,-0.7629393935203552,0.5187987685203552,0.4882812201976776,80.0,9005.0,1.0,O,M,O,0
236308.46875,236427.203125,236646.6875,236527.421875,236650.984375,236891.9375,236722.953125,236834.625,-0.5146484375,0.001953125,-0.806884765625,-0.7324218153953552,0.4882812201976776,0.4272460639476776,80.0,9006.0,1.0,O,M,O,0
236697.296875,236816.75,237035.96875,236916.609375,237040.34375,237281.03125,237111.875,237223.640625,-0.513671875,0.001220703125,-0.808837890625,-0.7629393935203552,0.4882812201976776,0.3967284858226776,80.0,9007.0,1.0,O,M,O,0
237493.90625,237613.71875,237832.671875,237713.5,237836.78125,238078.1875,237908.84375,238020.4375,-0.513916015625,0.0,-0.808837890625,-0.7934569716453552,0.4272460639476776,0.3662109076976776,80.0,9008.0,1.0,O,M,O,0
237230.609375,237350.140625,237569.015625,237449.828125,237573.3125,237814.53125,237645.1875,237757.125,-0.513916015625,-0.000732421875,-0.810791015625,-0.8239745497703552,0.3662109076976776,0.3051757514476776,80.0,9009.0,1.0,O,M,O,0
236420.765625,236540.296875,236759.34375,236639.890625,236763.453125,237004.5,236835.609375,236947.015625,-0.512939453125,0.001220703125,-0.812744140625,-0.7629393935203552,0.4272460639476776,0.3662109076976776,80.0,9010.0,1.0,O,M,O,0
236603.953125,236723.671875,236942.71875,236823.265625,236946.65625,237187.875,237018.71875,237130.46875,-0.51318359375,0.000244140625,-0.810791015625,-0.7934569716453552,0.3967284858226776,0.5798339247703552,80.0,9011.0,1.0,O,M,O,0
237458.328125,237578.3125,237797.265625,237678.0,237801.296875,238042.875,237873.265625,237985.5625,-0.515625,0.00146484375,-0.81298828125,-0.6713866591453552,0.4577636420726776,0.4882812201976776,80.0,9012.0,1.0,O,M,O,0
237405.671875,237525.390625,237744.4375,237625.4375,237748.71875,237990.03125,237820.34375,237932.453125,-0.513671875,0.0009765625,-0.81298828125,-0.7019042372703552,0.4577636420726776,0.5187987685203552,80.0,9013.0,1.0,O,M,O,0
236564.96875,236684.515625,236903.734375,236784.828125,236907.578125,237148.890625,236979.46875,237091.40625,-0.513671875,0.0009765625,-0.810546875,-0.7324218153953552,0.4577636420726776,0.4882812201976776,80.0,9014.0,1.0,O,M,O,0
236534.578125,236654.015625,236873.15625,236754.515625,236877.0,237118.5,236949.0625,237060.921875,-0.513427734375,0.001220703125,-0.8125,-0.6713866591453552,0.3967284858226776,0.3967284858226776,80.0,9015.0,1.0,O,M,O,0
237391.90625,237511.34375,237730.484375,237611.65625,237734.59375,237976.078125,237806.5625,237918.328125,-0.514892578125,0.001708984375,-0.810546875,-0.7629393935203552,0.4577636420726776,0.3967284858226776,80.0,9016.0,1.0,O,M,O,0
237552.03125,237671.5625,237890.875,237771.4375,237894.546875,238136.03125,237966.703125,238078.546875,-0.515380859375,0.00146484375,-0.809814453125,-0.7324218153953552,0.5493163466453552,0.4577636420726776,80.0,9017.0,1.0,O,M,O,0
236735.390625,236855.015625,237074.140625,236954.875,237077.90625,237319.390625,237150.140625,237261.8125,-0.512451171875,-0.000732421875,-0.81201171875,-0.7019042372703552,0.4882812201976776,0.4882812201976776,80.0,9018.0,1.0,O,M,O,0
236491.21875,236610.84375,236829.625,236710.4375,236833.90625,237075.21875,236905.875,237017.546875,-0.51513671875,-0.000732421875,-0.8115234375,-0.7019042372703552,0.4577636420726776,0.4882812201976776,80.0,9019.0,1.0,O,M,O,0
237297.84375,237417.734375,237636.34375,237517.0625,237640.453125,237881.84375,237712.515625,237824.453125,-0.515380859375,0.000244140625,-0.80859375,-0.7019042372703552,0.3967284858226776,0.4272460639476776,80.0,9020.0,1.0,O,M,O,0
237663.78125,237783.5,238002.375,237883.015625,238005.953125,238247.703125,238078.546875,238190.390625,-0.51513671875,-0.000244140625,-0.811767578125,-0.7019042372703552,0.3356933295726776,0.4577636420726776,80.0,9021.0,1.0,O,M,O,0
236926.09375,237045.453125,237264.5,237145.21875,237268.34375,237509.921875,237340.3125,237452.0625,-0.515380859375,-0.001220703125,-0.80810546875,-0.6713866591453552,0.4272460639476776,0.4882812201976776,80.0,9022.0,1.0,O,M,O,0
236486.5625,236605.828125,236824.875,236705.875,236828.71875,237070.296875,236900.875,237012.453125,-0.514404296875,-0.000732421875,-0.8125,-0.7934569716453552,0.4272460639476776,0.5187987685203552,80.0,9023.0,1.0,O,M,O,0
237188.9375,237308.484375,237527.625,237408.265625,237530.921875,237772.953125,237603.53125,237715.546875,-0.513671875,-0.000732421875,-0.813232421875,-0.6713866591453552,0.3967284858226776,0.3967284858226776,80.0,9024.0,1.0,O,M,O,0
237739.0625,237858.875,238077.734375,237958.65625,238081.5,238323.078125,238153.734375,238265.671875,-0.512939453125,-0.000244140625,-0.8115234375,-0.7629393935203552,0.3967284858226776,0.4577636420726776,80.0,9025.0,1.0,O,M,O,0
237127.796875,237247.59375,237466.375,237347.640625,237470.484375,237711.96875,237543.0,237654.3125,-0.513671875,0.00048828125,-0.813720703125,-0.7629393935203552,0.4577636420726776,0.3967284858226776,80.0,9026.0,1.0,O,M,O,0
236521.609375,236641.328125,236860.015625,236741.28125,236864.3125,237105.625,236936.453125,237047.953125,-0.513916015625,0.00048828125,-0.8134765625,-0.7629393935203552,0.3967284858226776,0.4882812201976776,80.0,9027.0,1.0,O,M,O,0
237078.4375,237198.15625,237416.75,237297.84375,237421.046875,237662.71875,237493.375,237605.140625,-0.513916015625,0.0,-0.813232421875,-0.7324218153953552,0.4577636420726776,0.4272460639476776,80.0,9028.0,1.0,O,M,O,0
237777.328125,237897.046875,238115.640625,237996.46875,238119.671875,238361.515625,238191.734375,238303.84375,-0.513916015625,0.001220703125,-0.813232421875,-0.7324218153953552,0.4882812201976776,0.5493163466453552,80.0,9029.0,1.0,O,M,O,0
237331.1875,237450.546875,237669.421875,237550.234375,237673.796875,237915.375,237745.765625,237857.625,-0.513916015625,-0.000732421875,-0.8115234375,-0.7934569716453552,0.4577636420726776,0.4882812201976776,80.0,9030.0,1.0,O,M,O,0
236594.75,236714.015625,236932.796875,236813.875,236937.796875,237178.578125,237009.5,237120.90625,-0.51318359375,0.00146484375,-0.81103515625,-0.8239745497703552,0.4577636420726776,0.5493163466453552,80.0,9031.0,1.0,O,M,O,0
236965.96875,237085.328125,237304.28125,237185.453125,237308.84375,237549.875,237380.640625,237492.484375,-0.51220703125,0.000732421875,-0.81298828125,-0.7324218153953552,0.4577636420726776,0.3967284858226776,80.0,9032.0,1.0,O,M,O,0
237769.46875,237889.1875,238108.140625,237989.140625,238111.984375,238353.921875,238184.484375,238296.25,-0.510986328125,-0.001220703125,-0.812255859375,-0.7019042372703552,0.5187987685203552,0.4272460639476776,80.0,9033.0,1.0,O,M,O,0
237520.46875,237640.265625,237859.140625,237740.234375,237863.34375,238104.828125,237935.40625,238047.25,-0.5126953125,-0.00048828125,-0.814208984375,-0.7019042372703552,0.4882812201976776,0.3662109076976776,80.0,9034.0,1.0,O,M,O,0
236705.703125,236825.421875,237044.46875,236925.46875,237048.578125,237289.703125,237120.546875,237232.125,-0.513916015625,0.0,-0.814208984375,-0.8239745497703552,0.4272460639476776,0.3967284858226776,80.0,9035.0,1.0,O,M,O,0
236872.265625,236991.625,237210.671875,237092.03125,237214.96875,237456.09375,237286.84375,237398.421875,-0.513427734375,-0.000244140625,-0.814208984375,-0.8239745497703552,0.4577636420726776,0.4577636420726776,80.0,9036.0,1.0,O,M,O,0
237727.71875,237847.421875,238065.84375,237947.203125,238070.140625,238311.453125,238141.84375,238254.234375,-0.513916015625,0.000732421875,-0.81298828125,-0.8239745497703552,0.4882812201976776,0.4577636420726776,80.0,9037.0,1.0,O,M,O,0
237690.609375,237810.765625,238029.1875,237910.453125,238033.390625,238274.703125,238105.359375,238217.390625,-0.514404296875,0.0009765625,-0.813232421875,-0.7934569716453552,0.4882812201976776,0.5187987685203552,80.0,9038.0,1.0,O,M,O,0
236849.90625,236969.625,237188.59375,237069.765625,237192.609375,237434.015625,237264.578125,237376.515625,-0.514404296875,0.000732421875,-0.81201171875,-0.7629393935203552,0.5187987685203552,0.4577636420726776,80.0,9039.0,1.0,O,M,O,0
236800.921875,236920.359375,237139.40625,237020.6875,237143.4375,237385.1875,237215.59375,237327.078125,-0.513427734375,0.000244140625,-0.810546875,-0.7324218153953552,0.4272460639476776,0.4577636420726776,80.0,9040.0,1.0,O,M,O,0
237655.46875,237775.453125,237994.328125,237875.40625,237998.25,238239.921875,238070.3125,238182.25,-0.513671875,0.000732421875,-0.814453125,-0.7324218153953552,0.4882812201976776,0.4272460639476776,80.0,9041.0,1.0,O,M,O,0
237834.734375,237954.359375,238173.3125,238054.671875,238177.421875,238418.828125,238249.40625,238361.421875,-0.51416015625,0.001220703125,-0.8115234375,-0.8239745497703552,0.4577636420726776,0.4577636420726776,80.0,9042.0,1.0,O,M,O,0
237023.90625,237143.265625,237362.484375,237243.65625,237366.6875,237607.640625,237438.390625,237550.421875,-0.51416015625,0.0009765625,-0.80810546875,-0.7629393935203552,0.4882812201976776,0.4577636420726776,80.0,9043.0,1.0,O,M,O,0
236763.90625,236883.359375,237102.21875,236983.84375,237106.6875,237348.09375,237178.3125,237290.25,-0.51416015625,0.0,-0.81005859375,-0.7019042372703552,0.4882812201976776,0.4272460639476776,80.0,9044.0,1.0,O,M,O,0
237561.859375,237681.046875,237900.265625,237781.625,237904.203125,238146.578125,237976.265625,238088.375,-0.51513671875,0.0,-0.8125,-0.7324218153953552,0.5187987685203552,0.4272460639476776,80.0,9045.0,1.0,O,M,O,0
237946.046875,238065.40625,238284.625,238165.53125,238288.65625,238530.40625,238360.265625,238472.734375,-0.514892578125,-0.00048828125,-0.8134765625,-0.8239745497703552,0.5187987685203552,0.3967284858226776,80.0,9046.0,1.0,O,M,O,0
237216.84375,237336.28125,237555.328125,237436.25,237559.171875,237800.75,237631.328125,237743.09375,-0.512451171875,0.001220703125,-0.812255859375,-0.7019042372703552,0.4882812201976776,0.3356933295726776,80.0,9047.0,1.0,O,M,O,0
236761.40625,236880.9375,237099.625,236980.71875,237103.734375,237344.875,237175.71875,237287.296875,-0.51318359375,0.001953125,-0.8134765625,-0.6713866591453552,0.4272460639476776,0.3356933295726776,80.0,9048.0,1.0,O,M,O,0
237451.359375,237570.796875,237789.765625,237670.765625,237793.875,238034.828125,237865.75,237977.78125,-0.5126953125,-0.000244140625,-0.812255859375,-0.7324218153953552,0.3662109076976776,0.4272460639476776,80.0,9049.0,1.0,O,M,O,0
238017.21875,238136.5625,238355.890625,238236.703125,238359.734375,238600.953125,238431.4375,238543.734375,-0.512451171875,0.0009765625,-0.815185546875,-0.7629393935203552,0.4272460639476776,0.4577636420726776,80.0,9050.0,1.0,O,M,O,0
237418.984375,237538.34375,237757.578125,237638.21875,237761.6875,238002.640625,237833.296875,237945.234375,-0.513916015625,0.001220703125,-0.81298828125,-0.7324218153953552,0.3967284858226776,0.5187987685203552,80.0,9051.0,1.0,O,M,O,0
236797.15625,236916.609375,237135.484375,237016.65625,237139.953125,237380.8125,237211.390625,237322.703125,-0.51416015625,0.000732421875,-0.8076171875,-0.7629393935203552,0.3356933295726776,0.4577636420726776,80.0,9052.0,1.0,O,M,O,0
237336.109375,237455.734375,237674.421875,237555.953125,237678.890625,237919.9375,237750.515625,237862.0,-0.51416015625,0.002197265625,-0.808349609375,-0.7629393935203552,0.5493163466453552,0.3967284858226776,80.0,9053.0,1.0,O,M,O,0
238044.84375,238164.546875,238383.25,238264.59375,238387.71875,238628.9375,238459.421875,238571.171875,-0.513427734375,0.00146484375,-0.810791015625,-0.7324218153953552,0.3662109076976776,0.4577636420726776,80.0,9054.0,1.0,O,M,O,0
237615.953125,237735.484375,237954.265625,237835.71875,237958.5625,238199.875,238030.265625,238142.109375,-0.514892578125,0.000732421875,-0.81298828125,-0.6713866591453552,0.3662109076976776,0.4272460639476776,80.0,9055.0,1.0,O,M,O,0
236871.8125,236990.734375,237210.046875,237091.40625,237214.15625,237455.5625,237285.765625,237397.796875,-0.515625,-0.000244140625,-0.81201171875,-0.6713866591453552,0.4882812201976776,0.4882812201976776,80.0,9056.0,1.0,O,M,O,0
237224.34375,237343.703125,237562.75,237444.375,237567.140625,237808.53125,237638.9375,237751.046875,-0.514404296875,0.000732421875,-0.812744140625,-0.7629393935203552,0.5798339247703552,0.4577636420726776,80.0,9057.0,1.0,O,M,O,0
238035.265625,238154.984375,238374.03125,238254.9375,238377.96875,238619.8125,238449.859375,238562.234375,-0.515380859375,0.00244140625,-0.81298828125,-0.7629393935203552,0.5798339247703552,0.4577636420726776,80.0,9058.0,1.0,O,M,O,0
237804.953125,237924.5,238143.359375,238024.453125,238147.203125,238388.96875,238219.09375,238331.75,-0.51513671875,0.001953125,-0.812255859375,-0.7324218153953552,0.6103515028953552,0.4577636420726776,80.0,9059.0,1.0,O,M,O,0
236985.546875,237104.546875,237323.6875,237204.59375,237327.609375,237568.75,237399.5,237511.796875,-0.515380859375,0.001220703125,-0.808837890625,-0.7629393935203552,0.4882812201976776,0.4577636420726776,80.0,9060.0,1.0,O,M,O,0
237131.90625,237250.90625,237470.046875,237350.59375,237474.0625,237715.109375,237546.03125,237657.890625,-0.5146484375,0.0009765625,-0.811767578125,-0.8239745497703552,0.5187987685203552,0.4577636420726776,80.0,9061.0,1.0,O,M,O,0
237989.40625,238108.9375,238327.625,238208.453125,238331.65625,238573.40625,238403.71875,238515.65625,-0.513916015625,0.000732421875,-0.808349609375,-0.7934569716453552,0.3967284858226776,0.5187987685203552,80.0,9062.0,1.0,O,M,O,0
237973.21875,238092.9375,238312.171875,238192.890625,238315.921875,238557.859375,238387.71875,238499.921875,-0.513916015625,-0.000732421875,-0.8095703125,-0.7629393935203552,0.4882812201976776,0.4882812201976776,80.0,9063.0,1.0,O,M,O,0
237134.40625,237253.59375,237472.640625,237353.546875,237476.65625,237718.140625,237548.453125,237660.203125,-0.51416015625,0.000732421875,-0.811767578125,-0.8239745497703552,0.4577636420726776,0.5187987685203552,80.0,9064.0,1.0,O,M,O,0
237065.5625,237184.921875,237403.609375,237284.875,237407.984375,237649.390625,237479.78125,237591.640625,-0.51416015625,-0.00048828125,-0.814697265625,-0.7629393935203552,0.4577636420726776,0.4882812201976776,80.0,9065.0,1.0,O,M,O,0
237916.1875,238035.265625,238254.234375,238135.59375,238258.25,238500.015625,238330.765625,238442.4375,-0.51416015625,0.0,-0.8125,-0.8239745497703552,0.4882812201976776,0.4577636420726776,80.0,9066.0,1.0,O,M,O,0
238115.296875,238234.375,238453.609375,238334.78125,238457.453125,238699.296875,238529.875,238641.8125,-0.513427734375,0.00146484375,-0.8125,-0.7934569716453552,0.4882812201976776,0.4272460639476776,80.0,9067.0,1.0,O,M,O,0
237309.828125,237428.828125,237647.78125,237528.953125,237651.71875,237893.46875,237723.6875,237835.890625,-0.51318359375,0.00244140625,-0.813232421875,-0.7629393935203552,0.5187987685203552,0.3967284858226776,80.0,9068.0,1.0,O,M,O,0
237029.359375,237148.359375,237367.3125,237248.484375,237371.328125,237613.0,237443.21875,237555.328125,-0.513916015625,0.0029296875,-0.812744140625,-0.8239745497703552,0.5493163466453552,0.3967284858226776,80.0,9069.0,1.0,O,M,O,0
237821.140625,237940.765625,238159.453125,238040.8125,238163.296875,238405.328125,238235.28125,238347.921875,-0.512939453125,0.001708984375,-0.815185546875,-0.8239745497703552,0.4882812201976776,0.3967284858226776,80.0,9070.0,1.0,O,M,O,0
238221.5,238341.21875,238560.0,238441.0,238563.84375,238805.875,238635.375,238748.203125,-0.513916015625,0.000244140625,-0.81298828125,-0.7324218153953552,0.4577636420726776,0.4272460639476776,80.0,9071.0,1.0,O,M,O,0
237502.140625,237621.5,237840.625,237721.453125,237844.65625,238086.234375,237916.359375,238028.484375,-0.513671875,0.001953125,-0.8115234375,-0.6713866591453552,0.5187987685203552,0.4577636420726776,80.0,9072.0,1.0,O,M,O,0
237030.25,237149.703125,237368.46875,237249.5625,237372.671875,237614.171875,237444.734375,237556.40625,-0.5126953125,0.00244140625,-0.8115234375,-0.5798339247703552,0.4882812201976776,0.4272460639476776,80.0,9073.0,1.0,O,M,O,0
237709.296875,237828.921875,238047.78125,237928.78125,238051.8125,238293.5625,238123.609375,238235.71875,-0.514404296875,0.000732421875,-0.812255859375,-0.6408690810203552,0.3967284858226776,0.3967284858226776,80.0,9074.0,1.0,O,M,O,0
238287.484375,238407.390625,238626.15625,238507.34375,238630.09375,238872.125,238702.15625,238814.359375,-0.51416015625,0.00146484375,-0.812744140625,-0.7019042372703552,0.4272460639476776,0.4882812201976776,80.0,9075.0,1.0,O,M,O,0
237702.40625,237822.03125,238040.640625,237922.078125,238044.921875,238287.046875,238116.984375,238229.28125,-0.513427734375,0.00146484375,-0.81396484375,-0.7019042372703552,0.4577636420726776,0.5187987685203552,80.0,9076.0,1.0,O,M,O,0
237069.859375,237189.296875,237407.984375,237289.265625,237412.015625,237653.859375,237484.25,237596.1875,-0.51220703125,0.000732421875,-0.812255859375,-0.7934569716453552,0.5493163466453552,0.4577636420726776,80.0,9077.0,1.0,O,M,O,0
237593.6875,237713.3125,237932.09375,237813.09375,237936.03125,238177.875,238008.0,238120.296875,-0.512939453125,0.000244140625,-0.811279296875,-0.7629393935203552,0.4882812201976776,0.4882812201976776,80.0,9078.0,1.0,O,M,O,0
238314.125,238434.03125,238653.15625,238533.984375,238656.46875,238898.9375,238728.890625,238841.1875,-0.512939453125,0.00048828125,-0.812255859375,-0.7934569716453552,0.5187987685203552,0.5187987685203552,80.0,9079.0,1.0,O,M,O,0
237903.03125,238022.75,238241.984375,238122.796875,238245.5625,238487.9375,238317.796875,238429.828125,-0.513916015625,-0.000244140625,-0.81396484375,-0.7934569716453552,0.4577636420726776,0.4577636420726776,80.0,9080.0,1.0,O,M,O,0
237150.40625,237270.125,237488.734375,237369.546875,237492.484375,237734.59375,237564.90625,237676.75,-0.513671875,-0.000244140625,-0.812744140625,-0.7019042372703552,0.3967284858226776,0.3967284858226776,80.0,9081.0,1.0,O,M,O,0
237487.03125,237606.46875,237825.25,237706.25,237828.828125,238071.296875,237901.078125,238013.546875,-0.51513671875,-0.000244140625,-0.8134765625,-0.7629393935203552,0.5187987685203552,0.4272460639476776,80.0,9082.0,1.0,O,M,O,0
238304.65625,238424.453125,238643.328125,238524.421875,238647.265625,238889.203125,238718.96875,238831.265625,-0.514404296875,-0.000244140625,-0.813232421875,-0.7934569716453552,0.4882812201976776,0.4272460639476776,80.0,9083.0,1.0,O,M,O,0
238092.578125,238212.203125,238430.984375,238311.890625,238435.09375,238676.859375,238506.796875,238618.828125,-0.513671875,-0.000244140625,-0.8125,-0.6713866591453552,0.5493163466453552,0.4272460639476776,80.0,9084.0,1.0,O,M,O,0
237268.515625,237388.046875,237607.015625,237487.65625,237611.21875,237852.796875,237683.1875,237794.953125,-0.513427734375,-0.000244140625,-0.811767578125,-0.6713866591453552,0.5187987685203552,0.4577636420726776,80.0,9085.0,1.0,O,M,O,0
237394.140625,237513.9375,237732.71875,237613.625,237737.015625,237978.234375,237808.796875,237920.65625,-0.51416015625,-0.000244140625,-0.81201171875,-0.7324218153953552,0.5187987685203552,0.3662109076976776,80.0,9086.0,1.0,O,M,O,0
238254.3125,238374.296875,238592.8125,238474.171875,238596.75,238838.5,238669.078125,238781.28125,-0.5146484375,0.0,-0.8125,-0.7019042372703552,0.4882812201976776,0.4272460639476776,80.0,9087.0,1.0,O,M,O,0
238259.6875,238379.578125,238598.171875,238479.53125,238602.109375,238844.140625,238674.4375,238786.921875,-0.514892578125,0.000244140625,-0.811767578125,-0.7019042372703552,0.4882812201976776,0.5187987685203552,80.0,9088.0,1.0,O,M,O,0
237421.5,237541.296875,237760.078125,237641.515625,237763.921875,238005.765625,237836.34375,237948.09375,-0.51416015625,-0.000244140625,-0.811279296875,-0.7324218153953552,0.4577636420726776,0.4577636420726776,80.0,9089.0,1.0,O,M,O,0
237332.171875,237451.890625,237670.9375,237552.109375,237674.515625,237915.90625,237746.75,237858.6875,-0.51416015625,-0.000244140625,-0.8095703125,-0.7019042372703552,0.4272460639476776,0.5493163466453552,80.0,9090.0,1.0,O,M,O,0
238178.6875,238298.578125,238517.078125,238398.171875,238521.015625,238762.859375,238592.90625,238705.28125,-0.5146484375,-0.000732421875,-0.80859375,-0.7019042372703552,0.4272460639476776,0.5493163466453552,80.0,9091.0,1.0,O,M,O,0
238396.46875,238516.1875,238734.796875,238615.703125,238738.640625,238980.65625,238810.875,238923.0,-0.51416015625,-0.000732421875,-0.81005859375,-0.7324218153953552,0.4882812201976776,0.4577636420726776,80.0,9092.0,1.0,O,M,O,0
237597.265625,237716.890625,237935.765625,237816.578125,237939.78125,238181.359375,238012.03125,238123.6875,-0.51416015625,0.001953125,-0.810546875,-0.7324218153953552,0.5187987685203552,0.4577636420726776,80.0,9093.0,1.0,O,M,O,0
237300.25,237420.328125,237639.203125,237519.921875,237642.859375,237884.984375,237715.46875,237827.3125,-0.515380859375,0.0009765625,-0.81103515625,-0.7019042372703552,0.5493163466453552,0.4272460639476776,80.0,9094.0,1.0,O,M,O,0
238082.390625,238202.1875,238421.234375,238301.609375,238424.8125,238666.84375,238497.140625,238609.265625,-0.515625,0.000732421875,-0.810302734375,-0.7324218153953552,0.5798339247703552,0.4577636420726776,80.0,9095.0,1.0,O,M,O,0
238501.890625,238621.328125,238840.5625,238721.015625,238844.3125,239086.25,238916.46875,239028.5,-0.513916015625,-0.000244140625,-0.81201171875,-0.6713866591453552,0.5493163466453552,0.4272460639476776,80.0,9096.0,1.0,O,M,O,0
237794.140625,237913.765625,238132.546875,238013.546875,238136.5625,238378.59375,238208.984375,238320.65625,-0.5126953125,-0.00048828125,-0.814453125,-0.7324218153953552,0.5493163466453552,0.3662109076976776,80.0,9097.0,1.0,O,M,O,0
237305.796875,237425.515625,237644.5625,237525.296875,237648.3125,237890.4375,237720.640625,237832.5,-0.512939453125,0.000244140625,-0.8125,-0.7324218153953552,0.4882812201976776,0.4577636420726776,80.0,9098.0,1.0,O,M,O,0
237972.234375,238091.59375,238310.375,238191.46875,238314.3125,238556.421875,238386.90625,238498.75,-0.512451171875,0.0009765625,-0.81298828125,-0.6103515028953552,0.5493163466453552,0.5187987685203552,80.0,9099.0,1.0,O,M,O,0
238565.984375,238685.265625,238904.578125,238785.125,238908.0625,239150.359375,238980.296875,239092.6875,-0.511474609375,-0.000732421875,-0.812255859375,-0.6713866591453552,0.4577636420726776,0.5187987685203552,80.0,9100.0,1.0,O,M,O,0
237997.453125,238116.8125,238336.484375,238216.953125,238339.96875,238581.8125,238411.9375,238524.421875,-0.5126953125,0.000244140625,-0.8115234375,-0.7934569716453552,0.4882812201976776,0.4272460639476776,80.0,9101.0,1.0,O,M,O,0
237350.328125,237469.6875,237689.171875,237569.90625,237692.84375,237934.234375,237764.90625,237877.375,-0.51513671875,0.000732421875,-0.81103515625,-0.7629393935203552,0.4272460639476776,0.4272460639476776,80.0,9102.0,1.0,O,M,O,0
237857.4375,237977.25,238196.46875,238077.109375,238200.234375,238441.890625,238272.296875,238384.5,-0.51318359375,0.0,-0.810302734375,-0.7324218153953552,0.4272460639476776,0.3967284858226776,80.0,9103.0,1.0,O,M,O,0
238590.578125,238710.65625,238929.78125,238810.4375,238933.09375,239175.296875,239005.515625,239117.984375,-0.512451171875,0.001220703125,-0.811767578125,-0.8544921278953552,0.4882812201976776,0.4272460639476776,80.0,9104.0,1.0,O,M,O,0
238198.34375,238317.96875,238537.203125,238417.9375,238540.421875,238782.359375,238612.75,238725.21875,-0.513671875,0.00048828125,-0.811767578125,-0.9155272841453552,0.4272460639476776,0.5187987685203552,80.0,9105.0,1.0,O,M,O,0
237436.875,237556.046875,237775.1875,237656.09375,237779.03125,238020.4375,237851.09375,237963.203125,-0.513427734375,0.0009765625,-0.814453125,-0.8850097060203552,0.4577636420726776,0.4577636420726776,80.0,9106.0,1.0,O,M,O,0
237754.0,237873.171875,238092.21875,237973.140625,238096.0625,238337.5625,238168.40625,238280.25,-0.516845703125,0.00146484375,-0.814208984375,-0.7934569716453552,0.4577636420726776,0.4272460639476776,80.0,9107.0,1.0,O,M,O,0
238575.734375,238694.921875,238914.046875,238794.875,238917.71875,239159.921875,238990.234375,239102.4375,-0.5146484375,0.001953125,-0.813232421875,-0.7629393935203552,0.4882812201976776,0.4272460639476776,80.0,9108.0,1.0,O,M,O,0
238383.515625,238502.6875,238722.09375,238602.734375,238725.9375,238967.875,238797.90625,238910.296875,-0.51611328125,0.000244140625,-0.811767578125,-0.7934569716453552,0.5187987685203552,0.5187987685203552,80.0,9109.0,1.0,O,M,O,0
237558.90625,237678.265625,237897.765625,237778.3125,237901.25,238143.28125,237973.21875,238085.34375,-0.514892578125,0.000244140625,-0.81103515625,-0.7324218153953552,0.5798339247703552,0.4272460639476776,80.0,9110.0,1.0,O,M,O,0
237664.671875,237783.953125,238003.359375,237884.359375,238007.28125,238248.859375,238079.4375,238191.015625,-0.5146484375,0.00439453125,-0.810302734375,-0.7019042372703552,0.5187987685203552,0.4577636420726776,80.0,9111.0,1.0,O,M,O,0
238524.234375,238643.6875,238862.90625,238743.546875,238866.578125,239108.953125,238939.0,239051.109375,-0.513427734375,0.0009765625,-0.81103515625,-0.6713866591453552,0.4577636420726776,0.4577636420726776,80.0,9112.0,1.0,O,M,O,0
238547.03125,238666.84375,238885.890625,238766.171875,238889.28125,239131.578125,238961.890625,239074.1875,-0.51171875,0.00048828125,-0.811279296875,-0.7629393935203552,0.4577636420726776,0.4882812201976776,80.0,9113.0,1.0,O,M,O,0
237711.796875,237831.609375,238050.5625,237931.296875,238054.40625,238296.25,238126.734375,238238.578125,-0.51123046875,0.00146484375,-0.810546875,-0.8239745497703552,0.4577636420726776,0.4882812201976776,80.0,9114.0,1.0,O,M,O,0
237603.53125,237722.96875,237942.46875,237822.9375,237946.125,238187.796875,238018.375,238130.21875,-0.513916015625,0.0009765625,-0.81201171875,-0.6713866591453552,0.4272460639476776,0.5187987685203552,80.0,9115.0,1.0,O,M,O,0
238446.09375,238565.359375,238784.765625,238665.5,238788.34375,239030.546875,238860.5,238972.875,-0.514892578125,0.001953125,-0.81103515625,-0.7019042372703552,0.4577636420726776,0.4577636420726776,80.0,9116.0,1.0,O,M,O,0
238682.75,238802.203125,239021.515625,238902.4375,239025.09375,239267.125,239096.984375,239210.265625,-0.513671875,-0.000244140625,-0.8115234375,-0.7019042372703552,0.4882812201976776,0.5187987685203552,80.0,9117.0,1.0,O,M,O,0
237889.453125,238008.890625,238228.296875,238108.9375,238231.96875,238473.546875,238303.9375,238416.5,-0.51416015625,0.000732421875,-0.8125,-0.7324218153953552,0.4882812201976776,0.4577636420726776,80.0,9118.0,1.0,O,M,O,0
237570.71875,237690.078125,237909.03125,237790.03125,237913.234375,238154.8125,237985.375,238097.234375,-0.51416015625,0.00048828125,-0.810791015625,-0.6713866591453552,0.4882812201976776,0.4577636420726776,80.0,9119.0,1.0,O,M,O,0
238346.140625,238465.59375,238684.546875,238565.359375,238688.390625,238930.59375,238760.625,238872.921875,-0.514404296875,0.001220703125,-0.8095703125,-0.6713866591453552,0.3967284858226776,0.4577636420726776,80.0,9120.0,1.0,O,M,O,0
238781.90625,238901.359375,239120.671875,239001.21875,239124.34375,239366.546875,239196.578125,239308.875,-0.514404296875,0.00048828125,-0.809326171875,-0.7629393935203552,0.4272460639476776,0.3662109076976776,80.0,9121.0,1.0,O,M,O,0
238084.71875,238204.25,238423.65625,238304.5625,238427.046875,238669.4375,238499.46875,238611.5,-0.515380859375,0.0009765625,-0.807861328125,-0.7934569716453552,0.4272460639476776,0.3356933295726776,80.0,9122.0,1.0,O,M,O,0
237578.84375,237698.203125,237917.515625,237798.796875,237921.359375,238163.390625,237993.609375,238105.453125,-0.514892578125,0.0009765625,-0.81201171875,-0.6103515028953552,0.5187987685203552,0.4577636420726776,80.0,9123.0,1.0,O,M,O,0
238232.6875,238352.484375,238571.4375,238452.625,238575.203125,238817.3125,238647.171875,238759.375,-0.51416015625,0.00146484375,-0.812744140625,-0.7324218153953552,0.4882812201976776,0.5187987685203552,80.0,9124.0,1.0,O,M,O,0
238841.0,238960.8125,239179.59375,239060.6875,239182.984375,239425.546875,239255.59375,239368.0625,-0.512939453125,0.0009765625,-0.8125,-0.7324218153953552,0.3662109076976776,0.4882812201976776,80.0,9125.0,1.0,O,M,O,0
238286.0625,238405.6875,238624.734375,238505.546875,238628.390625,238870.515625,238700.8125,238813.015625,-0.5146484375,-0.000244140625,-0.81201171875,-0.7934569716453552,0.4577636420726776,0.5187987685203552,80.0,9126.0,1.0,O,M,O,0
237627.671875,237747.734375,237966.421875,237847.25,237970.546875,238212.125,238042.421875,238154.625,-0.51416015625,0.0,-0.811767578125,-0.8850097060203552,0.5187987685203552,0.5187987685203552,80.0,9127.0,1.0,O,M,O,0
238119.671875,238239.296875,238458.703125,238339.25,238462.546875,238704.578125,238534.515625,238646.8125,-0.513671875,0.001708984375,-0.811279296875,-0.7934569716453552,0.5187987685203552,0.4577636420726776,80.0,9128.0,1.0,O,M,O,0
238862.546875,238982.265625,239201.578125,239082.140625,239205.15625,239447.453125,239277.21875,239389.703125,-0.513427734375,0.000732421875,-0.8125,-0.9155272841453552,0.4882812201976776,0.5187987685203552,80.0,9129.0,1.0,O,M,O,0
238486.953125,238606.84375,238826.078125,238706.71875,238829.5625,239071.671875,238901.796875,239014.015625,-0.51416015625,-0.000244140625,-0.81494140625,-0.7629393935203552,0.3967284858226776,0.5187987685203552,80.0,9130.0,1.0,O,M,O,0
237716.171875,237836.15625,238055.390625,237935.9375,238058.96875,238300.90625,238131.296875,238243.140625,-0.51513671875,0.000244140625,-0.813720703125,-0.6713866591453552,0.4882812201976776,0.4577636420726776,80.0,9131.0,1.0,O,M,O,0
238014.96875,238134.6875,238354.0,238235.0,238357.3125,238599.78125,238429.90625,238541.9375,-0.513916015625,0.001953125,-0.81201171875,-0.7019042372703552,0.4577636420726776,0.3356933295726776,80.0,9132.0,1.0,O,M,O,0
238842.96875,238962.328125,239181.46875,239062.734375,239185.046875,239427.515625,239257.46875,239370.296875,-0.513916015625,-0.00048828125,-0.81103515625,-0.6713866591453552,0.4577636420726776,0.3662109076976776,80.0,9133.0,1.0,O,M,O,0
238669.53125,238788.96875,239008.203125,238889.46875,239011.953125,239254.25,239084.015625,239196.9375,-0.513671875,0.002197265625,-0.811279296875,-0.7324218153953552,0.4882812201976776,0.4882812201976776,80.0,9134.0,1.0,O,M,O,0
237842.0625,237961.421875,238180.921875,238061.828125,238184.40625,238426.609375,238256.734375,238368.84375,-0.51220703125,0.002197265625,-0.811767578125,-0.7019042372703552,0.5187987685203552,0.3662109076976776,80.0,9135.0,1.0,O,M,O,0
237931.921875,238051.28125,238270.859375,238151.765625,238274.609375,238516.453125,238346.671875,238458.609375,-0.51611328125,0.00146484375,-0.81201171875,-0.7019042372703552,0.4577636420726776,0.3662109076976776,80.0,9136.0,1.0,O,M,O,0
238795.859375,238915.65625,239134.703125,239015.53125,239138.46875,239380.75,239210.34375,239322.90625,-0.514404296875,-0.001220703125,-0.810302734375,-0.7324218153953552,0.5493163466453552,0.4272460639476776,80.0,9137.0,1.0,O,M,O,0
238841.0,238960.8125,239179.59375,239060.5,239183.4375,239425.640625,239255.59375,239368.15625,-0.515380859375,-0.001220703125,-0.80859375,-0.7629393935203552,0.4882812201976776,0.4882812201976776,80.0,9138.0,1.0,O,M,O,0
238004.78125,238124.5,238343.546875,238224.71875,238347.5625,238589.140625,238419.625,238531.75,-0.51416015625,-0.000244140625,-0.8125,-0.7019042372703552,0.4882812201976776,0.4577636420726776,80.0,9139.0,1.0,O,M,O,0
237875.859375,237995.484375,238214.984375,238095.890625,238218.734375,238460.40625,238290.703125,238402.90625,-0.513427734375,0.000244140625,-0.8154296875,-0.7629393935203552,0.4577636420726776,0.5187987685203552,80.0,9140.0,1.0,O,M,O,0
238716.546875,238836.53125,239055.859375,238936.3125,239059.609375,239301.546875,239131.40625,239244.140625,-0.512939453125,0.001220703125,-0.8134765625,-0.7629393935203552,0.4272460639476776,0.4577636420726776,80.0,9141.0,1.0,O,M,O,0
238971.359375,239091.796875,239310.65625,239191.125,239314.421875,239556.625,239386.65625,239499.3125,-0.511962890625,0.00146484375,-0.81103515625,-0.7019042372703552,0.4882812201976776,0.4272460639476776,80.0,9142.0,1.0,O,M,O,0
238182.609375,238302.421875,238521.375,238402.015625,238525.21875,238767.0625,238597.640625,238709.3125,-0.512939453125,0.001708984375,-0.811767578125,-0.7934569716453552,0.4577636420726776,0.4272460639476776,80.0,9143.0,1.0,O,M,O,0
237847.15625,237966.78125,238185.65625,238066.5625,238189.671875,238431.078125,238262.09375,238373.59375,-0.515869140625,0.001953125,-0.815673828125,-0.7019042372703552,0.4882812201976776,0.3662109076976776,80.0,9144.0,1.0,O,M,O,0
238613.734375,238733.265625,238952.234375,238832.875,238956.25,239198.28125,239028.3125,239140.703125,-0.51416015625,0.001220703125,-0.813232421875,-0.7629393935203552,0.5493163466453552,0.3356933295726776,80.0,9145.0,1.0,O,M,O,0
239069.625,239189.421875,239408.390625,239288.9375,239412.3125,239654.34375,239483.84375,239596.9375,-0.516357421875,-0.00048828125,-0.813720703125,-0.8239745497703552,0.4272460639476776,0.3662109076976776,80.0,9146.0,1.0,O,M,O,0
238382.703125,238502.78125,238721.375,238602.296875,238725.5,238967.25,238797.109375,238909.84375,-0.51611328125,-0.000244140625,-0.8115234375,-0.7629393935203552,0.3662109076976776,0.3967284858226776,80.0,9147.0,1.0,O,M,O,0
237861.46875,237981.265625,238200.234375,238081.234375,238204.421875,238445.828125,238276.21875,238388.25,-0.515625,0.00146484375,-0.813720703125,-0.7934569716453552,0.3662109076976776,0.4577636420726776,80.0,9148.0,1.0,O,M,O,0
238501.34375,238620.984375,238840.109375,238720.3125,238843.875,239085.453125,238915.84375,239028.21875,-0.512939453125,0.0009765625,-0.812744140625,-0.7629393935203552,0.4577636420726776,0.4272460639476776,80.0,9149.0,1.0,O,M,O,0
239124.421875,239244.234375,239463.015625,239343.296875,239466.59375,239708.703125,239538.5625,239651.65625,-0.51416015625,0.000732421875,-0.810791015625,-0.7934569716453552,0.4272460639476776,0.4577636420726776,80.0,9150.0,1.0,O,M,O,0
238583.515625,238702.6875,238921.828125,238802.390625,238925.859375,239167.609375,238997.46875,239110.296875,-0.514892578125,0.000732421875,-0.814208984375,-0.7934569716453552,0.3967284858226776,0.4272460639476776,80.0,9151.0,1.0,O,M,O,0
237914.125,238033.390625,238252.625,238133.34375,238256.46875,238498.125,238328.34375,238440.640625,-0.51513671875,0.001953125,-0.81298828125,-0.7934569716453552,0.4577636420726776,0.4882812201976776,80.0,9152.0,1.0,O,M,O,0
238390.21875,238509.9375,238728.625,238609.4375,238732.375,238974.21875,238804.625,238916.828125,-0.515625,0.003173828125,-0.813720703125,-0.6408690810203552,0.4577636420726776,0.4272460639476776,80.0,9153.0,1.0,O,M,O,0
239142.578125,239262.109375,239481.078125,239361.71875,239484.5625,239726.765625,239557.0625,239669.8125,-0.514892578125,0.001953125,-0.812744140625,-0.6408690810203552,0.4272460639476776,0.4882812201976776,80.0,9154.0,1.0,O,M,O,0
238783.15625,238902.703125,239121.828125,239002.828125,239125.5,239367.171875,239197.46875,239310.21875,-0.5146484375,0.00244140625,-0.812744140625,-0.7019042372703552,0.4882812201976776,0.4577636420726776,80.0,9155.0,1.0,O,M,O,0
238006.65625,238126.015625,238345.25,238226.15625,238349.171875,238590.578125,238421.0625,238533.171875,-0.5146484375,0.000732421875,-0.810791015625,-0.6713866591453552,0.5187987685203552,0.4577636420726776,80.0,9156.0,1.0,O,M,O,0
238287.9375,238407.828125,238626.4375,238507.34375,238630.625,238872.03125,238702.609375,238814.90625,-0.5146484375,0.000732421875,-0.81201171875,-0.7019042372703552,0.5493163466453552,0.5187987685203552,80.0,9157.0,1.0,O,M,O,0
239120.9375,239240.921875,239459.4375,239340.53125,239463.28125,239705.578125,239535.703125,239648.359375,-0.51416015625,0.000244140625,-0.81201171875,-0.7324218153953552,0.4882812201976776,0.4272460639476776,80.0,9158.0,1.0,O,M,O,0
238966.984375,239086.78125,239305.75,239186.75,239309.328125,239551.34375,239381.65625,239493.859375,-0.515625,-0.000732421875,-0.809326171875,-0.7324218153953552,0.4882812201976776,0.3662109076976776,80.0,9159.0,1.0,O,M,O,0
238133.703125,238253.328125,238472.46875,238353.375,238476.3125,238717.625,238548.203125,238660.578125,-0.515380859375,-0.00146484375,-0.814208984375,-0.6408690810203552,0.4577636420726776,0.3662109076976776,80.0,9160.0,1.0,O,M,O,0
238201.75,238321.28125,238540.78125,238421.515625,238544.171875,238786.109375,238616.421875,238728.53125,-0.513427734375,-0.000244140625,-0.812255859375,-0.6408690810203552,0.4577636420726776,0.3662109076976776,80.0,9161.0,1.0,O,M,O,0
239064.703125,239184.328125,239403.46875,239284.46875,239406.859375,239648.796875,239479.1875,239591.578125,-0.514404296875,0.000732421875,-0.809814453125,-0.7324218153953552,0.4272460639476776,0.4272460639476776,80.0,9162.0,1.0,O,M,O,0
239127.921875,239247.625,239466.671875,239347.40625,239470.171875,239712.09375,239542.21875,239655.140625,-0.515625,0.000244140625,-0.811767578125,-0.7629393935203552,0.4882812201976776,0.4577636420726776,80.0,9163.0,1.0,O,M,O,0
238292.9375,238412.484375,238631.796875,238512.4375,238635.453125,238876.953125,238707.34375,238819.8125,-0.51318359375,0.001220703125,-0.813720703125,-0.7324218153953552,0.4577636420726776,0.5187987685203552,80.0,9164.0,1.0,O,M,O,0
238144.53125,238263.890625,238483.46875,238364.015625,238487.21875,238728.53125,238559.109375,238671.3125,-0.512451171875,0.00048828125,-0.81396484375,-0.7629393935203552,0.3967284858226776,0.4272460639476776,80.0,9165.0,1.0,O,M,O,0
238982.09375,239101.8125,239320.9375,239201.578125,239324.703125,239566.015625,239396.5,239509.140625,-0.514404296875,-0.000732421875,-0.81201171875,-0.7629393935203552,0.4577636420726776,0.5187987685203552,80.0,9166.0,1.0,O,M,O,0
239256.84375,239376.46875,239594.96875,239476.0625,239599.0,239840.84375,239670.890625,239783.625,-0.512451171875,-0.00048828125,-0.81396484375,-0.6713866591453552,0.5187987685203552,0.5187987685203552,80.0,9167.0,1.0,O,M,O,0
238476.5,238596.484375,238814.8125,238695.71875,238818.921875,239060.765625,238890.890625,239002.921875,-0.513427734375,0.000244140625,-0.811279296875,-0.6408690810203552,0.4882812201976776,0.5187987685203552,80.0,9168.0,1.0,O,M,O,0
238124.328125,238244.65625,238463.078125,238344.265625,238467.109375,238708.6875,238538.984375,238650.84375,-0.5126953125,0.0,-0.814208984375,-0.6408690810203552,0.4882812201976776,0.4577636420726776,80.0,9169.0,1.0,O,M,O,0
238881.421875,239001.671875,239220.546875,239101.453125,239224.203125,239466.046875,239296.265625,239408.828125,-0.51171875,0.000244140625,-0.8134765625,-0.6408690810203552,0.4272460639476776,0.3967284858226776,80.0,9170.0,1.0,O,M,O,0
239351.515625,239471.328125,239690.46875,239571.28125,239694.125,239936.25,239766.1875,239879.203125,-0.51220703125,-0.000244140625,-0.8125,-0.6713866591453552,0.4882812201976776,0.4272460639476776,80.0,9171.0,1.0,O,M,O,0
238676.140625,238795.953125,239014.90625,238895.8125,239018.75,239260.5,239090.546875,239203.28125,-0.5126953125,0.002197265625,-0.810546875,-0.8239745497703552,0.5187987685203552,0.4577636420726776,80.0,9172.0,1.0,O,M,O,0
238141.671875,238261.375,238479.984375,238360.984375,238484.265625,238726.125,238555.984375,238668.453125,-0.51318359375,0.0009765625,-0.812255859375,-0.7324218153953552,0.4882812201976776,0.4272460639476776,80.0,9173.0,1.0,O,M,O,0
238768.765625,238888.65625,239107.53125,238988.53125,239111.640625,239353.578125,239183.25,239295.828125,-0.513427734375,0.001220703125,-0.810791015625,-0.7629393935203552,0.5187987685203552,0.4272460639476776,80.0,9174.0,1.0,O,M,O,0
239407.21875,239527.390625,239746.515625,239627.078125,239750.015625,239991.859375,239821.984375,239934.546875,-0.5146484375,-0.0009765625,-0.810302734375,-0.7629393935203552,0.4882812201976776,0.4882812201976776,80.0,9175.0,1.0,O,M,O,0
238881.15625,239001.046875,239220.265625,239100.734375,239223.84375,239466.046875,239295.828125,239408.203125,-0.512939453125,0.00048828125,-0.812255859375,-0.7934569716453552,0.4272460639476776,0.5187987685203552,80.0,9176.0,1.0,O,M,O,0
238196.65625,238316.015625,238535.5,238415.96875,238538.984375,238781.015625,238610.96875,238723.265625,-0.513916015625,0.0009765625,-0.81298828125,-0.7934569716453552,0.3662109076976776,0.5187987685203552,80.0,9177.0,1.0,O,M,O,0
238656.375,238775.46875,238995.328125,238875.421875,238998.546875,239240.5625,239070.96875,239183.25,-0.51513671875,0.0029296875,-0.815673828125,-0.7934569716453552,0.3662109076976776,0.5187987685203552,80.0,9178.0,1.0,O,M,O,0
239419.921875,239539.28125,239758.953125,239639.140625,239762.078125,240004.375,239834.3125,239946.96875,-0.514892578125,0.001220703125,-0.815673828125,-0.7934569716453552,0.4577636420726776,0.4272460639476776,80.0,9179.0,1.0,O,M,O,0
239077.671875,239196.9375,239416.34375,239296.71875,239419.65625,239662.03125,239491.265625,239604.625,-0.514892578125,-0.000732421875,-0.810546875,-0.7324218153953552,0.4272460639476776,0.4577636420726776,80.0,9180.0,1.0,O,M,O,0
238292.40625,238411.5,238631.078125,238511.359375,238634.296875,238876.5,238706.453125,238818.921875,-0.515380859375,0.000244140625,-0.81005859375,-0.7629393935203552,0.4577636420726776,0.4882812201976776,80.0,9181.0,1.0,O,M,O,0
238554.71875,238674.078125,238893.484375,238773.859375,238896.703125,239139.265625,238969.21875,239081.515625,-0.512939453125,0.0,-0.8125,-0.6408690810203552,0.4272460639476776,0.4577636420726776,80.0,9182.0,1.0,O,M,O,0
239393.8125,239513.609375,239732.75,239613.21875,239736.15625,239978.890625,239808.390625,239921.21875,-0.5146484375,0.0,-0.814208984375,-0.6103515028953552,0.5493163466453552,0.3662109076976776,80.0,9183.0,1.0,O,M,O,0
239259.25,239378.96875,239598.015625,239478.921875,239601.59375,239844.25,239673.5625,239786.75,-0.51416015625,-0.00048828125,-0.81201171875,-0.7019042372703552,0.4882812201976776,0.3967284858226776,80.0,9184.0,1.0,O,M,O,0
238421.234375,238540.875,238760.0,238640.640625,238763.765625,239005.875,238835.640625,238948.203125,-0.511962890625,-0.001220703125,-0.810546875,-0.7324218153953552,0.4882812201976776,0.4272460639476776,80.0,9185.0,1.0,O,M,O,0
238470.59375,238590.21875,238809.71875,238690.09375,238813.109375,239054.953125,238885.171875,238997.5625,-0.512451171875,0.000244140625,-0.808837890625,-0.7934569716453552,0.5187987685203552,0.4577636420726776,80.0,9186.0,1.0,O,M,O,0
239332.5625,239452.015625,239671.15625,239551.96875,239674.734375,239916.9375,239747.328125,239860.0625,-0.51416015625,0.001220703125,-0.809814453125,-0.8239745497703552,0.5493163466453552,0.4272460639476776,80.0,9187.0,1.0,O,M,O,0
239416.96875,239536.234375,239755.375,239636.1875,239758.859375,240001.0625,239831.375,239944.109375,-0.51220703125,0.0,-0.807861328125,-0.7324218153953552,0.5493163466453552,0.4577636420726776,80.0,9188.0,1.0,O,M,O,0
238585.484375,238704.84375,238923.984375,238804.625,238927.734375,239169.75,238999.609375,239112.453125,-0.514892578125,0.001708984375,-0.80908203125,-0.6713866591453552,0.3967284858226776,0.4272460639476776,80.0,9189.0,1.0,O,M,O,0
238418.375,238537.921875,238757.234375,238637.875,238760.8125,239002.828125,238832.6875,238945.171875,-0.513916015625,0.0,-0.808837890625,-0.7629393935203552,0.3662109076976776,0.5187987685203552,80.0,9190.0,1.0,O,M,O,0
239249.15625,239368.953125,239587.90625,239468.46875,239591.40625,239833.6875,239663.546875,239776.46875,-0.512939453125,0.00146484375,-0.810302734375,-0.7934569716453552,0.4272460639476776,0.4577636420726776,80.0,9191.0,1.0,O,M,O,0
239544.015625,239663.640625,239882.59375,239763.421875,239886.171875,240128.640625,239958.765625,240071.515625,-0.513671875,0.00146484375,-0.81103515625,-0.7629393935203552,0.3967284858226776,0.4272460639476776,80.0,9192.0,1.0,O,M,O,0
238771.09375,238890.625,239109.9375,238990.671875,239113.4375,239355.640625,239185.84375,239298.328125,-0.513916015625,0.000732421875,-0.812255859375,-0.8544921278953552,0.4577636420726776,0.5493163466453552,80.0,9193.0,1.0,O,M,O,0
238401.125,238520.484375,238739.796875,238620.703125,238743.546875,238985.21875,238815.4375,238927.828125,-0.5146484375,0.0009765625,-0.8115234375,-0.7629393935203552,0.4272460639476776,0.4882812201976776,80.0,9194.0,1.0,O,M,O,0
239146.421875,239266.3125,239484.640625,239366.1875,239488.671875,239730.875,239560.640625,239673.828125,-0.51513671875,0.00048828125,-0.8125,-0.7629393935203552,0.3662109076976776,0.4577636420726776,80.0,9195.0,1.0,O,M,O,0
239632.796875,239752.6875,239971.296875,239852.203125,239974.953125,240217.515625,240047.28125,240160.390625,-0.515625,-0.000244140625,-0.8134765625,-0.6713866591453552,0.3967284858226776,0.4882812201976776,80.0,9196.0,1.0,O,M,O,0
238972.875,239092.6875,239311.734375,239192.109375,239315.40625,239557.34375,239387.109375,239499.9375,-0.51513671875,0.00146484375,-0.811767578125,-0.6713866591453552,0.4272460639476776,0.3967284858226776,80.0,9197.0,1.0,O,M,O,0
238419.90625,238539.265625,238758.484375,238638.953125,238762.15625,239003.90625,238833.859375,238946.421875,-0.5126953125,-0.00048828125,-0.811767578125,-0.6713866591453552,0.5493163466453552,0.3967284858226776,80.0,9198.0,1.0,O,M,O,0
239030.8125,239150.265625,239369.40625,239250.21875,239373.25,239615.0,239444.953125,239557.6875,-0.51171875,-0.000244140625,-0.812744140625,-0.7324218153953552,0.5798339247703552,0.4272460639476776,80.0,9199.0,1.0,O,M,O,0
239681.171875,239800.96875,240019.75,239900.65625,240023.421875,240265.703125,240095.203125,240208.3125,-0.513916015625,0.0,-0.811767578125,-0.7934569716453552,0.4882812201976776,0.4272460639476776,80.0,9200.0,1.0,O,M,O,0
239170.46875,239290.8125,239509.328125,239390.234375,239512.90625,239755.109375,239584.6875,239697.796875,-0.5126953125,0.00048828125,-0.812255859375,-0.7019042372703552,0.4272460639476776,0.4577636420726776,80.0,9201.0,1.0,O,M,O,0
238475.6875,238595.234375,238814.0,238694.921875,238817.3125,239059.609375,238889.640625,239002.296875,-0.51220703125,0.001220703125,-0.81494140625,-0.7019042372703552,0.4272460639476776,0.4577636420726776,80.0,9202.0,1.0,O,M,O,0
238917.71875,239037.171875,239255.859375,239136.9375,239259.15625,239502.0,239331.671875,239444.421875,-0.513916015625,0.002685546875,-0.8134765625,-0.7629393935203552,0.4577636420726776,0.4882812201976776,80.0,9203.0,1.0,O,M,O,0
239690.375,239809.90625,240028.59375,239909.59375,240032.171875,240274.640625,240104.6875,240217.25,-0.5146484375,0.001220703125,-0.8125,-0.7934569716453552,0.4882812201976776,0.4272460639476776,80.0,9204.0,1.0,O,M,O,0
239371.375,239490.734375,239709.859375,239590.5,239713.171875,239955.90625,239785.5,239898.328125,-0.515380859375,0.0009765625,-0.811767578125,-0.7019042372703552,0.4882812201976776,0.3662109076976776,80.0,9205.0,1.0,O,M,O,0
238579.84375,238699.03125,238918.25,238798.890625,238921.65625,239163.859375,238993.796875,239106.28125,-0.51318359375,0.00048828125,-0.813232421875,-0.6713866591453552,0.4577636420726776,0.4577636420726776,80.0,9206.0,1.0,O,M,O,0
238820.625,238939.984375,239158.84375,239039.484375,239162.328125,239404.546875,239234.484375,239347.3125,-0.512451171875,0.001220703125,-0.814208984375,-0.7019042372703552,0.4577636420726776,0.4577636420726776,80.0,9207.0,1.0,O,M,O,0
239663.109375,239782.46875,240001.6875,239882.328125,240005.09375,240247.375,240077.0625,240190.25,-0.512939453125,0.00146484375,-0.81396484375,-0.7324218153953552,0.4272460639476776,0.4272460639476776,80.0,9208.0,1.0,O,M,O,0
239549.109375,239668.296875,239887.78125,239768.25,239891.359375,240133.203125,239962.890625,240076.171875,-0.5146484375,0.00048828125,-0.813232421875,-0.7324218153953552,0.4272460639476776,0.5187987685203552,80.0,9209.0,1.0,O,M,O,0
238711.71875,238831.0,239050.9375,238930.953125,239054.0625,239295.828125,239125.953125,239238.953125,-0.514892578125,0.001953125,-0.813232421875,-0.6408690810203552,0.4577636420726776,0.4577636420726776,80.0,9210.0,1.0,O,M,O,0
238738.71875,238858.171875,239077.3125,238957.953125,239081.15625,239322.90625,239152.859375,239265.515625,-0.515869140625,0.00048828125,-0.812744140625,-0.7019042372703552,0.4577636420726776,0.3967284858226776,80.0,9211.0,1.0,O,M,O,0
239600.78125,239720.59375,239939.8125,239820.1875,239943.484375,240185.515625,240015.375,240128.203125,-0.515625,0.001708984375,-0.8134765625,-0.7324218153953552,0.4882812201976776,0.3967284858226776,80.0,9212.0,1.0,O,M,O,0
239703.78125,239823.59375,240043.0,239923.546875,240046.296875,240288.78125,240118.359375,240231.28125,-0.5166015625,0.000244140625,-0.8125,-0.6713866591453552,0.4882812201976776,0.3662109076976776,80.0,9213.0,1.0,O,M,O,0
238874.265625,238993.890625,239213.5625,239094.03125,239216.609375,239458.984375,239289.03125,239401.671875,-0.515380859375,0.001953125,-0.811279296875,-0.7019042372703552,0.5187987685203552,0.3662109076976776,80.0,9214.0,1.0,O,M,O,0
238687.5,238807.125,239026.4375,238906.8125,239029.828125,239272.03125,239102.078125,239214.640625,-0.514892578125,0.0,-0.8115234375,-0.7934569716453552,0.5187987685203552,0.4882812201976776,80.0,9215.0,1.0,O,M,O,0
239513.078125,239632.703125,239851.578125,239731.953125,239855.15625,240097.625,239927.03125,240040.21875,-0.51513671875,0.00244140625,-0.8115234375,-0.7934569716453552,0.3967284858226776,0.5187987685203552,80.0,9216.0,1.0,O,M,O,0
239826.453125,239946.25,240165.578125,240045.765625,240168.96875,240411.265625,240240.671875,240353.953125,-0.514892578125,0.003173828125,-0.812744140625,-0.7324218153953552,0.4272460639476776,0.5187987685203552,80.0,9217.0,1.0,O,M,O,0
239063.71875,239183.53125,239403.109375,239283.296875,239406.5,239648.265625,239478.203125,239590.6875,-0.512939453125,0.002685546875,-0.8115234375,-0.7324218153953552,0.3356933295726776,0.4577636420726776,80.0,9218.0,1.0,O,M,O,0
238673.734375,238793.4375,239012.765625,238893.484375,239016.6875,239258.265625,239088.21875,239200.6875,-0.511962890625,0.000732421875,-0.810791015625,-0.7934569716453552,0.3356933295726776,0.4577636420726776,80.0,9219.0,1.0,O,M,O,0
239409.71875,239529.265625,239748.3125,239628.953125,239752.515625,239994.171875,239824.03125,239937.046875,-0.512451171875,0.00048828125,-0.812744140625,-0.7019042372703552,0.3967284858226776,0.4882812201976776,80.0,9220.0,1.0,O,M,O,0
239913.890625,240033.421875,240252.5625,240133.109375,240256.671875,240498.609375,240328.203125,240441.484375,-0.513916015625,0.0,-0.8125,-0.6408690810203552,0.5187987685203552,0.4577636420726776,80.0,9221.0,1.0,O,M,O,0
239263.71875,239383.078125,239602.21875,239483.125,239605.890625,239848.0,239677.765625,239790.515625,-0.5166015625,0.0009765625,-0.811767578125,-0.6103515028953552,0.4882812201976776,0.3967284858226776,80.0,9222.0,1.0,O,M,O,0
238696.609375,238816.234375,239035.28125,238916.203125,239038.859375,239281.0625,239110.75,239223.046875,-0.513427734375,0.000732421875,-0.808837890625,-0.5798339247703552,0.5187987685203552,0.4272460639476776,80.0,9223.0,1.0,O,M,O,0
239294.125,239413.921875,239632.96875,239513.34375,239636.46875,239878.75,239708.34375,239820.90625,-0.514404296875,0.002685546875,-0.811279296875,-0.6103515028953552,0.5493163466453552,0.3967284858226776,80.0,9224.0,1.0,O,M,O,0
239957.25,240076.96875,240296.28125,240176.484375,240299.40625,240542.15625,240371.75,240484.578125,-0.514892578125,0.0009765625,-0.8125,-0.6408690810203552,0.5493163466453552,0.3356933295726776,80.0,9225.0,1.0,O,M,O,0
239464.625,239584.34375,239803.734375,239683.484375,239806.875,240049.34375,239879.296875,239991.9375,-0.514404296875,0.001220703125,-0.81298828125,-0.7629393935203552,0.5187987685203552,0.4577636420726776,80.0,9226.0,1.0,O,M,O,0
238757.765625,238876.953125,239096.4375,238976.90625,239099.75,239342.140625,239172.265625,239284.46875,-0.515625,0.0,-0.81298828125,-0.7324218153953552,0.4272460639476776,0.4272460639476776,80.0,9227.0,1.0,O,M,O,0
239181.640625,239301.0,239520.234375,239400.6875,239523.625,239765.921875,239595.78125,239708.4375,-0.514892578125,0.002197265625,-0.811767578125,-0.7019042372703552,0.4272460639476776,0.4882812201976776,80.0,9228.0,1.0,O,M,O,0
239962.53125,240082.15625,240301.296875,240181.390625,240304.421875,240547.078125,240376.578125,240489.21875,-0.51416015625,0.0009765625,-0.8125,-0.7629393935203552,0.3967284858226776,0.5187987685203552,80.0,9229.0,1.0,O,M,O,0
239658.984375,239778.4375,239997.484375,239877.953125,240001.234375,240243.71875,240073.03125,240185.6875,-0.513427734375,0.002685546875,-0.814453125,-0.7629393935203552,0.3967284858226776,0.4577636420726776,80.0,9230.0,1.0,O,M,O,0
238861.75,238980.84375,239199.96875,239080.625,239203.734375,239445.671875,239275.609375,239388.359375,-0.513427734375,0.001220703125,-0.815673828125,-0.7019042372703552,0.3967284858226776,0.3662109076976776,80.0,9231.0,1.0,O,M,O,0
239084.640625,239203.640625,239422.953125,239303.421875,239426.71875,239668.375,239498.5,239611.25,-0.5126953125,0.00146484375,-0.811279296875,-0.6103515028953552,0.4882812201976776,0.3967284858226776,80.0,9232.0,1.0,O,M,O,0
239931.328125,240050.765625,240270.0,240151.0,240273.75,240516.21875,240345.734375,240459.0,-0.511962890625,0.00244140625,-0.81201171875,-0.7324218153953552,0.5493163466453552,0.4272460639476776,80.0,9233.0,1.0,O,M,O,0
239836.46875,239956.71875,240175.40625,240056.234375,240178.890625,240421.640625,240251.140625,240364.0625,-0.51318359375,0.00146484375,-0.81298828125,-0.6713866591453552,0.4577636420726776,0.5493163466453552,80.0,9234.0,1.0,O,M,O,0
238998.359375,239118.34375,239337.03125,239217.671875,239340.53125,239583.0,239412.765625,239525.15625,-0.513671875,0.0009765625,-0.814453125,-0.6713866591453552,0.4882812201976776,0.4272460639476776,80.0,9235.0,1.0,O,M,O,0
239004.171875,239123.984375,239343.03125,239223.671875,239346.421875,239588.71875,239418.484375,239531.046875,-0.515625,0.001220703125,-0.8115234375,-0.6103515028953552,0.4882812201976776,0.4272460639476776,80.0,9236.0,1.0,O,M,O,0
239864.09375,239983.625,240203.03125,240083.5,240206.15625,240448.71875,240278.3125,240391.59375,-0.515625,0.0009765625,-0.8134765625,-0.7324218153953552,0.5187987685203552,0.3662109076976776,80.0,9237.0,1.0,O,M,O,0
239985.78125,240105.671875,240324.71875,240205.265625,240328.03125,240570.578125,240400.265625,240513.09375,-0.5146484375,0.00048828125,-0.814453125,-0.6713866591453552,0.5187987685203552,0.3662109076976776,80.0,9238.0,1.0,O,M,O,0
239160.8125,239280.4375,239499.40625,239380.21875,239502.625,239745.359375,239575.03125,239687.6875,-0.513671875,0.00048828125,-0.81201171875,-0.7019042372703552,0.4882812201976776,0.3967284858226776,80.0,9239.0,1.0,O,M,O,0
238955.71875,239075.078125,239294.21875,239175.125,239297.4375,239540.078125,239369.9375,239482.953125,-0.510986328125,0.00048828125,-0.811279296875,-0.7019042372703552,0.5187987685203552,0.4272460639476776,80.0,9240.0,1.0,O,M,O,0
239775.3125,239894.765625,240114.25,239994.796875,240117.375,240359.859375,240189.890625,240302.625,-0.51220703125,0.001708984375,-0.8076171875,-0.7324218153953552,0.5187987685203552,0.3662109076976776,80.0,9241.0,1.0,O,M,O,0
240107.015625,240226.09375,240445.6875,240325.96875,240449.078125,240691.109375,240521.234375,240634.15625,-0.512939453125,0.000244140625,-0.80810546875,-0.7629393935203552,0.4272460639476776,0.5187987685203552,80.0,9242.0,1.0,O,M,O,0
239349.46875,239468.640625,239687.953125,239568.15625,239691.09375,239933.375,239763.328125,239876.34375,-0.513916015625,0.000732421875,-0.811767578125,-0.7324218153953552,0.4882812201976776,0.6103515028953552,80.0,9243.0,1.0,O,M,O,0
238941.671875,239060.953125,239280.171875,239161.0,239283.75,239526.3125,239355.90625,239468.828125,-0.5146484375,0.000244140625,-0.812255859375,-0.6713866591453552,0.4882812201976776,0.4577636420726776,80.0,9244.0,1.0,O,M,O,0
239665.15625,239784.4375,240003.5625,239884.203125,240006.96875,240249.609375,240079.296875,240192.390625,-0.5146484375,0.001220703125,-0.81201171875,-0.7019042372703552,0.4577636420726776,0.4577636420726776,80.0,9245.0,1.0,O,M,O,0
240186.140625,240305.765625,240524.8125,240405.546875,240527.84375,240771.03125,240600.53125,240714.0,-0.513671875,0.0009765625,-0.811279296875,-0.7324218153953552,0.5493163466453552,0.3967284858226776,80.0,9246.0,1.0,O,M,O,0
239552.234375,239671.78125,239891.09375,239771.828125,239894.3125,240137.140625,239966.8125,240079.921875,-0.515380859375,-0.000732421875,-0.811279296875,-0.7629393935203552,0.5187987685203552,0.4272460639476776,80.0,9247.0,1.0,O,M,O,0
238971.265625,239090.625,239310.125,239191.21875,239313.515625,239556.0,239385.40625,239498.78125,-0.515380859375,-0.001953125,-0.8115234375,-0.8239745497703552,0.5187987685203552,0.4272460639476776,80.0,9248.0,1.0,O,M,O,0
239554.203125,239673.828125,239893.5,239774.421875,239896.90625,240139.28125,239968.875,240081.96875,-0.513916015625,0.0,-0.810791015625,-0.7629393935203552,0.4577636420726776,0.4272460639476776,80.0,9249.0,1.0,O,M,O,0
240230.65625,240350.640625,240569.6875,240450.25,240573.171875,240815.65625,240645.234375,240758.515625,-0.514404296875,0.000732421875,-0.813232421875,-0.6103515028953552,0.3967284858226776,0.4272460639476776,80.0,9250.0,1.0,O,M,O,0
239755.015625,239874.734375,240093.421875,239974.421875,240097.265625,240339.921875,240169.234375,240282.6875,-0.51513671875,0.001953125,-0.812255859375,-0.6408690810203552,0.4882812201976776,0.4577636420726776,80.0,9251.0,1.0,O,F,I,0
239038.0625,239157.6875,239376.375,239257.375,239380.125,239622.421875,239452.375,239565.203125,-0.51708984375,0.000732421875,-0.81689453125,-0.7324218153953552,0.5187987685203552,0.3662109076976776,80.0,9252.0,1.0,O,F,I,0
239442.625,239561.8125,239781.296875,239661.765625,239784.609375,240027.171875,239857.296875,239969.953125,-0.515625,0.00048828125,-0.815673828125,-0.7324218153953552,0.5493163466453552,0.4577636420726776,80.0,9253.0,1.0,O,F,I,0
240232.1875,240351.265625,240571.03125,240451.5,240574.515625,240817.078125,240646.765625,240759.859375,-0.513671875,0.002197265625,-0.814697265625,-0.7934569716453552,0.5187987685203552,0.4882812201976776,80.0,9254.0,1.0,O,F,I,0
239946.34375,240065.890625,240285.109375,240165.65625,240288.328125,240530.890625,240360.84375,240473.84375,-0.512451171875,0.001220703125,-0.8134765625,-0.7934569716453552,0.4882812201976776,0.4882812201976776,80.0,9255.0,1.0,O,F,I,0
239140.34375,239259.96875,239479.109375,239359.75,239482.59375,239724.96875,239555.015625,239667.578125,-0.514404296875,0.000244140625,-0.81103515625,-0.8239745497703552,0.5187987685203552,0.4882812201976776,80.0,9256.0,1.0,O,F,I,0
239344.1875,239463.90625,239682.59375,239563.6875,239686.796875,239929.09375,239759.03125,239871.59375,-0.513427734375,-0.0009765625,-0.8125,-0.7324218153953552,0.4577636420726776,0.3967284858226776,80.0,9257.0,1.0,O,F,I,0
240195.171875,240314.609375,240533.65625,240414.5625,240537.765625,240779.96875,240609.65625,240722.390625,-0.513427734375,0.001953125,-0.810302734375,-0.7324218153953552,0.5187987685203552,0.4577636420726776,80.0,9258.0,1.0,O,F,I,0
240119.890625,240239.875,240459.09375,240339.640625,240462.3125,240705.140625,240534.640625,240647.296875,-0.51416015625,0.0009765625,-0.8095703125,-0.7934569716453552,0.3967284858226776,0.4882812201976776,80.0,9259.0,1.0,O,F,I,0
239278.46875,239398.1875,239617.421875,239498.328125,239621.0,239863.203125,239693.0625,239805.890625,-0.51416015625,0.000244140625,-0.811767578125,-0.7324218153953552,0.4272460639476776,0.4577636420726776,80.0,9260.0,1.0,O,F,I,0
239267.921875,239387.46875,239606.421875,239487.421875,239610.359375,239852.640625,239682.140625,239795.15625,-0.513427734375,0.0009765625,-0.812255859375,-0.8239745497703552,0.4577636420726776,0.5187987685203552,80.0,9261.0,1.0,O,F,I,0
240128.46875,240248.265625,240467.140625,240347.96875,240471.171875,240713.8125,240543.234375,240656.234375,-0.514892578125,0.00244140625,-0.80908203125,-0.7019042372703552,0.3662109076976776,0.4882812201976776,80.0,9262.0,1.0,O,F,I,0
240272.140625,240392.046875,240610.8125,240491.640625,240614.390625,240857.40625,240687.0,240800.09375,-0.514892578125,0.001953125,-0.8095703125,-0.6408690810203552,0.4272460639476776,0.4882812201976776,80.0,9263.0,1.0,O,F,I,0
239453.265625,239573.421875,239792.125,239672.765625,239795.6875,240038.25,239867.9375,239980.765625,-0.515869140625,0.001220703125,-0.809814453125,-0.5798339247703552,0.3967284858226776,0.5493163466453552,80.0,9264.0,1.0,O,F,I,0
239227.6875,239348.21875,239566.8125,239447.453125,239570.296875,239812.859375,239642.71875,239755.375,-0.5146484375,-0.000732421875,-0.80810546875,-0.7019042372703552,0.4272460639476776,0.4272460639476776,80.0,9265.0,1.0,O,F,I,0
240039.234375,240159.484375,240378.1875,240258.734375,240381.9375,240624.234375,240454.0,240567.453125,-0.515380859375,-0.000244140625,-0.810546875,-0.7019042372703552,0.3967284858226776,0.4577636420726776,80.0,9266.0,1.0,O,F,I,0
240389.171875,240509.4375,240728.203125,240609.03125,240731.78125,240974.34375,240803.84375,240917.484375,-0.514404296875,0.001708984375,-0.810302734375,-0.7019042372703552,0.4577636420726776,0.4272460639476776,80.0,9267.0,1.0,O,F,I,0
239641.203125,239761.0,239980.234375,239861.3125,239983.890625,240226.375,240056.046875,240169.0625,-0.514404296875,0.001953125,-0.8125,-0.5493163466453552,0.4577636420726776,0.4272460639476776,80.0,9268.0,1.0,O,F,I,0
239214.90625,239334.984375,239554.03125,239435.203125,239557.875,239799.890625,239630.03125,239742.59375,-0.514404296875,0.001708984375,-0.8125,-0.5798339247703552,0.4577636420726776,0.4577636420726776,80.0,9269.0,1.0,O,F,I,0
239926.046875,240046.03125,240265.265625,240146.078125,240268.484375,240511.125,240340.8125,240453.90625,-0.512939453125,0.0,-0.810546875,-0.6103515028953552,0.4272460639476776,0.4272460639476776,80.0,9270.0,1.0,O,F,I,0
240462.140625,240582.125,240801.25,240681.890625,240804.5625,241047.296875,240876.796875,240990.265625,-0.51220703125,0.0,-0.8095703125,-0.6103515028953552,0.5798339247703552,0.4882812201976776,80.0,9271.0,1.0,O,F,I,0
239839.59375,239959.671875,240178.796875,240059.453125,240182.109375,240424.671875,240254.359375,240367.453125,-0.513916015625,0.00048828125,-0.81298828125,-0.7019042372703552,0.5187987685203552,0.4882812201976776,80.0,9272.0,1.0,O,F,I,0
239244.859375,239364.578125,239583.265625,239464.0,239587.109375,239829.765625,239659.34375,239772.0,-0.515869140625,0.001220703125,-0.8125,-0.6713866591453552,0.5187987685203552,0.3356933295726776,80.0,9273.0,1.0,O,F,I,0
239815.453125,239935.265625,240154.21875,240035.03125,240157.96875,240400.53125,240230.296875,240343.484375,-0.513916015625,-0.00048828125,-0.8134765625,-0.6408690810203552,0.5187987685203552,0.3356933295726776,80.0,9274.0,1.0,O,F,I,0
240507.109375,240626.734375,240845.78125,240726.421875,240849.09375,241092.09375,240922.046875,241034.703125,-0.512939453125,-0.0009765625,-0.81396484375,-0.7324218153953552,0.5493163466453552,0.4882812201976776,80.0,9275.0,1.0,O,F,I,0
240044.78125,240164.765625,240383.90625,240264.640625,240387.484375,240630.3125,240459.625,240572.640625,-0.513916015625,-0.00048828125,-0.81298828125,-0.7019042372703552,0.4882812201976776,0.4882812201976776,80.0,9276.0,1.0,O,F,I,0
239316.828125,239436.640625,239655.953125,239536.59375,239659.53125,239901.546875,239731.40625,239844.328125,-0.51513671875,0.000732421875,-0.8125,-0.7324218153953552,0.5493163466453552,0.4272460639476776,80.0,9277.0,1.0,O,F,I,0
239705.21875,239824.84375,240044.25,239924.890625,240047.546875,240290.109375,240119.4375,240232.359375,-0.514404296875,0.000244140625,-0.814453125,-0.6713866591453552,0.5187987685203552,0.4577636420726776,80.0,9278.0,1.0,O,F,I,0
240502.546875,240622.53125,240841.484375,240722.125,240844.890625,241087.796875,240916.953125,241030.140625,-0.5146484375,0.000244140625,-0.810791015625,-0.6713866591453552,0.5187987685203552,0.4882812201976776,80.0,9279.0,1.0,O,F,I,0
240237.015625,240356.90625,240575.859375,240456.5,240579.34375,240822.0,240651.5,240764.859375,-0.513916015625,0.001953125,-0.811279296875,-0.7324218153953552,0.5493163466453552,0.5187987685203552,80.0,9280.0,1.0,O,F,I,0
239423.765625,239543.5625,239762.609375,239643.25,239766.09375,240008.484375,239838.515625,239951.0,-0.512939453125,0.0009765625,-0.8134765625,-0.7019042372703552,0.4882812201976776,0.4882812201976776,80.0,9281.0,1.0,O,F,I,0
239606.59375,239726.3125,239945.359375,239826.265625,239948.84375,240191.328125,240021.171875,240133.75,-0.51416015625,0.000732421875,-0.812255859375,-0.6408690810203552,0.5798339247703552,0.4272460639476776,80.0,9282.0,1.0,O,F,I,0
240462.3125,240581.9375,240800.890625,240682.171875,240804.65625,241047.390625,240876.796875,240990.078125,-0.51220703125,0.0009765625,-0.810791015625,-0.6408690810203552,0.5187987685203552,0.4882812201976776,80.0,9283.0,1.0,O,F,I,0
240408.765625,240528.46875,240747.34375,240628.609375,240750.921875,240993.84375,240823.25,240936.4375,-0.512451171875,0.000732421875,-0.815673828125,-0.6408690810203552,0.5493163466453552,0.4272460639476776,80.0,9284.0,1.0,O,F,I,0
239567.890625,239688.046875,239906.46875,239787.640625,239910.3125,240153.046875,239982.5625,240095.390625,-0.513671875,0.00146484375,-0.811767578125,-0.6713866591453552,0.3967284858226776,0.4882812201976776,80.0,9285.0,1.0,O,F,I,0
239533.46875,239654.078125,239872.5,239753.5,239876.078125,240119.171875,239948.578125,240061.140625,-0.513427734375,0.001220703125,-0.811279296875,-0.7629393935203552,0.4882812201976776,0.4577636420726776,80.0,9286.0,1.0,O,F,I,0
240388.90625,240508.8125,240727.5,240608.21875,240730.796875,240973.71875,240803.3125,240916.5,-0.511474609375,0.00146484375,-0.809814453125,-0.7019042372703552,0.4882812201976776,0.4882812201976776,80.0,9287.0,1.0,O,F,I,0
240554.3125,240674.03125,240892.625,240773.546875,240895.9375,241139.296875,240968.71875,241082.0,-0.511962890625,0.000732421875,-0.814697265625,-0.7629393935203552,0.4882812201976776,0.4882812201976776,80.0,9288.0,1.0,O,F,I,0
239739.8125,239859.796875,240078.484375,239959.578125,240082.328125,240324.984375,240154.578125,240267.765625,-0.51318359375,0.00048828125,-0.81201171875,-0.8850097060203552,0.3967284858226776,0.5493163466453552,80.0,9289.0,1.0,O,F,I,0
239492.96875,239612.765625,239831.375,239712.546875,239835.390625,240077.78125,239907.28125,240020.734375,-0.515869140625,0.00146484375,-0.812744140625,-0.7934569716453552,0.3967284858226776,0.5187987685203552,80.0,9290.0,1.0,O,F,I,0
240297.0,240416.625,240635.3125,240516.578125,240638.984375,240881.8125,240711.3125,240824.59375,-0.51416015625,0.0009765625,-0.809326171875,-0.8850097060203552,0.3967284858226776,0.4272460639476776,80.0,9291.0,1.0,O,F,I,0
240665.53125,240785.15625,241003.84375,240884.9375,241007.25,241250.609375,241080.03125,241193.03125,-0.512939453125,0.001708984375,-0.81103515625,-0.7629393935203552,0.3662109076976776,0.5187987685203552,80.0,9292.0,1.0,O,F,I,0
239929.09375,240048.8125,240267.234375,240148.671875,240271.15625,240514.078125,240343.484375,240456.328125,-0.513427734375,0.0029296875,-0.810791015625,-0.7934569716453552,0.3662109076976776,0.4577636420726776,80.0,9293.0,1.0,O,F,I,0
239484.46875,239604.453125,239822.421875,239704.046875,239826.453125,240069.453125,239898.953125,240011.703125,-0.51220703125,0.00146484375,-0.811767578125,-0.6408690810203552,0.3967284858226776,0.5187987685203552,80.0,9294.0,1.0,O,F,I,0
240183.90625,240304.328125,240522.484375,240403.484375,240526.234375,240769.0625,240598.65625,240711.84375,-0.513671875,0.00244140625,-0.8115234375,-0.6103515028953552,0.4882812201976776,0.3967284858226776,80.0,9295.0,1.0,O,F,I,0
240737.953125,240857.84375,241076.625,240957.53125,241080.109375,241323.125,241152.625,241265.90625,-0.5166015625,-0.0009765625,-0.8115234375,-0.6713866591453552,0.4272460639476776,0.4577636420726776,80.0,9296.0,1.0,O,F,I,0
240129.1875,240248.984375,240468.03125,240349.21875,240471.34375,240714.53125,240543.9375,240656.859375,-0.5166015625,0.000244140625,-0.81298828125,-0.7324218153953552,0.5187987685203552,0.4577636420726776,80.0,9297.0,1.0,O,F,I,0
239517.640625,239637.359375,239856.484375,239737.484375,239859.796875,240102.625,239932.671875,240045.046875,-0.514404296875,0.001708984375,-0.813720703125,-0.7629393935203552,0.5187987685203552,0.4272460639476776,80.0,9298.0,1.0,O,F,I,0
240068.390625,240187.828125,240407.234375,240288.234375,240410.71875,240653.375,240483.40625,240595.890625,-0.515625,0.0,-0.8125,-0.6103515028953552,0.4272460639476776,0.3662109076976776,80.0,9299.0,1.0,O,F,I,0
240771.84375,240891.375,241110.78125,240991.25,241114.265625,241356.921875,241186.78125,241299.78125,-0.51416015625,0.001220703125,-0.812744140625,-0.6408690810203552,0.3967284858226776,0.4577636420726776,80.0,9300.0,1.0,O,F,I,0
240330.96875,240450.59375,240669.921875,240550.296875,240673.21875,240916.046875,240745.5625,240859.015625,-0.512451171875,0.001708984375,-0.813720703125,-0.7019042372703552,0.4272460639476776,0.4882812201976776,80.0,9301.0,1.0,O,F,I,0
239594.078125,239713.171875,239932.484375,239813.3125,239935.703125,240178.71875,240008.390625,240121.5,-0.511474609375,0.000244140625,-0.8125,-0.7019042372703552,0.5187987685203552,0.5187987685203552,80.0,9302.0,1.0,O,F,I,0
239965.390625,240084.921875,240303.96875,240184.703125,240307.109375,240550.203125,240379.875,240493.0625,-0.514404296875,0.00048828125,-0.809814453125,-0.7324218153953552,0.4882812201976776,0.4577636420726776,80.0,9303.0,1.0,O,F,I,0
240771.125,240890.65625,241109.703125,240990.078125,241113.015625,241356.03125,241185.703125,241298.8125,-0.5126953125,-0.000732421875,-0.812255859375,-0.7324218153953552,0.3967284858226776,0.4272460639476776,80.0,9304.0,1.0,O,F,I,0
240525.4375,240644.96875,240864.109375,240744.921875,240867.140625,241110.328125,240939.84375,241053.203125,-0.512939453125,0.000244140625,-0.814453125,-0.7324218153953552,0.4577636420726776,0.3967284858226776,80.0,9305.0,1.0,O,F,I,0
239709.859375,239828.859375,240047.828125,239929.09375,240051.484375,240294.140625,240123.8125,240237.09375,-0.513427734375,0.001708984375,-0.8154296875,-0.8239745497703552,0.4882812201976776,0.4577636420726776,80.0,9306.0,1.0,O,F,I,0
239870.34375,239989.890625,240208.671875,240089.9375,240212.515625,240454.984375,240284.484375,240397.84375,-0.510986328125,0.0009765625,-0.813720703125,-0.7629393935203552,0.5493163466453552,0.4882812201976776,80.0,9307.0,1.0,O,F,I,0
240725.890625,240845.78125,241064.5625,240945.828125,241068.3125,241310.96875,241140.375,241253.5625,-0.510986328125,0.002197265625,-0.812744140625,-0.7934569716453552,0.5493163466453552,0.4882812201976776,80.0,9308.0,1.0,O,F,I,0
240692.625,240812.25,241031.203125,240912.390625,241034.875,241277.96875,241107.296875,241220.578125,-0.513671875,0.0009765625,-0.81005859375,-0.7629393935203552,0.5798339247703552,0.4577636420726776,80.0,9309.0,1.0,O,F,I,0
239852.640625,239972.0,240191.046875,240072.046875,240194.890625,240437.375,240267.046875,240380.140625,-0.513427734375,0.00048828125,-0.810791015625,-0.6713866591453552,0.5187987685203552,0.5187987685203552,80.0,9310.0,1.0,O,F,I,0
239799.265625,239918.8125,240138.03125,240018.671875,240141.34375,240384.0,240213.765625,240326.953125,-0.515380859375,-0.0009765625,-0.8134765625,-0.7019042372703552,0.5798339247703552,0.4272460639476776,80.0,9311.0,1.0,O,F,I,0
240654.359375,240773.984375,240993.03125,240873.765625,240996.15625,241239.171875,241068.84375,241182.390625,-0.5146484375,-0.001220703125,-0.8125,-0.6408690810203552,0.5187987685203552,0.3356933295726776,80.0,9312.0,1.0,O,F,I,0
240837.734375,240957.09375,241176.578125,241057.3125,241179.890625,241422.453125,241252.140625,241365.59375,-0.515869140625,0.00048828125,-0.81396484375,-0.6713866591453552,0.4577636420726776,0.3662109076976776,80.0,9313.0,1.0,O,F,I,0
240027.609375,240147.15625,240366.296875,240247.109375,240369.78125,240612.15625,240441.84375,240555.125,-0.51318359375,-0.000244140625,-0.8115234375,-0.7019042372703552,0.4882812201976776,0.3967284858226776,80.0,9314.0,1.0,O,F,I,0
239763.6875,239883.5,240102.0,239982.90625,240105.765625,240348.234375,240177.90625,240291.09375,-0.51318359375,0.0009765625,-0.813232421875,-0.7629393935203552,0.5493163466453552,0.3967284858226776,80.0,9315.0,1.0,O,F,I,0
240560.578125,240680.734375,240899.328125,240779.890625,240902.90625,241145.65625,240975.15625,241088.34375,-0.5126953125,-0.0009765625,-0.8134765625,-0.8544921278953552,0.4577636420726776,0.3967284858226776,80.0,9316.0,1.0,O,F,I,0
240945.46875,241065.546875,241284.59375,241165.140625,241287.984375,241530.8125,241360.3125,241473.421875,-0.51220703125,-0.000732421875,-0.812744140625,-0.8239745497703552,0.5187987685203552,0.3356933295726776,80.0,9317.0,1.0,O,F,I,0
240217.34375,240336.78125,240556.09375,240436.921875,240559.5,240802.328125,240631.375,240745.015625,-0.512451171875,0.001220703125,-0.811767578125,-0.7629393935203552,0.4577636420726776,0.4272460639476776,80.0,9318.0,1.0,O,F,I,0
239758.5,239877.953125,240096.90625,239978.078125,240100.65625,240343.21875,240172.8125,240286.09375,-0.512939453125,0.00390625,-0.8134765625,-0.6408690810203552,0.4882812201976776,0.3967284858226776,80.0,9319.0,1.0,O,F,I,0
240449.34375,240569.328125,240788.109375,240669.203125,240791.6875,241034.515625,240864.109375,240977.203125,-0.515625,0.00244140625,-0.810302734375,-0.7324218153953552,0.4577636420726776,0.4882812201976776,80.0,9320.0,1.0,O,F,I,0
241016.546875,241136.53125,241355.3125,241236.3125,241359.0625,241601.71875,241431.21875,241544.40625,-0.51513671875,0.001220703125,-0.8115234375,-0.7324218153953552,0.4272460639476776,0.4577636420726776,80.0,9321.0,1.0,O,F,I,0
240420.828125,240540.359375,240759.5,240640.40625,240762.984375,241005.375,240835.234375,240948.15625,-0.515625,0.00146484375,-0.811279296875,-0.7629393935203552,0.4577636420726776,0.4882812201976776,80.0,9322.0,1.0,O,F,I,0
239798.375,239918.1875,240136.96875,240018.046875,240140.625,240383.09375,240212.953125,240326.0625,-0.514404296875,0.000732421875,-0.813720703125,-0.7324218153953552,0.4272460639476776,0.3662109076976776,80.0,9323.0,1.0,O,F,I,0
240335.265625,240455.078125,240674.125,240555.03125,240677.421875,240920.4375,240749.84375,240863.390625,-0.513427734375,0.00146484375,-0.814453125,-0.7324218153953552,0.4577636420726776,0.3967284858226776,80.0,9324.0,1.0,O,F,I,0
241048.46875,241168.359375,241387.5,241268.140625,241390.71875,241633.984375,241462.859375,241576.59375,-0.51171875,0.000244140625,-0.810302734375,-0.7019042372703552,0.5187987685203552,0.3662109076976776,80.0,9325.0,1.0,O,F,I,0
240622.171875,240742.0625,240961.390625,240842.109375,240964.6875,241207.4375,241037.015625,241150.296875,-0.51416015625,-0.000244140625,-0.810791015625,-0.6103515028953552,0.5187987685203552,0.3967284858226776,80.0,9326.0,1.0,O,F,I,0
239875.625,239995.25,240214.390625,240095.484375,240218.140625,240460.703125,240290.5625,240403.3125,-0.51416015625,0.002197265625,-0.8115234375,-0.7629393935203552,0.4882812201976776,0.3967284858226776,80.0,9327.0,1.0,O,F,I,0
240226.90625,240346.796875,240565.84375,240446.75,240569.421875,240812.078125,240642.015625,240754.9375,-0.513916015625,0.00390625,-0.8154296875,-0.7324218153953552,0.4272460639476776,0.4272460639476776,80.0,9328.0,1.0,O,F,I,0
241038.71875,241158.609375,241378.015625,241258.296875,241381.234375,241623.890625,241453.65625,241567.203125,-0.5146484375,0.002197265625,-0.81689453125,-0.7934569716453552,0.4577636420726776,0.3967284858226776,80.0,9329.0,1.0,O,F,I,0
240812.609375,240932.5,241151.640625,241032.1875,241154.953125,241397.953125,241227.8125,241341.0,-0.513916015625,0.001953125,-0.812744140625,-0.7324218153953552,0.4577636420726776,0.4882812201976776,80.0,9330.0,1.0,O,F,I,0
239992.390625,240111.75,240330.96875,240212.0625,240334.640625,240577.296875,240406.96875,240520.25,-0.513916015625,0.00146484375,-0.81494140625,-0.7934569716453552,0.4882812201976776,0.5187987685203552,80.0,9331.0,1.0,O,F,I,0
240134.8125,240254.171875,240473.3125,240354.40625,240476.625,240719.71875,240549.578125,240662.859375,-0.513916015625,0.000244140625,-0.811767578125,-0.7629393935203552,0.4272460639476776,0.3662109076976776,80.0,9332.0,1.0,O,F,I,0
240994.828125,241114.53125,241333.671875,241214.5,241337.15625,241580.34375,241409.671875,241523.578125,-0.512939453125,0.0009765625,-0.815185546875,-0.7629393935203552,0.4272460639476776,0.3967284858226776,80.0,9333.0,1.0,O,F,I,0
240981.671875,241101.3125,241320.359375,241201.171875,241323.65625,241566.84375,241395.90625,241509.8125,-0.514892578125,0.001220703125,-0.814697265625,-0.7324218153953552,0.4577636420726776,0.3662109076976776,80.0,9334.0,1.0,O,F,I,0
240141.875,240261.0625,240480.46875,240361.375,240483.59375,240726.421875,240556.015625,240669.46875,-0.514892578125,0.00244140625,-0.81396484375,-0.7629393935203552,0.4577636420726776,0.5493163466453552,80.0,9335.0,1.0,O,F,I,0
240067.21875,240186.40625,240405.625,240286.453125,240409.203125,240651.765625,240481.359375,240594.546875,-0.512939453125,0.002685546875,-0.81494140625,-0.7019042372703552,0.4882812201976776,0.5493163466453552,80.0,9336.0,1.0,O,F,I,0
240918.109375,241037.46875,241256.609375,241137.25,241260.359375,241502.921875,241332.15625,241445.875,-0.513671875,0.00146484375,-0.813232421875,-0.7019042372703552,0.4577636420726776,0.4577636420726776,80.0,9337.0,1.0,O,F,I,0
241120.890625,241240.875,241459.921875,241340.375,241463.5,241706.234375,241535.46875,241648.828125,-0.5146484375,-0.000244140625,-0.810791015625,-0.6103515028953552,0.4882812201976776,0.3662109076976776,80.0,9338.0,1.0,O,F,I,0
240316.9375,240436.46875,240655.515625,240536.34375,240659.09375,240901.921875,240731.421875,240844.625,-0.5126953125,-0.0009765625,-0.81005859375,-0.7324218153953552,0.4882812201976776,0.3967284858226776,80.0,9339.0,1.0,O,F,I,0
240032.265625,240151.625,240370.84375,240251.40625,240374.421875,240616.890625,240446.75,240559.671875,-0.51220703125,-0.000244140625,-0.811767578125,-0.7629393935203552,0.4882812201976776,0.3662109076976776,80.0,9340.0,1.0,O,F,I,0
240821.28125,240940.90625,241160.046875,241040.59375,241163.359375,241406.09375,241236.125,241349.3125,-0.513427734375,0.001953125,-0.8134765625,-0.7324218153953552,0.4882812201976776,0.3967284858226776,80.0,9341.0,1.0,O,F,I,0
241226.828125,241346.8125,241565.953125,241446.5,241569.265625,241812.1875,241641.765625,241755.3125,-0.514892578125,0.0,-0.81201171875,-0.6713866591453552,0.5493163466453552,0.4272460639476776,80.0,9342.0,1.0,O,F,I,0
240510.234375,240629.953125,240849.09375,240729.640625,240852.484375,241095.046875,240924.640625,241038.265625,-0.5146484375,0.00048828125,-0.8125,-0.7019042372703552,0.5187987685203552,0.4272460639476776,80.0,9343.0,1.0,O,F,I,0
240033.25,240152.609375,240371.65625,240252.5625,240375.328125,240617.96875,240447.46875,240560.84375,-0.513427734375,0.000732421875,-0.815185546875,-0.6713866591453552,0.4882812201976776,0.4577636420726776,80.0,9344.0,1.0,O,F,I,0
240709.609375,240829.15625,241048.015625,240928.65625,241051.59375,241294.515625,241124.015625,241237.375,-0.51220703125,0.001708984375,-0.8115234375,-0.7019042372703552,0.5187987685203552,0.3967284858226776,80.0,9345.0,1.0,O,F,I,0
241291.65625,241411.71875,241630.6875,241511.328125,241633.8125,241877.265625,241706.40625,241819.953125,-0.5126953125,0.0,-0.81201171875,-0.7934569716453552,0.3967284858226776,0.4272460639476776,80.0,9346.0,1.0,O,F,I,0
240710.0625,240829.859375,241049.1875,240930.0,241052.671875,241295.671875,241124.8125,241238.359375,-0.51220703125,0.0009765625,-0.81103515625,-0.8544921278953552,0.4577636420726776,0.4577636420726776,80.0,9347.0,1.0,O,F,I,0
240073.390625,240192.9375,240412.515625,240293.328125,240416.09375,240658.921875,240488.234375,240601.4375,-0.513671875,0.0,-0.812255859375,-0.7629393935203552,0.4577636420726776,0.5493163466453552,80.0,9348.0,1.0,O,F,I,0
240594.28125,240713.640625,240933.125,240813.765625,240936.4375,241179.625,241008.671875,241122.046875,-0.516357421875,-0.0009765625,-0.812255859375,-0.7324218153953552,0.3967284858226776,0.4272460639476776,80.0,9349.0,1.0,O,F,I,0
241318.46875,241438.015625,241657.0625,241537.703125,241660.28125,241903.640625,241732.421875,241846.421875,-0.514404296875,-0.001953125,-0.811767578125,-0.6713866591453552,0.4272460639476776,0.3967284858226776,80.0,9350.0,1.0,O,F,I,0
240910.515625,241029.953125,241249.0,241129.828125,241252.5,241495.765625,241324.546875,241438.453125,-0.511962890625,0.000244140625,-0.81494140625,-0.6408690810203552,0.4272460639476776,0.3967284858226776,80.0,9351.0,1.0,O,F,I,0
240154.65625,240274.015625,240493.78125,240374.421875,240497.09375,240740.015625,240569.0625,240682.796875,-0.513671875,-0.0009765625,-0.81103515625,-0.6713866591453552,0.4577636420726776,0.3356933295726776,80.0,9352.0,1.0,O,F,I,0
240485.828125,240605.359375,240824.765625,240705.234375,240828.34375,241071.4375,240900.3125,241014.21875,-0.513671875,0.00048828125,-0.811767578125,-0.6408690810203552,0.4882812201976776,0.4577636420726776,80.0,9353.0,1.0,O,F,I,0
241303.984375,241423.703125,241642.84375,241523.3125,241646.421875,241889.609375,241718.296875,241832.5625,-0.514404296875,0.00146484375,-0.8134765625,-0.6408690810203552,0.4577636420726776,0.3662109076976776,80.0,9354.0,1.0,O,F,I,0
241096.828125,241216.28125,241435.59375,241316.15625,241438.90625,241682.0,241511.234375,241624.875,-0.513427734375,0.000244140625,-0.81396484375,-0.7324218153953552,0.4577636420726776,0.3356933295726776,80.0,9355.0,1.0,O,F,I,0
240273.125,240392.671875,240611.796875,240492.53125,240615.28125,240858.125,240687.890625,240800.984375,-0.513671875,-0.000732421875,-0.81103515625,-0.7324218153953552,0.5493163466453552,0.4272460639476776,80.0,9356.0,1.0,O,F,I,0
240396.515625,240516.21875,240735.453125,240616.265625,240738.9375,240981.671875,240811.359375,240924.375,-0.51416015625,0.0,-0.812744140625,-0.7019042372703552,0.4577636420726776,0.4577636420726776,80.0,9357.0,1.0,O,F,I,0
241257.671875,241377.75,241596.890625,241477.625,241600.375,241843.203125,241672.265625,241786.15625,-0.5146484375,-0.000732421875,-0.8134765625,-0.7324218153953552,0.5493163466453552,0.4577636420726776,80.0,9358.0,1.0,O,F,I,0
241263.9375,241383.921875,241602.875,241483.609375,241606.359375,241849.28125,241678.15625,241792.515625,-0.515625,0.00048828125,-0.811767578125,-0.6713866591453552,0.4272460639476776,0.4882812201976776,80.0,9359.0,1.0,O,F,I,0
240426.1875,240545.546875,240764.78125,240645.515625,240768.4375,241011.09375,240840.328125,240953.875,-0.514404296875,0.00048828125,-0.8125,-0.7019042372703552,0.4272460639476776,0.4882812201976776,80.0,9360.0,1.0,O,F,I,0
240332.21875,240451.859375,240670.984375,240551.71875,240674.5625,240917.21875,240746.71875,240859.90625,-0.513427734375,-0.00048828125,-0.81103515625,-0.8239745497703552,0.4272460639476776,0.3967284858226776,80.0,9361.0,1.0,O,F,I,0
241179.0,241298.8125,241518.125,241398.671875,241521.34375,241764.703125,241593.671875,241707.390625,-0.514892578125,0.001708984375,-0.8095703125,-0.7324218153953552,0.3662109076976776,0.3356933295726776,80.0,9362.0,1.0,O,F,I,0
241400.453125,241519.90625,241739.484375,241620.046875,241742.53125,241986.171875,241814.953125,241928.953125,-0.51318359375,0.000732421875,-0.81201171875,-0.7324218153953552,0.4272460639476776,0.3662109076976776,80.0,9363.0,1.0,O,F,I,0
240601.15625,240720.609375,240940.015625,240820.921875,240943.328125,241186.515625,241015.921875,241129.203125,-0.51416015625,0.000732421875,-0.810546875,-0.7324218153953552,0.4577636420726776,0.3356933295726776,80.0,9364.0,1.0,O,F,I,0
240298.34375,240417.703125,240637.109375,240518.1875,240640.765625,240883.953125,240713.1875,240826.109375,-0.513671875,0.002197265625,-0.810791015625,-0.7629393935203552,0.4272460639476776,0.4272460639476776,80.0,9365.0,1.0,O,F,I,0
241079.578125,241198.671875,241418.34375,241299.15625,241421.921875,241665.015625,241493.984375,241607.265625,-0.513671875,0.001220703125,-0.811279296875,-0.7934569716453552,0.3967284858226776,0.3662109076976776,80.0,9366.0,1.0,O,F,I,0
241501.40625,241620.9375,241840.171875,241721.078125,241843.921875,242087.28125,241916.25,242029.4375,-0.511962890625,0.002685546875,-0.8125,-0.7019042372703552,0.4577636420726776,0.4577636420726776,80.0,9367.0,1.0,O,F,I,0
240792.578125,240912.203125,241131.171875,241012.078125,241134.921875,241377.9375,241207.34375,241320.265625,-0.511474609375,-0.000732421875,-0.81494140625,-0.7019042372703552,0.4272460639476776,0.4882812201976776,80.0,9368.0,1.0,O,F,I,0
240299.859375,240419.3125,240638.53125,240519.625,240642.015625,240884.9375,240714.625,240827.625,-0.513427734375,-0.00146484375,-0.8125,-0.7019042372703552,0.4577636420726776,0.4577636420726776,80.0,9369.0,1.0,O,F,I,0
240964.25,241083.953125,241303.0,241183.921875,241306.3125,241549.6875,241378.828125,241492.015625,-0.513427734375,0.00146484375,-0.811279296875,-0.7629393935203552,0.5798339247703552,0.4577636420726776,80.0,9370.0,1.0,O,F,I,0
241561.75,241681.28125,241900.421875,241780.984375,241903.734375,242147.015625,241975.96875,242089.703125,-0.515625,0.000244140625,-0.809814453125,-0.7019042372703552,0.4882812201976776,0.4272460639476776,80.0,9371.0,1.0,O,F,I,0
240993.390625,241112.84375,241332.25,241212.796875,241335.46875,241578.46875,241407.96875,241521.421875,-0.5146484375,0.00146484375,-0.811279296875,-0.6713866591453552,0.5187987685203552,0.4272460639476776,80.0,9372.0,1.0,O,F,I,0
240343.046875,240462.578125,240681.71875,240562.71875,240685.5625,240928.390625,240757.890625,240871.078125,-0.51513671875,0.0009765625,-0.81298828125,-0.6408690810203552,0.5493163466453552,0.4272460639476776,80.0,9373.0,1.0,O,F,I,0
240849.171875,240968.71875,241188.390625,241068.9375,241191.34375,241434.53125,241264.109375,241377.296875,-0.515380859375,0.001220703125,-0.81103515625,-0.7629393935203552,0.4577636420726776,0.4272460639476776,80.0,9374.0,1.0,O,F,I,0
241584.1875,241704.0,241923.484375,241804.21875,241926.625,242169.71875,241998.953125,242112.59375,-0.514892578125,0.001708984375,-0.810791015625,-0.7934569716453552,0.4882812201976776,0.4577636420726776,80.0,9375.0,1.0,O,F,I,0
241192.328125,241312.125,241531.4375,241412.078125,241534.84375,241777.765625,241607.265625,241720.359375,-0.514892578125,0.0029296875,-0.8134765625,-0.7934569716453552,0.4577636420726776,0.4577636420726776,80.0,9376.0,1.0,O,F,I,0
240426.734375,240546.171875,240765.765625,240646.40625,240768.890625,241012.078125,240841.40625,240954.234375,-0.51220703125,0.0009765625,-0.814453125,-0.7019042372703552,0.4577636420726776,0.5493163466453552,80.0,9377.0,1.0,O,F,I,0
240743.953125,240863.578125,241082.890625,240963.34375,241086.28125,241329.203125,241158.703125,241271.53125,-0.513427734375,0.001708984375,-0.81396484375,-0.7629393935203552,0.4882812201976776,0.4882812201976776,80.0,9378.0,1.0,O,F,I,0
241569.171875,241688.703125,241908.203125,241788.671875,241911.515625,242154.34375,241984.015625,242097.390625,-0.5146484375,0.002685546875,-0.8134765625,-0.6713866591453552,0.5187987685203552,0.4272460639476776,80.0,9379.0,1.0,O,F,I,0
241379.359375,241498.359375,241717.859375,241598.59375,241721.078125,241964.4375,241793.765625,241906.953125,-0.513671875,0.0029296875,-0.812255859375,-0.7019042372703552,0.4272460639476776,0.4272460639476776,80.0,9380.0,1.0,O,F,I,0
240551.0,240669.921875,240889.40625,240770.328125,240892.890625,241135.8125,240965.3125,241078.421875,-0.513427734375,0.001708984375,-0.8134765625,-0.7019042372703552,0.3967284858226776,0.3967284858226776,80.0,9381.0,1.0,O,F,I,0
240654.359375,240773.265625,240992.859375,240873.5,240996.4375,241239.34375,241068.671875,241181.859375,-0.513427734375,0.001220703125,-0.813720703125,-0.7934569716453552,0.3662109076976776,0.3662109076976776,80.0,9382.0,1.0,O,F,I,0
241516.0625,241635.328125,241854.5625,241735.109375,241858.3125,242101.5,241930.46875,242044.1875,-0.51416015625,0.000732421875,-0.81201171875,-0.7629393935203552,0.3662109076976776,0.4272460639476776,80.0,9383.0,1.0,O,F,I,0
241541.8125,241661.078125,241880.390625,241761.21875,241883.96875,242126.890625,241956.21875,242070.03125,-0.513427734375,0.002197265625,-0.8125,-0.7324218153953552,0.4882812201976776,0.3662109076976776,80.0,9384.0,1.0,O,F,I,0
240704.515625,240823.96875,241043.546875,240924.28125,241047.03125,241289.421875,241119.453125,241232.640625,-0.514404296875,0.0009765625,-0.81494140625,-0.6103515028953552,0.5798339247703552,0.3967284858226776,80.0,9385.0,1.0,O,F,I,0
240590.875,240710.5,240930.0,240810.640625,240933.484375,241175.953125,241006.0,241118.921875,-0.513671875,0.001708984375,-0.810791015625,-0.6713866591453552,0.5493163466453552,0.3662109076976776,80.0,9386.0,1.0,O,F,I,0
241433.984375,241553.53125,241773.28125,241653.65625,241776.421875,242019.25,241848.921875,241962.203125,-0.513427734375,0.003173828125,-0.810791015625,-0.6713866591453552,0.4272460639476776,0.3356933295726776,80.0,9387.0,1.0,O,F,I,0
241675.484375,241795.1875,242014.59375,241895.15625,242018.0,242260.734375,242090.234375,242203.6875,-0.513427734375,0.003173828125,-0.8134765625,-0.6408690810203552,0.5187987685203552,0.4272460639476776,80.0,9388.0,1.0,O,F,I,0
240881.453125,241001.078125,241220.390625,241100.953125,241223.796875,241466.71875,241296.03125,241409.484375,-0.513916015625,0.0009765625,-0.81103515625,-0.7629393935203552,0.4577636420726776,0.4272460639476776,80.0,9389.0,1.0,O,F,I,0
240559.953125,240679.75,240898.890625,240779.96875,240902.546875,241145.296875,240974.890625,241087.984375,-0.512939453125,0.000732421875,-0.810302734375,-0.7629393935203552,0.4272460639476776,0.4882812201976776,80.0,9390.0,1.0,O,F,I,0
241332.59375,241452.40625,241671.625,241552.625,241674.9375,241917.859375,241747.265625,241860.90625,-0.513671875,0.00244140625,-0.811279296875,-0.7934569716453552,0.4882812201976776,0.4882812201976776,80.0,9391.0,1.0,O,F,I,0
241775.515625,241895.5,242114.828125,241995.28125,242117.953125,242360.78125,242190.375,242304.015625,-0.5146484375,0.001953125,-0.81298828125,-0.8239745497703552,0.4882812201976776,0.5493163466453552,80.0,9392.0,1.0,O,F,I,0
241079.9375,241199.65625,241419.0625,241299.703125,241422.28125,241665.015625,241494.609375,241608.25,-0.514892578125,0.001220703125,-0.813720703125,-0.9155272841453552,0.4272460639476776,0.4882812201976776,80.0,9393.0,1.0,O,F,I,0
240571.484375,240690.84375,240909.96875,240790.96875,240913.640625,241156.375,240986.0625,241099.25,-0.51416015625,0.002197265625,-0.8115234375,-0.8239745497703552,0.4272460639476776,0.4882812201976776,80.0,9394.0,1.0,O,F,I,0
241223.703125,241343.234375,241562.28125,241443.28125,241566.125,241809.046875,241638.28125,241751.390625,-0.514892578125,0.001953125,-0.8115234375,-0.7324218153953552,0.4882812201976776,0.4577636420726776,80.0,9395.0,1.0,O,F,I,0
241838.90625,241958.453125,242177.671875,242058.234375,242181.15625,242423.90625,242253.40625,242366.859375,-0.515380859375,0.0029296875,-0.81298828125,-0.6713866591453552,0.4882812201976776,0.4577636420726776,80.0,9396.0,1.0,O,F,I,0
241289.421875,241409.046875,241628.453125,241509.09375,241631.671875,241874.59375,241704.0,241817.546875,-0.514892578125,0.002197265625,-0.8134765625,-0.6713866591453552,0.5187987685203552,0.4577636420726776,80.0,9397.0,1.0,O,F,I,0
240626.734375,240746.8125,240965.765625,240846.40625,240969.15625,241211.90625,241041.578125,241154.59375,-0.5146484375,0.00146484375,-0.8134765625,-0.7019042372703552,0.5798339247703552,0.4577636420726776,80.0,9398.0,1.0,O,F,I,0
241112.75,241232.46875,241452.234375,241332.59375,241455.265625,241698.0,241527.421875,241640.78125,-0.512451171875,0.002685546875,-0.81201171875,-0.6713866591453552,0.5493163466453552,0.4577636420726776,80.0,9399.0,1.0,O,F,I,0
241855.546875,241974.71875,242194.75,242075.03125,242197.4375,242440.796875,242269.9375,242383.671875,-0.51318359375,0.000244140625,-0.8115234375,-0.7019042372703552,0.5187987685203552,0.3967284858226776,80.0,9400.0,1.0,O,F,I,0
241483.078125,241602.515625,241822.015625,241702.390625,241824.96875,242068.234375,241897.65625,242011.5625,-0.514404296875,0.000244140625,-0.80859375,-0.7019042372703552,0.4272460639476776,0.3967284858226776,80.0,9401.0,1.0,O,F,I,0
240711.578125,240830.9375,241050.515625,240930.890625,241053.828125,241296.65625,241125.984375,241239.703125,-0.514892578125,-0.001708984375,-0.80859375,-0.7934569716453552,0.3967284858226776,0.4272460639476776,80.0,9402.0,1.0,O,F,I,0
241004.5625,241124.109375,241343.6875,241224.234375,241347.078125,241589.921875,241419.234375,241532.78125,-0.513916015625,-0.001220703125,-0.81201171875,-0.7019042372703552,0.4272460639476776,0.4272460639476776,80.0,9403.0,1.0,O,F,I,0
241834.984375,241954.609375,242174.28125,242054.734375,242177.5,242420.6875,242249.46875,242363.46875,-0.513916015625,0.0009765625,-0.81298828125,-0.8239745497703552,0.3967284858226776,0.4577636420726776,80.0,9404.0,1.0,O,F,I,0
241665.734375,241785.359375,242004.671875,241885.5,242008.34375,242250.984375,242080.21875,242193.953125,-0.5146484375,0.00048828125,-0.812255859375,-0.7019042372703552,0.4272460639476776,0.4272460639476776,80.0,9405.0,1.0,O,F,I,0
240832.734375,240952.625,241171.671875,241052.40625,241175.609375,241417.984375,241247.390625,241360.859375,-0.51171875,0.0,-0.8134765625,-0.7934569716453552,0.3967284858226776,0.4577636420726776,80.0,9406.0,1.0,O,F,I,0
240914.71875,241034.609375,241253.921875,241134.296875,241257.328125,241500.234375,241329.46875,241442.921875,-0.510009765625,0.000732421875,-0.811767578125,-0.8850097060203552,0.4577636420726776,0.4272460639476776,80.0,9407.0,1.0,O,F,I,0
241777.3125,241897.03125,242116.34375,241996.453125,242119.296875,242362.390625,242191.796875,242305.609375,-0.510498046875,0.0009765625,-0.810546875,-0.7934569716453552,0.4577636420726776,0.3967284858226776,80.0,9408.0,1.0,O,F,I,0
241826.21875,241946.015625,242165.25,242045.359375,242168.28125,242411.46875,242241.25,242354.875,-0.512939453125,0.00048828125,-0.814697265625,-0.7629393935203552,0.5493163466453552,0.4272460639476776,80.0,9409.0,1.0,O,F,I,0
240991.78125,241111.3125,241330.453125,241210.734375,241333.765625,241576.6875,241406.265625,241519.640625,-0.512939453125,0.000732421875,-0.812255859375,-0.7019042372703552,0.5187987685203552,0.4882812201976776,80.0,9410.0,1.0,O,F,I,0
240860.265625,240980.0625,241198.9375,241079.3125,241202.328125,241445.171875,241274.671875,241388.03125,-0.51513671875,0.00146484375,-0.81298828125,-0.7324218153953552,0.3967284858226776,0.4272460639476776,80.0,9411.0,1.0,O,F,I,0
241696.671875,241816.734375,242035.703125,241915.890625,242039.0,242282.1875,242111.25,242225.15625,-0.514404296875,0.00146484375,-0.81201171875,-0.7629393935203552,0.3967284858226776,0.3967284858226776,80.0,9412.0,1.0,O,F,I,0
241957.015625,242076.921875,242295.6875,242176.328125,242299.453125,242542.453125,242371.234375,242485.140625,-0.514404296875,0.00146484375,-0.81298828125,-0.7019042372703552,0.4272460639476776,0.3967284858226776,80.0,9413.0,1.0,O,F,I,0
241172.921875,241292.640625,241511.421875,241392.0625,241515.078125,241757.90625,241587.328125,241700.515625,-0.5146484375,0.0029296875,-0.810302734375,-0.7019042372703552,0.5187987685203552,0.4577636420726776,80.0,9414.0,1.0,O,F,I,0
240833.0,240952.53125,241171.84375,241052.046875,241175.25,241417.8125,241247.671875,241360.765625,-0.515380859375,0.000244140625,-0.8154296875,-0.6713866591453552,0.6713866591453552,0.4577636420726776,80.0,9415.0,1.0,O,F,I,0
241596.078125,241716.515625,241935.203125,241815.578125,241938.78125,242181.78125,242011.109375,242124.75,-0.5146484375,0.000244140625,-0.8134765625,-0.7629393935203552,0.5187987685203552,0.4577636420726776,80.0,9416.0,1.0,O,F,I,0
242055.640625,242175.984375,242394.671875,242275.3125,242398.15625,242641.25,242470.578125,242584.390625,-0.512451171875,0.000244140625,-0.815185546875,-0.6713866591453552,0.5493163466453552,0.4882812201976776,80.0,9417.0,1.0,O,F,I,0
241373.90625,241493.796875,241712.484375,241593.40625,241716.15625,241959.171875,241788.75,241902.21875,-0.51416015625,0.001708984375,-0.81201171875,-0.6713866591453552,0.5798339247703552,0.4272460639476776,80.0,9418.0,1.0,O,F,I,0
240847.75,240967.640625,241186.328125,241067.15625,241190.171875,241432.734375,241261.96875,241375.421875,-0.51513671875,0.000732421875,-0.812255859375,-0.6408690810203552,0.5187987685203552,0.4882812201976776,80.0,9419.0,1.0,O,F,I,0
241484.765625,241605.203125,241823.71875,241704.359375,241827.375,242069.9375,241899.359375,242012.71875,-0.514404296875,0.002197265625,-0.81201171875,-0.7019042372703552,0.5187987685203552,0.5187987685203552,80.0,9420.0,1.0,O,F,I,0
242111.515625,242231.59375,242450.1875,242331.28125,242453.765625,242696.6875,242525.734375,242639.546875,-0.5146484375,0.002197265625,-0.8134765625,-0.7019042372703552,0.4882812201976776,0.4272460639476776,80.0,9421.0,1.0,O,F,I,0
241575.703125,241695.328125,241914.546875,241795.1875,241917.6875,242160.875,241989.75,242103.375,-0.51416015625,-0.00048828125,-0.812255859375,-0.6408690810203552,0.4882812201976776,0.4577636420726776,80.0,9422.0,1.0,O,F,I,0
240902.203125,241021.640625,241241.140625,241121.515625,241244.265625,241487.0,241316.421875,241429.96875,-0.51220703125,-0.000732421875,-0.810546875,-0.7019042372703552,0.5187987685203552,0.4272460639476776,80.0,9423.0,1.0,O,F,I,0
241371.9375,241491.296875,241710.796875,241591.34375,241714.09375,241957.109375,241786.34375,241900.0625,-0.51416015625,0.0,-0.8115234375,-0.7629393935203552,0.3967284858226776,0.4577636420726776,80.0,9424.0,1.0,O,F,I,0
242124.65625,242244.375,242463.328125,242343.703125,242466.640625,242710.0,242539.0625,242652.96875,-0.51318359375,0.0,-0.810791015625,-0.6713866591453552,0.4577636420726776,0.5187987685203552,80.0,9425.0,1.0,O,F,I,0
241770.78125,241890.671875,242109.546875,241990.015625,242112.9375,242356.046875,242185.546875,242298.734375,-0.513916015625,-0.00146484375,-0.813720703125,-0.6408690810203552,0.4577636420726776,0.4577636420726776,80.0,9426.0,1.0,O,F,I,0
240991.0625,241111.234375,241330.1875,241210.5625,241333.578125,241576.40625,241405.734375,241519.015625,-0.51416015625,0.000732421875,-0.814453125,-0.7324218153953552,0.4882812201976776,0.5798339247703552,80.0,9427.0,1.0,O,F,I,0
241265.90625,241385.703125,241605.203125,241485.390625,241608.421875,241851.34375,241680.3125,241793.765625,-0.5146484375,0.00146484375,-0.8115234375,-0.7629393935203552,0.4882812201976776,0.4577636420726776,80.0,9428.0,1.0,O,F,I,0
242101.140625,242220.859375,242440.4375,242320.640625,242443.484375,242686.671875,242515.453125,242629.453125,-0.515869140625,0.00146484375,-0.811767578125,-0.7629393935203552,0.4272460639476776,0.3967284858226776,80.0,9429.0,1.0,O,F,I,0
241952.640625,242072.4375,242291.578125,242172.125,242294.984375,242537.984375,242367.125,242480.9375,-0.51513671875,0.00146484375,-0.813720703125,-0.7934569716453552,0.4272460639476776,0.4882812201976776,80.0,9430.0,1.0,O,F,I,0
241118.828125,241238.640625,241457.6875,241338.140625,241461.078125,241704.265625,241533.5,241646.859375,-0.513671875,-0.0009765625,-0.812744140625,-0.7019042372703552,0.5798339247703552,0.4577636420726776,80.0,9431.0,1.0,O,F,I,0
241184.09375,241303.546875,241522.953125,241403.234375,241525.984375,241769.71875,241598.765625,241712.140625,-0.513671875,-0.000244140625,-0.81005859375,-0.7934569716453552,0.5493163466453552,0.4272460639476776,80.0,9432.0,1.0,O,F,I,0
242048.75,242168.375,242387.609375,242268.15625,242390.90625,242634.546875,242463.59375,242577.6875,-0.513916015625,0.0,-0.81201171875,-0.7934569716453552,0.4577636420726776,0.4272460639476776,80.0,9433.0,1.0,O,F,I,0
242116.078125,242235.875,242454.65625,242335.65625,242458.40625,242701.78125,242530.65625,242644.296875,-0.513916015625,0.00146484375,-0.812744140625,-0.7629393935203552,0.3662109076976776,0.4882812201976776,80.0,9434.0,1.0,O,F,I,0
241282.71875,241402.25,241621.75,241501.9375,241624.96875,241868.0625,241697.296875,241810.484375,-0.513916015625,0.000244140625,-0.8125,-0.8239745497703552,0.3967284858226776,0.4577636420726776,80.0,9435.0,1.0,O,F,I,0
241128.75,241248.109375,241467.515625,241347.796875,241470.90625,241713.65625,241543.25,241656.609375,-0.511474609375,-0.001708984375,-0.810302734375,-0.8239745497703552,0.3967284858226776,0.4577636420726776,80.0,9436.0,1.0,O,F,I,0
241961.484375,242080.671875,242299.890625,242180.453125,242303.296875,242546.484375,242375.71875,242489.53125,-0.51220703125,0.0009765625,-0.81103515625,-0.7324218153953552,0.3662109076976776,0.4272460639476776,80.0,9437.0,1.0,O,F,I,0
242241.78125,242361.234375,242580.640625,242460.921875,242583.578125,242826.953125,242656.1875,242769.8125,-0.51513671875,0.000732421875,-0.811279296875,-0.7629393935203552,0.4272460639476776,0.3967284858226776,80.0,9438.0,1.0,O,F,I,0
241464.46875,241584.015625,241803.328125,241684.0625,241806.640625,242049.734375,241879.0625,241992.328125,-0.51416015625,0.0,-0.81201171875,-0.8239745497703552,0.3662109076976776,0.4577636420726776,80.0,9439.0,1.0,O,F,I,0
241105.6875,241225.578125,241444.8125,241325.71875,241448.390625,241691.125,241520.625,241633.984375,-0.511962890625,0.0009765625,-0.810791015625,-0.7324218153953552,0.4577636420726776,0.3967284858226776,80.0,9440.0,1.0,O,F,I,0
241859.203125,241978.828125,242198.421875,242078.875,242202.078125,242444.734375,242273.96875,242387.96875,-0.5126953125,0.0009765625,-0.8134765625,-0.7019042372703552,0.5493163466453552,0.3967284858226776,80.0,9441.0,1.0,O,F,I,0
242333.6875,242453.671875,242672.984375,242553.28125,242676.390625,242919.578125,242748.546875,242862.71875,-0.513916015625,0.002197265625,-0.812744140625,-0.7934569716453552,0.5187987685203552,0.3051757514476776,80.0,9442.0,1.0,O,F,I,0
241661.265625,241781.25,242000.5625,241880.75,242003.953125,242246.875,242076.203125,242189.5625,-0.51318359375,0.0009765625,-0.81396484375,-0.7629393935203552,0.4882812201976776,0.4577636420726776,80.0,9443.0,1.0,O,F,I,0
241120.4375,241240.421875,241459.5625,241339.9375,241463.046875,241705.78125,241535.375,241648.203125,-0.513916015625,0.000732421875,-0.8134765625,-0.7019042372703552,0.4577636420726776,0.4272460639476776,80.0,9444.0,1.0,O,F,I,0
241745.65625,241865.28125,242084.6875,241964.890625,242087.546875,242330.65625,242159.96875,242273.96875,-0.513671875,-0.00048828125,-0.811279296875,-0.6103515028953552,0.3967284858226776,0.4882812201976776,80.0,9445.0,1.0,O,F,I,0
242386.0,242505.703125,242725.296875,242605.671875,242728.421875,242971.34375,242800.9375,242914.921875,-0.5146484375,-0.000244140625,-0.80810546875,-0.7019042372703552,0.3662109076976776,0.5798339247703552,80.0,9446.0,1.0,O,F,I,0
241862.515625,241982.40625,242201.71875,242082.375,242205.125,242448.3125,242277.359375,242391.171875,-0.513671875,0.00048828125,-0.811767578125,-0.7934569716453552,0.4577636420726776,0.4882812201976776,80.0,9447.0,1.0,O,F,I,0
241175.421875,241295.046875,241514.359375,241394.828125,241517.5,241760.40625,241589.828125,241703.1875,-0.514892578125,0.00244140625,-0.8125,-0.7934569716453552,0.4272460639476776,0.4882812201976776,80.0,9448.0,1.0,O,F,I,0
241630.6875,241750.046875,241969.53125,241849.828125,241972.671875,242215.5,242044.640625,242158.625,-0.513916015625,0.00244140625,-0.810302734375,-0.7019042372703552,0.3662109076976776,0.4577636420726776,80.0,9449.0,1.0,O,F,I,0
242395.46875,242514.734375,242734.328125,242614.515625,242737.453125,242980.90625,242809.609375,242924.046875,-0.514892578125,0.00341796875,-0.81298828125,-0.7629393935203552,0.4577636420726776,0.5798339247703552,80.0,9450.0,1.0,O,F,I,0
242059.75,242179.46875,242398.78125,242278.703125,242401.546875,242644.828125,242474.15625,242588.046875,-0.512939453125,0.0009765625,-0.812744140625,-0.7324218153953552,0.5187987685203552,0.4577636420726776,80.0,9451.0,1.0,O,F,I,0
241271.359375,241391.15625,241610.828125,241490.765625,241613.703125,241856.4375,241686.03125,241799.65625,-0.513427734375,0.001220703125,-0.812744140625,-0.7629393935203552,0.5187987685203552,0.4577636420726776,80.0,9452.0,1.0,O,F,I,0
241527.78125,241647.5,241866.890625,241747.09375,241870.203125,242112.765625,241942.171875,242055.71875,-0.514892578125,0.001953125,-0.812744140625,-0.6713866591453552,0.4577636420726776,0.3662109076976776,80.0,9453.0,1.0,O,F,I,0
242368.375,242488.1875,242707.40625,242587.96875,242710.71875,242953.546875,242782.6875,242896.859375,-0.515625,0.001220703125,-0.8125,-0.6103515028953552,0.4882812201976776,0.4272460639476776,80.0,9454.0,1.0,O,F,I,0
242238.203125,242358.09375,242577.5,242457.78125,242580.546875,242823.546875,242653.046875,242767.046875,-0.5146484375,0.0,-0.8115234375,-0.7324218153953552,0.4577636420726776,0.4577636420726776,80.0,9455.0,1.0,O,F,I,0
241401.359375,241521.421875,241740.390625,241620.9375,241743.875,241986.703125,241816.109375,241930.015625,-0.51416015625,0.000244140625,-0.81201171875,-0.7629393935203552,0.4577636420726776,0.4272460639476776,80.0,9456.0,1.0,O,F,I,0
241446.140625,241565.859375,241785.09375,241665.46875,241788.3125,242031.046875,241860.546875,241974.28125,-0.514892578125,0.0009765625,-0.811279296875,-0.7019042372703552,0.4272460639476776,0.4882812201976776,80.0,9457.0,1.0,O,F,I,0
242307.9375,242427.65625,242647.0625,242527.078125,242650.1875,242893.46875,242722.609375,242836.421875,-0.515380859375,0.001220703125,-0.808837890625,-0.7019042372703552,0.4272460639476776,0.4882812201976776,80.0,9458.0,1.0,O,F,I,0
242396.640625,242516.34375,242735.390625,242615.5,242738.796875,242982.421875,242811.578125,242925.296875,-0.512939453125,0.001220703125,-0.809326171875,-0.8239745497703552,0.4272460639476776,0.5187987685203552,80.0,9459.0,1.0,O,F,I,0
241566.40625,241686.109375,241905.15625,241785.71875,241908.375,242151.84375,241981.15625,242094.703125,-0.515380859375,0.000244140625,-0.810302734375,-0.7934569716453552,0.4882812201976776,0.5493163466453552,80.0,9460.0,1.0,O,F,I,0
241391.609375,241511.328125,241730.375,241611.015625,241733.59375,241976.515625,241806.09375,241919.828125,-0.515625,0.00048828125,-0.812255859375,-0.7019042372703552,0.4882812201976776,0.4882812201976776,80.0,9461.0,1.0,O,F,I,0
242220.859375,242340.671875,242559.890625,242440.359375,242562.65625,242806.03125,242635.53125,242749.25,-0.513427734375,0.000244140625,-0.814208984375,-0.7019042372703552,0.4882812201976776,0.4577636420726776,80.0,9462.0,1.0,O,F,I,0
242521.171875,242640.71875,242860.390625,242740.21875,242862.796875,243105.984375,242935.21875,243049.21875,-0.512451171875,0.002197265625,-0.810302734375,-0.7324218153953552,0.4577636420726776,0.3967284858226776,80.0,9463.0,1.0,O,F,I,0
241749.859375,241868.953125,242088.890625,241969.09375,242091.671875,242334.765625,242164.078125,242277.8125,-0.5146484375,0.0029296875,-0.810302734375,-0.8239745497703552,0.5493163466453552,0.3662109076976776,80.0,9464.0,1.0,O,F,I,0
241373.453125,241492.546875,241712.3125,241592.78125,241715.265625,241958.1875,241787.859375,241901.3125,-0.514892578125,0.002197265625,-0.81103515625,-0.8239745497703552,0.5493163466453552,0.3662109076976776,80.0,9465.0,1.0,O,F,I,0
242116.609375,242235.796875,242455.109375,242335.65625,242458.328125,242701.328125,242530.5625,242644.65625,-0.5166015625,0.001708984375,-0.80810546875,-0.7324218153953552,0.5187987685203552,0.5187987685203552,80.0,9466.0,1.0,O,F,I,0
242607.984375,242727.53125,242946.9375,242827.390625,242949.96875,243193.515625,243022.296875,243136.5625,-0.515869140625,0.00146484375,-0.808837890625,-0.6408690810203552,0.4577636420726776,0.4577636420726776,80.0,9467.0,1.0,O,F,I,0
241948.078125,242067.703125,242286.9375,242167.65625,242290.421875,242533.609375,242362.65625,242476.46875,-0.5146484375,0.00244140625,-0.814453125,-0.7629393935203552,0.4272460639476776,0.4577636420726776,80.0,9468.0,1.0,O,F,I,0
241391.515625,241510.875,241730.015625,241611.1875,241733.59375,241976.59375,241806.015625,241919.734375,-0.51318359375,0.001953125,-0.814697265625,-0.6713866591453552,0.3051757514476776,0.3662109076976776,80.0,9469.0,1.0,O,F,I,0
242000.46875,242120.359375,242339.328125,242220.328125,242342.8125,242585.8125,242415.046875,242528.859375,-0.515380859375,0.001708984375,-0.814453125,-0.6713866591453552,0.4272460639476776,0.3967284858226776,80.0,9470.0,1.0,O,F,I,0
242654.21875,242774.203125,242993.515625,242873.703125,242996.734375,243240.015625,243068.796875,243182.796875,-0.5146484375,0.001708984375,-0.816162109375,-0.6713866591453552,0.5798339247703552,0.4882812201976776,80.0,9471.0,1.0,O,F,I,0
242147.453125,242267.34375,242486.390625,242367.046875,242489.53125,242732.71875,242562.03125,242675.671875,-0.51220703125,0.001708984375,-0.814208984375,-0.7019042372703552,0.4882812201976776,0.5187987685203552,80.0,9472.0,1.0,O,F,I,0
241447.9375,241567.921875,241786.515625,241667.609375,241790.1875,242033.109375,241862.6875,241976.0625,-0.51513671875,0.00244140625,-0.812255859375,-0.7324218153953552,0.5187987685203552,0.4577636420726776,80.0,9473.0,1.0,O,F,I,0
241885.578125,242005.296875,242224.078125,242105.25,242227.828125,242470.65625,242299.8125,242413.890625,-0.51416015625,0.002197265625,-0.808837890625,-0.7934569716453552,0.4577636420726776,0.3662109076976776,80.0,9474.0,1.0,O,F,I,0
242660.203125,242780.09375,242999.140625,242879.515625,243002.359375,243245.46875,243074.703125,243188.875,-0.513427734375,0.00048828125,-0.809326171875,-0.7629393935203552,0.4577636420726776,0.3967284858226776,80.0,9475.0,1.0,O,F,I,0
242343.4375,242463.328125,242682.640625,242562.65625,242685.234375,242929.234375,242758.203125,242872.09375,-0.511962890625,0.00146484375,-0.812255859375,-0.7934569716453552,0.3967284858226776,0.4577636420726776,80.0,9476.0,1.0,O,F,I,0
241548.421875,241668.0625,241887.015625,241767.46875,241890.328125,242133.59375,241962.828125,242076.46875,-0.514404296875,0.00146484375,-0.812744140625,-0.8239745497703552,0.4577636420726776,0.3967284858226776,80.0,9477.0,1.0,O,F,I,0
241785.625,241905.515625,242124.484375,242004.859375,242127.421875,242370.703125,242199.9375,242314.015625,-0.514892578125,0.000244140625,-0.8125,-0.8544921278953552,0.4882812201976776,0.4882812201976776,80.0,9478.0,1.0,O,F,I,0
242631.78125,242751.484375,242970.8125,242851.265625,242973.9375,243217.5625,243046.265625,243160.609375,-0.51806640625,0.001708984375,-0.8115234375,-0.7019042372703552,0.4577636420726776,0.4577636420726776,80.0,9479.0,1.0,O,F,I,0
242523.140625,242642.5,242861.90625,242742.28125,242865.03125,243108.21875,242937.359375,243051.625,-0.5166015625,0.00146484375,-0.8134765625,-0.6713866591453552,0.4272460639476776,0.4882812201976776,80.0,9480.0,1.0,O,F,I,0
241685.40625,241804.765625,242024.15625,241904.453125,242027.203125,242270.03125,242099.625,242213.4375,-0.514404296875,0.000732421875,-0.8125,-0.7019042372703552,0.4272460639476776,0.4577636420726776,80.0,9481.0,1.0,O,F,I,0
241706.328125,241826.125,242045.265625,241925.8125,242048.578125,242291.40625,242120.8125,242234.625,-0.51416015625,0.001953125,-0.812255859375,-0.7324218153953552,0.5187987685203552,0.4272460639476776,80.0,9482.0,1.0,O,F,I,0
242567.9375,242687.828125,242907.234375,242787.15625,242910.453125,243153.640625,242982.609375,243096.328125,-0.5146484375,0.000732421875,-0.812255859375,-0.7629393935203552,0.5187987685203552,0.3967284858226776,80.0,9483.0,1.0,O,F,I,0
242676.125,242796.1875,243015.515625,242895.609375,243018.453125,243262.0,243090.96875,243204.96875,-0.513427734375,0.001953125,-0.813232421875,-0.7324218153953552,0.5187987685203552,0.4577636420726776,80.0,9484.0,1.0,O,F,I,0
241849.015625,241968.734375,242187.6875,242068.234375,242190.90625,242434.28125,242263.6875,242377.5,-0.51416015625,0.001220703125,-0.81494140625,-0.7324218153953552,0.5493163466453552,0.3967284858226776,80.0,9485.0,1.0,O,F,I,0
241656.4375,241775.796875,241995.46875,241875.84375,241998.59375,242241.328125,242070.828125,242184.5625,-0.512939453125,0.0029296875,-0.81201171875,-0.7324218153953552,0.5493163466453552,0.4577636420726776,80.0,9486.0,1.0,O,F,I,0
242478.703125,242598.78125,242817.828125,242698.203125,242821.234375,243064.328125,242893.015625,243007.109375,-0.513671875,0.000732421875,-0.81103515625,-0.7019042372703552,0.4882812201976776,0.4272460639476776,80.0,9487.0,1.0,O,F,I,0
242799.234375,242919.125,243138.078125,243018.734375,243141.484375,243384.9375,243213.8125,243327.890625,-0.513671875,-0.0009765625,-0.8115234375,-0.6713866591453552,0.4882812201976776,0.4577636420726776,80.0,9488.0,1.0,O,F,I,0
242038.828125,242158.453125,242377.765625,242258.328125,242380.71875,242624.078125,242453.3125,242567.3125,-0.513671875,0.000244140625,-0.81103515625,-0.6713866591453552,0.4272460639476776,0.4272460639476776,80.0,9489.0,1.0,O,F,I,0
241642.484375,241762.109375,241981.609375,241862.15625,241984.828125,242227.65625,242057.25,242170.96875,-0.5146484375,0.000244140625,-0.813232421875,-0.7019042372703552,0.5493163466453552,0.4577636420726776,80.0,9490.0,1.0,O,F,I,0
242373.296875,242492.75,242711.609375,242592.703125,242715.453125,242958.5625,242787.703125,242902.046875,-0.513427734375,0.00146484375,-0.811279296875,-0.6713866591453552,0.4272460639476776,0.4577636420726776,80.0,9491.0,1.0,O,F,I,0
242884.34375,243003.796875,243222.578125,243103.578125,243226.328125,243469.515625,243298.578125,243412.921875,-0.513916015625,0.001953125,-0.80859375,-0.6713866591453552,0.3662109076976776,0.4272460639476776,80.0,9492.0,1.0,O,F,I,0
242238.65625,242358.8125,242577.953125,242458.40625,242581.265625,242824.265625,242653.328125,242767.578125,-0.514404296875,0.002197265625,-0.810791015625,-0.7019042372703552,0.3662109076976776,0.3967284858226776,80.0,9493.0,1.0,O,F,I,0
241667.4375,241787.765625,242006.28125,241887.28125,242010.125,242252.953125,242082.28125,242196.1875,-0.513916015625,0.00146484375,-0.809814453125,-0.7934569716453552,0.4577636420726776,0.3051757514476776,80.0,9494.0,1.0,O,F,I,0
242261.09375,242381.078125,242599.59375,242480.3125,242603.34375,242846.625,242675.578125,242789.671875,-0.51611328125,0.0009765625,-0.81298828125,-0.7934569716453552,0.4882812201976776,0.4272460639476776,80.0,9495.0,1.0,O,F,I,0
242927.890625,243047.421875,243266.203125,243146.84375,243269.609375,243513.328125,243342.109375,243456.375,-0.515869140625,0.0009765625,-0.8125,-0.7324218153953552,0.4577636420726776,0.5493163466453552,80.0,9496.0,1.0,O,F,I,0
242441.421875,242561.046875,242779.5625,242660.296875,242783.234375,243026.328125,242855.375,242969.734375,-0.514404296875,0.00146484375,-0.81103515625,-0.7629393935203552,0.4577636420726776,0.4272460639476776,80.0,9497.0,1.0,O,F,I,0
241733.40625,241853.578125,242072.0,241953.0,242075.578125,242318.140625,242147.71875,242261.8125,-0.51220703125,0.001708984375,-0.814453125,-0.7324218153953552,0.5493163466453552,0.4577636420726776,80.0,9498.0,1.0,O,F,I,0
242150.3125,242270.03125,242488.71875,242369.453125,242492.484375,242734.953125,242564.625,242678.53125,-0.51513671875,0.001953125,-0.81298828125,-0.7324218153953552,0.5187987685203552,0.3967284858226776,80.0,9499.0,1.0,O,F,I,0
242932.359375,243052.34375,243270.765625,243151.40625,243274.515625,243517.796875,243346.84375,243460.9375,-0.51416015625,-0.000244140625,-0.8115234375,-0.7629393935203552,0.4882812201976776,0.3662109076976776,80.0,9500.0,1.0,O,F,I,0
242634.8125,242755.0625,242973.84375,242854.046875,242977.25,243220.34375,243049.578125,243163.828125,-0.5146484375,-0.00048828125,-0.810791015625,-0.7019042372703552,0.5187987685203552,0.3967284858226776,80.0,9501.0,1.0,O,F,O,0
241833.375,241953.4375,242172.125,242052.78125,242175.625,242418.53125,242248.046875,242361.859375,-0.5146484375,-0.000732421875,-0.809814453125,-0.7324218153953552,0.5493163466453552,0.3356933295726776,80.0,9502.0,1.0,O,F,O,0
242047.40625,242167.578125,242386.4375,242266.90625,242389.84375,242632.75,242462.171875,242575.71875,-0.51611328125,0.000732421875,-0.80859375,-0.7629393935203552,0.5798339247703552,0.3356933295726776,80.0,9503.0,1.0,O,F,O,0
242896.234375,243016.3125,243235.359375,243115.375,243238.484375,243481.9375,243310.90625,243424.90625,-0.51220703125,0.00048828125,-0.810302734375,-0.7019042372703552,0.5187987685203552,0.3356933295726776,80.0,9504.0,1.0,O,F,O,0
242810.234375,242930.390625,243149.078125,243029.359375,243152.5625,243395.671875,243224.546875,243338.796875,-0.5126953125,0.000732421875,-0.8115234375,-0.7934569716453552,0.4577636420726776,0.4272460639476776,80.0,9505.0,1.0,O,F,O,0
241970.25,242090.328125,242308.921875,242189.5625,242312.40625,242555.515625,242384.46875,242498.296875,-0.514404296875,0.0009765625,-0.81591796875,-0.7019042372703552,0.4882812201976776,0.3967284858226776,80.0,9506.0,1.0,O,F,O,0
241970.515625,242090.59375,242309.46875,242189.921875,242312.953125,242556.046875,242385.015625,242499.1875,-0.51318359375,0.0009765625,-0.814208984375,-0.7324218153953552,0.3967284858226776,0.3967284858226776,80.0,9507.0,1.0,O,F,O,0
242830.609375,242951.046875,243169.828125,243050.015625,243173.046875,243416.5,243245.46875,243359.8125,-0.51611328125,0.0009765625,-0.812744140625,-0.7934569716453552,0.3662109076976776,0.3967284858226776,80.0,9508.0,1.0,O,F,O,0
242960.25,243080.59375,243299.109375,243179.921875,243302.5,243546.046875,243374.65625,243489.28125,-0.515380859375,0.001953125,-0.814453125,-0.6713866591453552,0.4882812201976776,0.4577636420726776,80.0,9509.0,1.0,O,F,O,0
242137.53125,242257.25,242476.390625,242356.765625,242479.515625,242722.796875,242551.578125,242666.015625,-0.515380859375,0.000732421875,-0.810791015625,-0.8850097060203552,0.3967284858226776,0.4272460639476776,80.0,9510.0,1.0,O,F,O,0
241923.84375,242043.828125,242262.796875,242143.078125,242266.015625,242509.46875,242338.15625,242451.890625,-0.514404296875,0.0,-0.813720703125,-0.8239745497703552,0.5187987685203552,0.3967284858226776,80.0,9511.0,1.0,O,F,O,0
242739.234375,242859.140625,243078.453125,242958.734375,243081.671875,243324.765625,243153.828125,243267.90625,-0.513916015625,0.00048828125,-0.811767578125,-0.7324218153953552,0.4882812201976776,0.4577636420726776,80.0,9512.0,1.0,O,F,O,0
243079.078125,243198.703125,243418.203125,243298.390625,243421.140625,243664.6875,243493.75,243607.921875,-0.513916015625,0.000244140625,-0.811279296875,-0.7019042372703552,0.4577636420726776,0.4882812201976776,80.0,9513.0,1.0,O,F,O,0
242325.90625,242445.625,242664.59375,242545.5,242667.890625,242911.4375,242740.671875,242854.21875,-0.514892578125,0.0009765625,-0.812744140625,-0.6713866591453552,0.4272460639476776,0.4577636420726776,80.0,9514.0,1.0,O,F,O,0
241910.171875,242029.625,242248.75,242129.21875,242252.0625,242495.34375,242324.65625,242438.03125,-0.513427734375,0.0009765625,-0.811279296875,-0.7934569716453552,0.4577636420726776,0.4882812201976776,80.0,9515.0,1.0,O,F,O,0
242631.5,242751.3125,242970.265625,242851.0,242973.671875,243216.859375,243046.078125,243160.171875,-0.51220703125,0.001708984375,-0.810546875,-0.7629393935203552,0.4882812201976776,0.5187987685203552,80.0,9516.0,1.0,O,F,O,0
243158.921875,243278.546875,243497.765625,243378.140625,243501.171875,243744.4375,243573.3125,243687.9375,-0.5126953125,0.0009765625,-0.810302734375,-0.7019042372703552,0.4577636420726776,0.4882812201976776,80.0,9517.0,1.0,O,F,O,0
242528.328125,242647.953125,242867.453125,242747.5625,242870.484375,243113.765625,242943.0,243057.0,-0.51611328125,0.001953125,-0.812744140625,-0.7629393935203552,0.4882812201976776,0.4272460639476776,80.0,9518.0,1.0,O,F,O,0
241940.65625,242060.640625,242279.59375,242160.15625,242282.90625,242526.1875,242355.328125,242468.875,-0.51416015625,0.0029296875,-0.810791015625,-0.8239745497703552,0.5493163466453552,0.3967284858226776,80.0,9519.0,1.0,O,F,O,0
242518.3125,242638.125,242857.171875,242737.90625,242860.390625,243103.84375,242933.25,243046.71875,-0.513916015625,0.001953125,-0.8115234375,-0.7324218153953552,0.4577636420726776,0.3662109076976776,80.0,9520.0,1.0,O,F,O,0
243199.0625,243319.140625,243538.265625,243418.5625,243541.3125,243784.859375,243614.09375,243727.8125,-0.515380859375,0.002685546875,-0.8134765625,-0.6713866591453552,0.4272460639476776,0.3356933295726776,80.0,9521.0,1.0,O,F,O,0
242727.34375,242847.515625,243066.46875,242946.84375,243069.515625,243312.96875,243142.109375,243256.375,-0.514404296875,0.001708984375,-0.814697265625,-0.7019042372703552,0.4577636420726776,0.4577636420726776,80.0,9522.0,1.0,O,F,O,0
242005.203125,242125.28125,242344.15625,242225.0625,242347.546875,242590.828125,242419.96875,242533.78125,-0.51416015625,0.00048828125,-0.81005859375,-0.7934569716453552,0.4577636420726776,0.4577636420726776,80.0,9523.0,1.0,O,F,O,0
242406.296875,242526.546875,242745.234375,242626.046875,242748.71875,242992.078125,242821.140625,242935.046875,-0.514892578125,0.0,-0.808837890625,-0.7019042372703552,0.3662109076976776,0.4577636420726776,80.0,9524.0,1.0,O,F,O,0
243198.609375,243318.6875,243537.375,243418.015625,243540.59375,243784.3125,243613.109375,243727.71875,-0.513671875,-0.000732421875,-0.809814453125,-0.9155272841453552,0.3967284858226776,0.4577636420726776,80.0,9525.0,1.0,O,F,O,0
242920.5625,243040.453125,243259.328125,243139.96875,243262.1875,243506.265625,243335.046875,243449.3125,-0.513671875,0.001220703125,-0.812744140625,-0.7934569716453552,0.5187987685203552,0.4272460639476776,80.0,9526.0,1.0,O,F,O,0
242112.140625,242232.125,242451.0,242331.640625,242454.390625,242697.84375,242526.90625,242640.796875,-0.5146484375,0.0029296875,-0.8125,-0.8239745497703552,0.4272460639476776,0.3967284858226776,80.0,9527.0,1.0,O,F,O,0
242307.21875,242427.390625,242645.984375,242526.8125,242649.65625,242892.9375,242722.34375,242836.25,-0.515625,0.00048828125,-0.8125,-0.7019042372703552,0.4272460639476776,0.3967284858226776,80.0,9528.0,1.0,O,F,O,0
243159.625,243279.53125,243498.65625,243379.21875,243502.15625,243745.25,243574.65625,243688.921875,-0.515625,0.00048828125,-0.8115234375,-0.7019042372703552,0.5187987685203552,0.4272460639476776,80.0,9529.0,1.0,O,F,O,0
243094.28125,243214.265625,243433.3125,243313.859375,243436.609375,243679.71875,243508.765625,243623.5625,-0.51513671875,0.0,-0.814208984375,-0.7629393935203552,0.4882812201976776,0.4577636420726776,80.0,9530.0,1.0,O,F,O,0
242254.125,242373.921875,242592.796875,242473.796875,242596.546875,242839.640625,242668.609375,242782.875,-0.51513671875,0.002197265625,-0.813720703125,-0.7934569716453552,0.4577636420726776,0.4272460639476776,80.0,9531.0,1.0,O,F,O,0
242232.65625,242352.28125,242571.328125,242452.328125,242575.09375,242818.1875,242647.234375,242761.234375,-0.513671875,0.002685546875,-0.81201171875,-0.7629393935203552,0.3967284858226776,0.3662109076976776,80.0,9532.0,1.0,O,F,O,0
243090.34375,243210.5,243429.28125,243310.1875,243432.765625,243676.21875,243505.015625,243619.453125,-0.5126953125,0.001708984375,-0.81201171875,-0.7934569716453552,0.4882812201976776,0.3051757514476776,80.0,9533.0,1.0,O,F,O,0
243242.78125,243362.859375,243581.71875,243462.28125,243584.9375,243828.75,243657.359375,243771.796875,-0.5126953125,0.00146484375,-0.812255859375,-0.7324218153953552,0.4882812201976776,0.3356933295726776,80.0,9534.0,1.0,O,F,O,0
242425.328125,242545.5,242764.0,242644.828125,242768.03125,243011.03125,242839.90625,242954.359375,-0.511474609375,0.001220703125,-0.810546875,-0.8544921278953552,0.5187987685203552,0.4272460639476776,80.0,9535.0,1.0,O,F,O,0
242190.640625,242310.890625,242529.765625,242410.046875,242533.421875,242776.4375,242605.484375,242719.578125,-0.5146484375,0.001220703125,-0.809326171875,-0.8239745497703552,0.5798339247703552,0.4272460639476776,80.0,9536.0,1.0,O,F,O,0
243000.125,243120.734375,243339.515625,243220.15625,243342.921875,243586.46875,243415.0625,243529.421875,-0.5146484375,0.001708984375,-0.81201171875,-0.7934569716453552,0.4577636420726776,0.5493163466453552,80.0,9537.0,1.0,O,F,O,0
243356.328125,243476.765625,243695.53125,243576.453125,243698.671875,243942.5625,243771.359375,243885.53125,-0.513427734375,0.000244140625,-0.81494140625,-0.7629393935203552,0.4882812201976776,0.5187987685203552,80.0,9538.0,1.0,O,F,O,0
242613.625,242733.875,242952.828125,242833.65625,242955.96875,243199.421875,243028.65625,243142.5625,-0.512451171875,0.0009765625,-0.8095703125,-0.8544921278953552,0.4577636420726776,0.4577636420726776,80.0,9539.0,1.0,O,F,O,0
242181.703125,242301.6875,242520.8125,242401.546875,242524.390625,242767.578125,242596.546875,242710.359375,-0.511962890625,0.001220703125,-0.809814453125,-0.7934569716453552,0.4577636420726776,0.4272460639476776,80.0,9540.0,1.0,O,F,O,0
242890.875,243010.859375,243230.0,243110.640625,243233.125,243476.84375,243305.546875,243419.890625,-0.514404296875,0.0009765625,-0.81103515625,-0.7934569716453552,0.4577636420726776,0.3967284858226776,80.0,9541.0,1.0,O,F,O,0
243434.46875,243554.71875,243773.59375,243653.875,243776.71875,244020.359375,243849.3125,243963.578125,-0.513916015625,0.00146484375,-0.8095703125,-0.8239745497703552,0.4577636420726776,0.3967284858226776,80.0,9542.0,1.0,O,F,O,0
242814.515625,242934.5,243153.546875,243033.5625,243156.859375,243400.234375,243229.109375,243343.453125,-0.51416015625,0.00146484375,-0.8115234375,-0.7629393935203552,0.4882812201976776,0.3662109076976776,80.0,9543.0,1.0,O,F,O,0
242210.046875,242330.296875,242548.984375,242429.359375,242552.734375,242795.75,242624.703125,242738.796875,-0.51171875,0.002197265625,-0.811279296875,-0.7324218153953552,0.3967284858226776,0.4577636420726776,80.0,9544.0,1.0,O,F,O,0
242771.609375,242891.6875,243110.453125,242990.828125,243114.21875,243357.3125,243186.0,243300.265625,-0.512939453125,0.00390625,-0.809326171875,-0.7629393935203552,0.3967284858226776,0.3967284858226776,80.0,9545.0,1.0,O,F,O,0
243465.859375,243585.828125,243804.890625,243684.984375,243808.015625,244052.09375,243880.25,243994.78125,-0.51611328125,0.00146484375,-0.811767578125,-0.8239745497703552,0.4577636420726776,0.3662109076976776,80.0,9546.0,1.0,O,F,O,0
243012.375,243132.359375,243351.40625,243231.6875,243354.71875,243598.625,243427.046875,243541.484375,-0.513671875,0.00048828125,-0.812744140625,-0.8544921278953552,0.4577636420726776,0.4577636420726776,80.0,9547.0,1.0,O,F,O,0
242280.578125,242400.921875,242619.96875,242500.25,242622.75,242866.828125,242695.609375,242809.78125,-0.5146484375,0.00146484375,-0.81298828125,-0.7629393935203552,0.4272460639476776,0.3967284858226776,80.0,9548.0,1.0,O,F,O,0
242660.734375,242781.0,243000.125,242880.140625,243002.71875,243246.71875,243075.765625,243189.9375,-0.5126953125,0.001708984375,-0.8125,-0.6408690810203552,0.4577636420726776,0.5187987685203552,80.0,9549.0,1.0,O,F,O,0
243462.640625,243582.34375,243801.84375,243681.859375,243804.703125,244048.34375,243877.296875,243991.65625,-0.513427734375,0.00048828125,-0.8134765625,-0.7019042372703552,0.4882812201976776,0.4882812201976776,80.0,9550.0,1.0,O,F,O,0
243206.65625,243326.375,243545.953125,243426.0625,243549.09375,243792.546875,243621.515625,243735.859375,-0.514892578125,0.001953125,-0.812255859375,-0.7934569716453552,0.5187987685203552,0.4272460639476776,80.0,9551.0,1.0,O,F,O,0
242393.234375,242512.953125,242732.09375,242612.46875,242735.75,242978.671875,242808.078125,242922.078125,-0.514892578125,0.000244140625,-0.812744140625,-0.7324218153953552,0.4272460639476776,0.4272460639476776,80.0,9552.0,1.0,O,F,O,0
242567.3125,242687.46875,242906.34375,242786.984375,242909.734375,243153.015625,242982.078125,243096.25,-0.5126953125,0.001953125,-0.811279296875,-0.7629393935203552,0.3967284858226776,0.4272460639476776,80.0,9553.0,1.0,O,F,O,0
243423.734375,243543.453125,243762.59375,243642.78125,243765.8125,244009.71875,243837.875,243952.40625,-0.51318359375,0.001220703125,-0.809326171875,-0.8239745497703552,0.5187987685203552,0.3662109076976776,80.0,9554.0,1.0,O,F,O,0
243378.765625,243498.484375,243717.53125,243597.8125,243720.84375,243964.921875,243793.265625,243907.875,-0.51220703125,0.0009765625,-0.8125,-0.8239745497703552,0.4272460639476776,0.3356933295726776,80.0,9555.0,1.0,O,F,O,0
242537.71875,242656.984375,242876.65625,242756.9375,242879.78125,243123.328125,242952.5625,243066.296875,-0.513427734375,-0.000244140625,-0.81298828125,-0.8239745497703552,0.4272460639476776,0.4577636420726776,80.0,9556.0,1.0,O,F,O,0
242495.96875,242615.859375,242835.078125,242715.375,242838.21875,243081.671875,242910.640625,243024.53125,-0.51416015625,0.00146484375,-0.8115234375,-0.8544921278953552,0.5187987685203552,0.4577636420726776,80.0,9557.0,1.0,O,F,O,0
243353.203125,243473.1875,243692.5,243572.6875,243695.53125,243939.0,243767.78125,243881.953125,-0.51611328125,0.001953125,-0.8125,-0.7629393935203552,0.4577636420726776,0.5493163466453552,80.0,9558.0,1.0,O,F,O,0
243522.984375,243642.78125,243862.015625,243742.484375,243865.40625,244109.046875,243937.65625,244052.265625,-0.514404296875,0.00146484375,-0.81396484375,-0.7019042372703552,0.5187987685203552,0.4882812201976776,80.0,9559.0,1.0,O,F,O,0
242710.984375,242830.609375,243049.65625,242930.21875,243053.0625,243296.421875,243125.5625,243240.09375,-0.512451171875,0.001220703125,-0.8115234375,-0.7019042372703552,0.5493163466453552,0.4577636420726776,80.0,9560.0,1.0,O,F,O,0
242456.625,242576.15625,242795.203125,242675.40625,242798.703125,243041.796875,242870.84375,242985.375,-0.510498046875,0.00048828125,-0.81103515625,-0.7934569716453552,0.4577636420726776,0.4882812201976776,80.0,9561.0,1.0,O,F,O,0
243257.09375,243376.890625,243595.84375,243476.3125,243599.421875,243842.96875,243671.484375,243785.921875,-0.51318359375,0.000732421875,-0.8115234375,-0.7324218153953552,0.4272460639476776,0.3967284858226776,80.0,9562.0,1.0,O,F,O,0
243635.015625,243755.0,243973.859375,243854.328125,243977.265625,244221.15625,244049.234375,244164.03125,-0.513427734375,0.00048828125,-0.814208984375,-0.7324218153953552,0.5187987685203552,0.4272460639476776,80.0,9563.0,1.0,O,F,O,0
242903.03125,243022.84375,243241.796875,243122.171875,243244.84375,243488.46875,243316.984375,243431.78125,-0.51318359375,0.00146484375,-0.811767578125,-0.7324218153953552,0.4272460639476776,0.4272460639476776,80.0,9564.0,1.0,O,F,O,0
242451.078125,242570.796875,242789.9375,242670.484375,242793.421875,243036.25,242865.3125,242979.65625,-0.514892578125,-0.00048828125,-0.811279296875,-0.7629393935203552,0.5187987685203552,0.5187987685203552,80.0,9565.0,1.0,O,F,O,0
243145.59375,243265.3125,243484.359375,243364.546875,243488.03125,243731.390625,243560.171875,243674.34375,-0.51416015625,0.000244140625,-0.81298828125,-0.7019042372703552,0.5187987685203552,0.5798339247703552,80.0,9566.0,1.0,O,F,O,0
243705.734375,243825.71875,244044.765625,243924.953125,244048.15625,244291.96875,244120.40625,244235.5625,-0.51416015625,0.00146484375,-0.814453125,-0.7019042372703552,0.5187987685203552,0.5187987685203552,80.0,9567.0,1.0,O,F,O,0
243103.03125,243222.84375,243442.15625,243322.625,243445.375,243689.015625,243517.890625,243632.0625,-0.514892578125,0.000732421875,-0.813720703125,-0.7629393935203552,0.5187987685203552,0.6103515028953552,80.0,9568.0,1.0,O,F,O,0
242484.96875,242604.765625,242824.0,242704.546875,242827.390625,243070.671875,242899.640625,243013.625,-0.515869140625,-0.00048828125,-0.809814453125,-0.7019042372703552,0.4272460639476776,0.5493163466453552,80.0,9569.0,1.0,O,F,O,0
243029.71875,243149.53125,243368.84375,243249.21875,243371.96875,243615.609375,243444.296875,243558.5625,-0.51513671875,0.002685546875,-0.81201171875,-0.7934569716453552,0.3967284858226776,0.4577636420726776,80.0,9570.0,1.0,O,F,O,0
243737.109375,243857.28125,244076.40625,243956.609375,244079.09375,244323.265625,244151.953125,244266.671875,-0.514404296875,-0.00048828125,-0.81103515625,-0.7934569716453552,0.4882812201976776,0.4577636420726776,80.0,9571.0,1.0,O,F,O,0
243303.21875,243423.296875,243642.4375,243522.359375,243645.015625,243888.84375,243717.71875,243832.234375,-0.513916015625,0.000244140625,-0.812255859375,-0.7934569716453552,0.4882812201976776,0.5493163466453552,80.0,9572.0,1.0,O,F,O,0
242560.96875,242680.5,242899.640625,242779.65625,242902.59375,243146.125,242974.734375,243089.453125,-0.512939453125,0.00146484375,-0.811279296875,-0.7629393935203552,0.5187987685203552,0.4882812201976776,80.0,9573.0,1.0,O,F,O,0
242918.859375,243038.484375,243257.984375,243137.90625,243260.75,243504.390625,243333.0,243447.515625,-0.514404296875,0.001220703125,-0.81201171875,-0.7934569716453552,0.4882812201976776,0.4272460639476776,80.0,9574.0,1.0,O,F,O,0
243726.46875,243846.8125,244065.6875,243946.140625,244068.8125,244312.53125,244141.046875,244255.5,-0.51611328125,0.00244140625,-0.811279296875,-0.7934569716453552,0.4882812201976776,0.3967284858226776,80.0,9575.0,1.0,O,F,O,0
243490.703125,243610.953125,243829.65625,243710.46875,243832.953125,244076.5,243905.46875,244019.8125,-0.516845703125,0.002197265625,-0.813232421875,-0.7934569716453552,0.3967284858226776,0.4882812201976776,80.0,9576.0,1.0,O,F,O,0
242674.15625,242794.578125,243013.359375,242893.921875,243016.484375,243259.859375,243089.09375,243203.078125,-0.515869140625,-0.001220703125,-0.812744140625,-0.8239745497703552,0.5187987685203552,0.4577636420726776,80.0,9577.0,1.0,O,F,O,0
242827.84375,242948.28125,243166.96875,243047.6875,243170.359375,243414.0,243243.046875,243357.046875,-0.51318359375,-0.001220703125,-0.8134765625,-0.7324218153953552,0.5187987685203552,0.4882812201976776,80.0,9578.0,1.0,O,F,O,0
243686.421875,243806.765625,244025.359375,243905.828125,244028.671875,244272.125,244101.265625,244215.703125,-0.5146484375,0.001953125,-0.813232421875,-0.6713866591453552,0.4882812201976776,0.3967284858226776,80.0,9579.0,1.0,O,F,O,0
243662.71875,243782.796875,244001.578125,243881.859375,244004.4375,244247.890625,244076.859375,244191.390625,-0.51513671875,0.0029296875,-0.81298828125,-0.6103515028953552,0.5493163466453552,0.3967284858226776,80.0,9580.0,1.0,O,F,O,0
242822.921875,242942.828125,243161.421875,243042.0625,243164.453125,243408.0,243237.234375,243351.40625,-0.5126953125,0.001953125,-0.8134765625,-0.6408690810203552,0.4882812201976776,0.4577636420726776,80.0,9581.0,1.0,O,F,O,0
242758.734375,242878.8125,243097.859375,242978.3125,243100.890625,243344.078125,243173.40625,243287.484375,-0.512451171875,0.000732421875,-0.813232421875,-0.7324218153953552,0.4272460639476776,0.3662109076976776,80.0,9582.0,1.0,O,F,O,0
243610.515625,243730.9375,243949.625,243830.28125,243952.765625,244196.484375,244025.0,244139.71875,-0.513916015625,0.001220703125,-0.81298828125,-0.6713866591453552,0.3967284858226776,0.4272460639476776,80.0,9583.0,1.0,O,F,O,0
243805.0625,243925.21875,244144.0,244024.734375,244146.859375,244390.859375,244219.375,244334.078125,-0.514892578125,0.002197265625,-0.81494140625,-0.7019042372703552,0.4577636420726776,0.3356933295726776,80.0,9584.0,1.0,O,F,O,0
242998.4375,243118.234375,243337.28125,243218.015625,243340.40625,243583.875,243413.015625,243527.1875,-0.51513671875,0.001708984375,-0.8134765625,-0.7019042372703552,0.4272460639476776,0.4577636420726776,80.0,9585.0,1.0,O,F,O,0
242721.265625,242841.078125,243060.296875,242940.765625,243063.4375,243306.96875,243135.671875,243249.9375,-0.51318359375,0.000244140625,-0.809814453125,-0.7019042372703552,0.4882812201976776,0.3967284858226776,80.0,9586.0,1.0,O,F,O,0
243512.796875,243633.125,243852.171875,243732.546875,243855.046875,244098.859375,243927.453125,244042.171875,-0.513671875,0.00146484375,-0.80908203125,-0.7629393935203552,0.4882812201976776,0.3356933295726776,80.0,9587.0,1.0,O,F,O,0
243912.0,244032.15625,244251.375,244131.84375,244253.96875,244497.875,244326.484375,244441.28125,-0.513671875,-0.00048828125,-0.811279296875,-0.7629393935203552,0.4882812201976776,0.3967284858226776,80.0,9588.0,1.0,O,F,O,0
243193.515625,243313.59375,243532.453125,243413.015625,243535.59375,243779.21875,243607.921875,243722.1875,-0.51416015625,-0.000732421875,-0.813720703125,-0.7019042372703552,0.4882812201976776,0.4882812201976776,80.0,9589.0,1.0,O,F,O,0
242723.234375,242843.40625,243062.171875,242942.546875,243065.21875,243308.671875,243137.640625,243251.90625,-0.5146484375,0.000244140625,-0.81298828125,-0.7629393935203552,0.4882812201976776,0.4272460639476776,80.0,9590.0,1.0,O,F,O,0
243403.890625,243524.328125,243743.015625,243623.46875,243746.140625,243989.78125,243818.5625,243933.1875,-0.513671875,0.001220703125,-0.8095703125,-0.7629393935203552,0.5187987685203552,0.4882812201976776,80.0,9591.0,1.0,O,F,O,0
243979.765625,244100.109375,244318.703125,244199.171875,244321.828125,244565.921875,244394.25,244509.234375,-0.5146484375,0.000732421875,-0.81298828125,-0.7324218153953552,0.5798339247703552,0.4272460639476776,80.0,9592.0,1.0,O,F,O,0
243389.671875,243509.578125,243728.265625,243609.265625,243731.75,243975.65625,243803.984375,243918.609375,-0.51513671875,0.00244140625,-0.81591796875,-0.7934569716453552,0.4882812201976776,0.4272460639476776,80.0,9593.0,1.0,O,F,O,0
242759.71875,242879.515625,243098.296875,242979.125,243101.609375,243345.15625,243174.03125,243288.296875,-0.517333984375,0.000244140625,-0.813720703125,-0.7019042372703552,0.4577636420726776,0.4882812201976776,80.0,9594.0,1.0,O,F,O,0
243290.25,243410.0625,243629.46875,243509.65625,243632.234375,243875.875,243705.015625,243819.1875,-0.515869140625,-0.00048828125,-0.8115234375,-0.7019042372703552,0.4577636420726776,0.4577636420726776,80.0,9595.0,1.0,O,F,O,0
244009.171875,244129.34375,244348.296875,244228.765625,244351.15625,244595.0625,244423.9375,244538.46875,-0.515380859375,-0.001708984375,-0.811279296875,-0.7629393935203552,0.5493163466453552,0.4577636420726776,80.0,9596.0,1.0,O,F,O,0
243591.640625,243711.625,243930.328125,243810.96875,243933.625,244177.265625,244006.3125,244120.84375,-0.51513671875,-0.00048828125,-0.81396484375,-0.7629393935203552,0.5493163466453552,0.4272460639476776,80.0,9597.0,1.0,O,F,O,0
242840.625,242960.4375,243179.390625,243059.9375,243182.703125,243426.0625,243255.203125,243369.375,-0.51318359375,-0.001220703125,-0.814697265625,-0.7324218153953552,0.4577636420726776,0.4577636420726776,80.0,9598.0,1.0,O,F,O,0
243181.890625,243302.0625,243521.1875,243401.84375,243524.0625,243768.046875,243597.015625,243710.828125,-0.514892578125,0.00048828125,-0.814208984375,-0.7324218153953552,0.4577636420726776,0.5187987685203552,80.0,9599.0,1.0,O,F,O,0
243994.25,244114.5,244333.546875,244214.1875,244336.3125,244580.40625,244409.09375,244523.53125,-0.51318359375,0.001220703125,-0.811767578125,-0.6408690810203552,0.5187987685203552,0.6408690810203552,80.0,9600.0,1.0,O,F,O,0
243775.828125,243895.71875,244114.765625,243995.59375,244117.890625,244361.53125,244190.671875,244304.84375,-0.511962890625,0.001953125,-0.8115234375,-0.7324218153953552,0.4577636420726776,0.4882812201976776,80.0,9601.0,1.0,O,F,O,0
242952.296875,243072.015625,243291.0625,243171.796875,243294.09375,243537.640625,243367.0625,243480.78125,-0.51220703125,0.001953125,-0.8134765625,-0.6713866591453552,0.4577636420726776,0.5187987685203552,80.0,9602.0,1.0,O,F,O,0
243085.328125,243205.234375,243424.015625,243304.734375,243427.140625,243670.765625,243500.0,243614.171875,-0.51416015625,0.0009765625,-0.816650390625,-0.7629393935203552,0.4577636420726776,0.5187987685203552,80.0,9603.0,1.0,O,F,O,0
243944.8125,244064.4375,244283.84375,244164.203125,244287.0625,244530.78125,244359.203125,244474.546875,-0.514892578125,0.001220703125,-0.813232421875,-0.7019042372703552,0.4577636420726776,0.5187987685203552,80.0,9604.0,1.0,O,F,O,0
243943.46875,244063.53125,244282.859375,244162.953125,244286.15625,244529.703125,244358.484375,244472.75,-0.513671875,0.00341796875,-0.81396484375,-0.6713866591453552,0.4577636420726776,0.4272460639476776,80.0,9605.0,1.0,O,F,O,0
243105.09375,243225.078125,243444.21875,243324.234375,243447.4375,243690.703125,243519.9375,243633.84375,-0.511962890625,-0.001220703125,-0.813720703125,-0.7019042372703552,0.4272460639476776,0.4272460639476776,80.0,9606.0,1.0,O,F,O,0
243020.515625,243140.234375,243358.921875,243239.390625,243362.3125,243605.6875,243434.65625,243548.90625,-0.51171875,0.00048828125,-0.809814453125,-0.7019042372703552,0.4882812201976776,0.5187987685203552,80.0,9607.0,1.0,O,F,O,0
243870.78125,243990.3125,244209.0,244089.46875,244212.3125,244456.125,244284.90625,244399.4375,-0.512451171875,0.0009765625,-0.8125,-0.7629393935203552,0.4272460639476776,0.5187987685203552,80.0,9608.0,1.0,O,F,O,0
244083.125,244202.921875,244421.96875,244302.171875,244425.015625,244669.0,244497.421875,244612.140625,-0.514892578125,0.001953125,-0.813232421875,-0.6713866591453552,0.4577636420726776,0.5187987685203552,80.0,9609.0,1.0,O,F,O,0
243279.609375,243399.59375,243618.46875,243498.578125,243621.421875,243865.40625,243693.921875,243808.453125,-0.513671875,0.000732421875,-0.81201171875,-0.6103515028953552,0.5493163466453552,0.3967284858226776,80.0,9610.0,1.0,O,F,O,0
242984.484375,243104.109375,243322.984375,243203.171875,243326.109375,243569.921875,243398.625,243513.0625,-0.512939453125,0.002685546875,-0.811279296875,-0.8239745497703552,0.4882812201976776,0.4272460639476776,80.0,9611.0,1.0,O,F,O,0
243769.5625,243889.90625,244108.859375,243988.609375,244111.546875,244355.625,244184.234375,244298.671875,-0.51416015625,0.001953125,-0.81103515625,-0.7934569716453552,0.4272460639476776,0.4577636420726776,80.0,9612.0,1.0,O,F,O,0
244187.71875,244308.0625,244526.84375,244406.859375,244529.796875,244773.78125,244602.578125,244717.109375,-0.51318359375,0.001708984375,-0.812744140625,-0.7324218153953552,0.3662109076976776,0.3967284858226776,80.0,9613.0,1.0,O,F,O,0
243478.8125,243598.796875,243817.671875,243698.125,243820.796875,244064.4375,243893.125,244007.84375,-0.515380859375,0.001708984375,-0.812255859375,-0.7324218153953552,0.4882812201976776,0.4577636420726776,80.0,9614.0,1.0,O,F,O,0
242990.75,243110.90625,243329.859375,243210.328125,243332.71875,243576.890625,243405.234375,243519.765625,-0.515869140625,0.001953125,-0.808837890625,-0.7324218153953552,0.4882812201976776,0.4272460639476776,80.0,9615.0,1.0,O,F,O,0
243659.328125,243779.578125,243998.453125,243879.265625,244001.578125,244245.65625,244074.359375,244189.328125,-0.51318359375,0.0009765625,-0.810791015625,-0.6408690810203552,0.4882812201976776,0.4577636420726776,80.0,9616.0,1.0,O,F,O,0
244251.03125,244371.1875,244590.234375,244470.78125,244593.28125,244837.171875,244666.140625,244780.9375,-0.513916015625,0.0009765625,-0.8115234375,-0.6103515028953552,0.4577636420726776,0.3967284858226776,80.0,9617.0,1.0,O,F,O,0
243679.0,243798.984375,244018.03125,243898.3125,244021.0625,244264.875,244093.21875,244208.375,-0.51611328125,0.00048828125,-0.81201171875,-0.6408690810203552,0.5798339247703552,0.3662109076976776,80.0,9618.0,1.0,O,F,O,0
243034.46875,243154.09375,243373.5,243253.6875,243376.4375,243619.90625,243448.859375,243563.65625,-0.515625,0.002197265625,-0.810302734375,-0.6713866591453552,0.5187987685203552,0.4272460639476776,80.0,9619.0,1.0,O,F,O,0
243545.25,243664.96875,243884.453125,243764.65625,243886.953125,244130.859375,243959.921875,244074.4375,-0.51318359375,0.0,-0.807373046875,-0.7324218153953552,0.5187987685203552,0.3967284858226776,80.0,9620.0,1.0,O,F,O,0
244274.265625,244394.515625,244613.75,244494.125,244616.703125,244860.953125,244689.390625,244804.1875,-0.511962890625,-0.000244140625,-0.8095703125,-0.8239745497703552,0.4882812201976776,0.4577636420726776,80.0,9621.0,1.0,O,F,O,0
243876.59375,243996.65625,244215.796875,244095.71875,244218.84375,244462.734375,244291.34375,244406.140625,-0.512451171875,0.0,-0.81103515625,-0.7934569716453552,0.5187987685203552,0.4272460639476776,80.0,9622.0,1.0,O,F,O,0
243115.28125,243235.265625,243454.234375,243334.78125,243457.53125,243700.90625,243529.78125,243644.390625,-0.514404296875,0.00146484375,-0.811279296875,-0.7324218153953552,0.4882812201976776,0.4272460639476776,80.0,9623.0,1.0,O,F,O,0
243435.71875,243555.796875,243774.75,243655.125,243778.15625,244021.515625,243850.296875,243965.015625,-0.514404296875,0.00244140625,-0.811767578125,-0.7019042372703552,0.3662109076976776,0.4272460639476776,80.0,9624.0,1.0,O,F,O,0
244257.734375,244377.984375,244597.03125,244477.484375,244600.15625,244844.0625,244672.671875,244787.828125,-0.51416015625,0.001708984375,-0.81298828125,-0.6408690810203552,0.3356933295726776,0.4577636420726776,80.0,9625.0,1.0,O,F,O,0
244062.203125,244182.453125,244401.578125,244282.140625,244404.359375,244648.34375,244476.78125,244592.109375,-0.512451171875,0.001220703125,-0.813232421875,-0.6408690810203552,0.3662109076976776,0.4272460639476776,80.0,9626.0,1.0,O,F,O,0
243235.546875,243355.609375,243574.84375,243455.125,243577.609375,243821.515625,243650.203125,243765.0,-0.5126953125,0.003662109375,-0.810791015625,-0.7629393935203552,0.5187987685203552,0.4272460639476776,80.0,9627.0,1.0,O,F,O,0
243345.234375,243465.3125,243684.453125,243564.5625,243687.21875,243930.859375,243759.90625,243874.796875,-0.5126953125,0.001708984375,-0.813720703125,-0.6713866591453552,0.4577636420726776,0.3662109076976776,80.0,9628.0,1.0,O,F,O,0
244205.15625,244325.765625,244544.28125,244424.65625,244547.59375,244791.40625,244620.0,244735.25,-0.513427734375,0.00146484375,-0.81201171875,-0.7019042372703552,0.5493163466453552,0.4272460639476776,80.0,9629.0,1.0,O,F,O,0
244225.8125,244346.421875,244564.84375,244445.578125,244568.0625,244812.046875,244640.65625,244755.90625,-0.513427734375,0.002197265625,-0.810546875,-0.7324218153953552,0.5798339247703552,0.4882812201976776,80.0,9630.0,1.0,O,F,O,0
243388.0625,243508.40625,243727.09375,243607.828125,243730.234375,243973.765625,243802.828125,243917.53125,-0.51416015625,0.00146484375,-0.810791015625,-0.6103515028953552,0.5798339247703552,0.4272460639476776,80.0,9631.0,1.0,O,F,O,0
243283.1875,243403.453125,243622.40625,243502.6875,243625.625,243869.078125,243697.859375,243812.65625,-0.513916015625,0.0009765625,-0.8125,-0.5798339247703552,0.4882812201976776,0.4272460639476776,80.0,9632.0,1.0,O,F,O,0
244127.90625,244247.890625,244467.125,244347.765625,244470.34375,244713.96875,244542.765625,244657.734375,-0.51318359375,-0.000732421875,-0.809326171875,-0.6713866591453552,0.4882812201976776,0.4577636420726776,80.0,9633.0,1.0,O,F,O,0
244359.828125,244480.265625,244699.125,244579.59375,244702.4375,244945.890625,244774.953125,244889.84375,-0.513427734375,0.001953125,-0.809814453125,-0.6713866591453552,0.4272460639476776,0.3967284858226776,80.0,9634.0,1.0,O,F,O,0
243563.390625,243683.734375,243902.96875,243783.25,243906.1875,244149.546875,243978.515625,244093.21875,-0.514892578125,0.000732421875,-0.81201171875,-0.7019042372703552,0.3662109076976776,0.4577636420726776,80.0,9635.0,1.0,O,F,O,0
243249.84375,243370.0,243589.328125,243469.703125,243592.453125,243835.734375,243664.875,243779.578125,-0.514404296875,-0.001220703125,-0.81103515625,-0.7324218153953552,0.3967284858226776,0.4272460639476776,80.0,9636.0,1.0,O,F,O,0
244024.828125,244145.53125,244364.578125,244244.859375,244367.515625,244610.625,244440.296875,244554.734375,-0.51220703125,-0.000244140625,-0.812744140625,-0.7629393935203552,0.4272460639476776,0.4882812201976776,80.0,9637.0,1.0,O,F,O,0
244458.265625,244578.703125,244798.1875,244678.296875,244800.703125,245044.953125,244873.75,244988.359375,-0.51416015625,0.0009765625,-0.814208984375,-0.8239745497703552,0.3662109076976776,0.3662109076976776,80.0,9638.0,1.0,O,F,O,0
243758.5625,243878.640625,244097.953125,243978.515625,244101.453125,244344.984375,244173.859375,244288.3125,-0.513427734375,0.00146484375,-0.812255859375,-0.7934569716453552,0.5187987685203552,0.3356933295726776,80.0,9639.0,1.0,O,F,O,0
243256.015625,243376.171875,243595.046875,243475.59375,243598.625,243841.8125,243671.046875,243785.390625,-0.514404296875,0.000244140625,-0.810791015625,-0.6408690810203552,0.5493163466453552,0.3967284858226776,80.0,9640.0,1.0,O,F,O,0
243911.8125,244031.984375,244250.9375,244131.484375,244254.328125,244497.875,244326.9375,244441.453125,-0.513916015625,-0.000732421875,-0.81298828125,-0.7629393935203552,0.5798339247703552,0.4272460639476776,80.0,9641.0,1.0,O,F,O,0
244518.4375,244638.953125,244857.828125,244737.84375,244860.78125,245104.765625,244933.28125,245048.625,-0.513916015625,-0.00048828125,-0.810546875,-0.7324218153953552,0.6408690810203552,0.3967284858226776,80.0,9642.0,1.0,O,F,O,0
243960.890625,244081.59375,244300.375,244180.390625,244303.234375,244547.40625,244376.015625,244490.984375,-0.512939453125,-0.00048828125,-0.81103515625,-0.6103515028953552,0.6103515028953552,0.3356933295726776,80.0,9643.0,1.0,O,F,O,0
243304.734375,243424.8125,243643.765625,243524.234375,243647.265625,243890.984375,243720.03125,243834.65625,-0.51318359375,0.001708984375,-0.810791015625,-0.6713866591453552,0.5187987685203552,0.4882812201976776,80.0,9644.0,1.0,O,F,O,0
243800.5,243920.21875,244139.625,244019.734375,244142.390625,244386.46875,244215.53125,244330.328125,-0.513671875,0.001220703125,-0.808837890625,-0.6713866591453552,0.3967284858226776,0.4272460639476776,80.0,9645.0,1.0,O,F,O,0
244540.078125,244660.328125,244879.28125,244759.125,244882.140625,245126.5,244955.109375,245070.265625,-0.51220703125,-0.00146484375,-0.80859375,-0.7934569716453552,0.3967284858226776,0.4577636420726776,80.0,9646.0,1.0,O,F,O,0
244156.4375,244276.953125,244495.640625,244375.75,244498.859375,244742.578125,244571.546875,244686.25,-0.513671875,0.000732421875,-0.809326171875,-0.7629393935203552,0.4272460639476776,0.3967284858226776,80.0,9647.0,1.0,O,F,O,0
243389.5,243509.65625,243728.625,243609.078125,243731.75,243975.5625,243804.53125,243918.703125,-0.51318359375,0.002197265625,-0.8115234375,-0.8544921278953552,0.3967284858226776,0.4577636420726776,80.0,9648.0,1.0,O,F,O,0
243693.03125,243813.203125,244032.328125,243912.796875,244035.28125,244279.1875,244108.234375,244222.6875,-0.5146484375,0.00341796875,-0.8125,-0.8544921278953552,0.4272460639476776,0.5187987685203552,80.0,9649.0,1.0,O,F,O,0
244521.03125,244641.828125,244860.78125,244740.703125,244863.28125,245107.546875,244935.875,245050.859375,-0.51611328125,0.00244140625,-0.810302734375,-0.7934569716453552,0.5187987685203552,0.5187987685203552,80.0,9650.0,1.0,O,F,O,0
244344.8125,244465.328125,244684.46875,244564.21875,244687.15625,244930.875,244759.390625,244874.453125,-0.514892578125,0.0029296875,-0.809814453125,-0.8544921278953552,0.5187987685203552,0.6103515028953552,80.0,9651.0,1.0,O,F,O,0
243514.046875,243633.9375,243853.15625,243733.53125,243856.203125,244099.65625,243928.796875,244042.796875,-0.514404296875,0.00244140625,-0.813232421875,-0.7934569716453552,0.4272460639476776,0.4272460639476776,80.0,9652.0,1.0,O,F,O,0
243604.4375,243724.421875,243944.09375,243824.1875,243946.859375,244190.234375,244019.1875,244133.453125,-0.514892578125,0.00146484375,-0.813720703125,-0.7934569716453552,0.5493163466453552,0.3967284858226776,80.0,9653.0,1.0,O,F,O,0
244467.484375,244587.734375,244806.953125,244686.875,244809.90625,245053.71875,244882.328125,244997.390625,-0.515869140625,0.0,-0.813720703125,-0.6408690810203552,0.3967284858226776,0.3356933295726776,80.0,9654.0,1.0,O,F,O,0
244506.28125,244626.359375,244845.40625,244725.5,244848.265625,245092.515625,244920.859375,245036.203125,-0.515380859375,0.0,-0.814208984375,-0.7019042372703552,0.4577636420726776,0.3662109076976776,80.0,9655.0,1.0,O,F,O,0
243667.90625,243787.53125,244006.3125,243886.875,244009.71875,244253.34375,244081.859375,244196.9375,-0.514892578125,0.00146484375,-0.8154296875,-0.7629393935203552,0.5187987685203552,0.3967284858226776,80.0,9656.0,1.0,O,F,O,0
243543.375,243663.359375,243881.953125,243762.5,243885.078125,244129.15625,243957.59375,244072.125,-0.5146484375,0.0009765625,-0.815673828125,-0.7629393935203552,0.4577636420726776,0.4577636420726776,80.0,9657.0,1.0,O,F,O,0
244384.234375,244504.671875,244723.359375,244603.734375,244726.125,244970.390625,244798.90625,244913.890625,-0.51171875,0.001220703125,-0.81298828125,-0.7629393935203552,0.4577636420726776,0.5187987685203552,80.0,9658.0,1.0,O,F,O,0
244636.546875,244756.703125,244975.84375,244855.953125,244978.265625,245222.609375,245051.484375,245166.546875,-0.510986328125,0.00048828125,-0.81103515625,-0.7629393935203552,0.4882812201976776,0.5187987685203552,80.0,9659.0,1.0,O,F,O,0
243847.796875,243967.609375,244186.828125,244067.203125,244189.421875,244433.765625,244262.375,244377.265625,-0.512451171875,0.0,-0.812255859375,-0.8544921278953552,0.4577636420726776,0.4882812201976776,80.0,9660.0,1.0,O,F,O,0
243512.515625,243632.78125,243851.640625,243732.109375,243854.859375,244098.40625,243927.1875,244041.8125,-0.512451171875,0.00146484375,-0.813720703125,-0.8239745497703552,0.4882812201976776,0.4577636420726776,80.0,9661.0,1.0,O,F,O,0
244279.015625,244399.34375,244618.046875,244498.40625,244620.984375,244864.625,244693.671875,244808.5625,-0.514404296875,0.002197265625,-0.81396484375,-0.7629393935203552,0.4577636420726776,0.4882812201976776,80.0,9662.0,1.0,O,F,O,0
244730.6875,244851.125,245069.90625,244949.921875,245072.671875,245316.671875,245145.265625,245260.421875,-0.51318359375,0.001708984375,-0.81103515625,-0.6103515028953552,0.3662109076976776,0.4577636420726776,80.0,9663.0,1.0,O,F,O,0
244041.359375,244161.171875,244380.21875,244260.859375,244383.34375,244627.15625,244455.765625,244570.65625,-0.513671875,0.0029296875,-0.81396484375,-0.7324218153953552,0.4272460639476776,0.4272460639476776,80.0,9664.0,1.0,O,F,O,0
243522.171875,243641.796875,243860.765625,243741.5,243863.796875,244107.53125,243936.21875,244051.015625,-0.51416015625,0.0029296875,-0.812255859375,-0.7324218153953552,0.4577636420726776,0.4272460639476776,80.0,9665.0,1.0,O,F,O,0
244164.921875,244285.0,244503.78125,244384.328125,244506.546875,244750.359375,244579.421875,244694.578125,-0.513916015625,0.002685546875,-0.814208984375,-0.6713866591453552,0.4272460639476776,0.4272460639476776,80.0,9666.0,1.0,O,F,O,0
244786.390625,244906.5625,245125.78125,245005.890625,245128.28125,245372.359375,245200.96875,245316.125,-0.51318359375,0.004150390625,-0.81494140625,-0.6713866591453552,0.4272460639476776,0.4882812201976776,80.0,9667.0,1.0,O,F,O,0
244243.609375,244363.671875,244583.171875,244463.09375,244585.671875,244829.484375,244658.265625,244773.15625,-0.512939453125,0.0009765625,-0.813232421875,-0.6408690810203552,0.5187987685203552,0.3967284858226776,80.0,9668.0,1.0,O,F,O,0
243573.40625,243693.484375,243912.890625,243793.078125,243915.5625,244159.109375,243987.90625,244102.875,-0.513671875,0.001220703125,-0.812744140625,-0.7629393935203552,0.5493163466453552,0.2441406100988388,80.0,9669.0,1.0,O,F,O,0
244051.921875,244171.90625,244391.21875,244271.40625,244394.171875,244637.703125,244466.5,244581.5625,-0.515380859375,0.00048828125,-0.8125,-0.7019042372703552,0.4882812201976776,0.3662109076976776,80.0,9670.0,1.0,O,F,O,0
244803.375,244923.546875,245142.59375,245022.703125,245145.71875,245389.265625,245217.953125,245333.296875,-0.514404296875,0.00146484375,-0.810791015625,-0.7019042372703552,0.4882812201976776,0.3967284858226776,80.0,9671.0,1.0,O,F,O,0
244442.359375,244562.609375,244781.46875,244661.84375,244784.609375,245028.234375,244856.9375,244972.265625,-0.515380859375,0.003173828125,-0.810791015625,-0.7019042372703552,0.3967284858226776,0.4577636420726776,80.0,9672.0,1.0,O,F,O,0
243663.4375,243783.609375,244002.65625,243883.109375,244005.875,244249.0625,244078.375,244193.171875,-0.513916015625,0.001708984375,-0.81005859375,-0.7934569716453552,0.4272460639476776,0.4272460639476776,80.0,9673.0,1.0,O,F,O,0
243945.34375,244065.765625,244284.8125,244164.75,244287.40625,244530.875,244360.015625,244475.171875,-0.515625,0.002197265625,-0.81298828125,-0.7934569716453552,0.5187987685203552,0.4577636420726776,80.0,9674.0,1.0,O,F,O,0
244778.96875,244899.046875,245118.0,244997.84375,245120.6875,245364.765625,245193.640625,245308.4375,-0.513916015625,0.00146484375,-0.812744140625,-0.8544921278953552,0.4577636420726776,0.4272460639476776,80.0,9675.0,1.0,O,F,O,0
244623.046875,244743.125,244962.25,244842.0,244965.125,245209.015625,245037.984375,245152.875,-0.513671875,0.0009765625,-0.811279296875,-0.7019042372703552,0.4882812201976776,0.4272460639476776,80.0,9676.0,1.0,O,F,O,0
243789.6875,243909.75,244129.078125,244009.0,244131.9375,244375.296875,244204.359375,244319.15625,-0.515380859375,0.001708984375,-0.814697265625,-0.7324218153953552,0.5187987685203552,0.4577636420726776,80.0,9677.0,1.0,O,F,O,0
243860.578125,243980.75,244199.96875,244080.078125,244202.921875,244446.203125,244274.984375,244390.046875,-0.514892578125,0.000244140625,-0.812255859375,-0.7324218153953552,0.5493163466453552,0.3967284858226776,80.0,9678.0,1.0,O,F,O,0
244723.984375,244844.15625,245063.28125,244943.484375,245065.96875,245310.234375,245138.5625,245254.078125,-0.51513671875,0.0009765625,-0.810302734375,-0.7629393935203552,0.4577636420726776,0.3967284858226776,80.0,9679.0,1.0,O,F,O,0
244783.171875,244903.34375,245122.46875,245002.484375,245124.53125,245368.875,245197.484375,245312.90625,-0.513427734375,0.00146484375,-0.810791015625,-0.7934569716453552,0.3967284858226776,0.3967284858226776,80.0,9680.0,1.0,O,F,O,0
243948.109375,244068.28125,244287.40625,244167.703125,244290.0,244533.640625,244362.609375,244477.671875,-0.513427734375,-0.000244140625,-0.810791015625,-0.7629393935203552,0.4882812201976776,0.3356933295726776,80.0,9681.0,1.0,O,F,O,0
243802.734375,243922.8125,244142.125,244022.234375,244145.171875,244388.359375,244217.578125,244332.109375,-0.514892578125,-0.000244140625,-0.81201171875,-0.7324218153953552,0.4882812201976776,0.4272460639476776,80.0,9682.0,1.0,O,F,O,0
244640.75,244760.828125,244979.875,244859.890625,244983.0,245226.625,245055.421875,245170.3125,-0.516357421875,0.00048828125,-0.8115234375,-0.6713866591453552,0.5187987685203552,0.4577636420726776,80.0,9683.0,1.0,O,F,O,0
244912.640625,245032.890625,245251.671875,245131.953125,245254.796875,245498.515625,245327.484375,245442.640625,-0.513671875,-0.00048828125,-0.812744140625,-0.7324218153953552,0.4577636420726776,0.3967284858226776,80.0,9684.0,1.0,O,F,O,0
244131.125,244251.5625,244470.34375,244350.71875,244473.375,244717.28125,244546.25,244660.953125,-0.51416015625,-0.00048828125,-0.813720703125,-0.7019042372703552,0.4577636420726776,0.3662109076976776,80.0,9685.0,1.0,O,F,O,0
243780.03125,243900.09375,244119.140625,243999.34375,244121.5625,244365.640625,244194.421875,244309.046875,-0.511474609375,0.002197265625,-0.810302734375,-0.7324218153953552,0.5187987685203552,0.4577636420726776,80.0,9686.0,1.0,O,F,O,0
244536.328125,244656.484375,244875.265625,244755.375,244877.765625,245122.109375,244950.546875,245065.515625,-0.514892578125,0.00048828125,-0.812744140625,-0.7934569716453552,0.5187987685203552,0.4882812201976776,80.0,9687.0,1.0,O,F,O,0
245005.171875,245125.0625,245343.84375,245223.953125,245346.703125,245590.96875,245419.484375,245534.453125,-0.5126953125,0.001953125,-0.81005859375,-0.8239745497703552,0.4882812201976776,0.4272460639476776,80.0,9688.0,1.0,O,F,O,0
244327.828125,244448.171875,244666.859375,244547.59375,244669.890625,244913.796875,244742.9375,244857.46875,-0.513427734375,0.002197265625,-0.807861328125,-0.8239745497703552,0.4272460639476776,0.5493163466453552,80.0,9689.0,1.0,O,F,O,0
243792.28125,243913.0625,244131.3125,244011.859375,244134.34375,244378.25,244207.65625,244321.5625,-0.5146484375,0.002197265625,-0.81103515625,-0.7629393935203552,0.5187987685203552,0.4882812201976776,80.0,9690.0,1.0,O,F,O,0
244421.515625,244542.140625,244760.90625,244641.015625,244763.765625,245007.671875,244836.640625,244951.265625,-0.5146484375,0.003173828125,-0.8125,-0.7629393935203552,0.5187987685203552,0.4882812201976776,80.0,9691.0,1.0,O,F,O,0
245057.203125,245177.453125,245396.59375,245276.703125,245399.1875,245643.453125,245472.140625,245587.390625,-0.513671875,0.001708984375,-0.811767578125,-0.7324218153953552,0.5798339247703552,0.3967284858226776,80.0,9692.0,1.0,O,F,O,0
244530.78125,244651.125,244869.984375,244750.09375,244872.578125,245116.75,244945.984375,245060.6875,-0.514892578125,0.0,-0.81201171875,-0.7324218153953552,0.5798339247703552,0.3662109076976776,80.0,9693.0,1.0,O,F,O,0
243848.0625,243968.5,244187.1875,244067.03125,244189.953125,244433.59375,244262.828125,244377.4375,-0.514892578125,0.001953125,-0.811767578125,-0.6408690810203552,0.5187987685203552,0.4577636420726776,80.0,9694.0,1.0,O,F,O,0
244310.125,244430.375,244649.421875,244529.171875,244652.109375,244895.921875,244724.609375,244839.59375,-0.51611328125,0.001708984375,-0.813232421875,-0.7019042372703552,0.4882812201976776,0.4272460639476776,80.0,9695.0,1.0,O,F,O,0
245071.875,245191.9375,245411.171875,245290.828125,245413.5,245657.65625,245486.359375,245601.6875,-0.515380859375,0.001220703125,-0.813232421875,-0.7324218153953552,0.4272460639476776,0.3662109076976776,80.0,9696.0,1.0,O,F,O,0
244729.984375,244849.875,245069.359375,244949.375,245071.59375,245315.5,245144.640625,245259.71875,-0.513427734375,0.002197265625,-0.8125,-0.7019042372703552,0.3967284858226776,0.4272460639476776,80.0,9697.0,1.0,O,F,O,0
243943.015625,244063.09375,244282.3125,244162.6875,244285.0,244528.625,244357.78125,244472.125,-0.512939453125,0.0009765625,-0.807861328125,-0.7324218153953552,0.4577636420726776,0.3967284858226776,80.0,9698.0,1.0,O,F,O,0
244205.875,244325.859375,244545.34375,244425.375,244548.03125,244791.671875,244620.546875,244735.078125,-0.512451171875,0.00244140625,-0.81201171875,-0.7629393935203552,0.4577636420726776,0.4272460639476776,80.0,9699.0,1.0,O,F,O,0
245044.59375,245164.578125,245384.078125,245263.734375,245386.3125,245630.84375,245459.265625,245574.34375,-0.51416015625,0.001708984375,-0.814697265625,-0.7629393935203552,0.5187987685203552,0.4882812201976776,80.0,9700.0,1.0,O,F,O,0
244908.796875,245029.125,245248.09375,245128.28125,245250.765625,245495.125,245323.640625,245438.609375,-0.511962890625,0.0,-0.81298828125,-0.7629393935203552,0.3662109076976776,0.4272460639476776,80.0,9701.0,1.0,O,F,O,0
244070.78125,244191.125,244410.25,244290.453125,244413.03125,244657.015625,244485.625,244600.6875,-0.510009765625,0.001220703125,-0.8115234375,-0.6408690810203552,0.4577636420726776,0.5798339247703552,80.0,9702.0,1.0,O,F,O,0
244118.96875,244239.671875,244458.8125,244339.171875,244461.21875,244705.484375,244534.0,244649.0625,-0.5126953125,0.000732421875,-0.81103515625,-0.7629393935203552,0.4882812201976776,0.5187987685203552,80.0,9703.0,1.0,O,F,O,0
244983.0,245103.515625,245322.75,245203.03125,245324.890625,245569.328125,245397.671875,245513.09375,-0.513671875,0.000244140625,-0.8125,-0.7934569716453552,0.5187987685203552,0.3967284858226776,80.0,9704.0,1.0,O,F,O,0
245063.828125,245184.25,245403.484375,245283.671875,245405.53125,245650.25,245478.578125,245593.640625,-0.513916015625,-0.000244140625,-0.81103515625,-0.7934569716453552,0.4882812201976776,0.5187987685203552,80.0,9705.0,1.0,O,F,O,0
244232.25,244352.328125,244571.546875,244451.75,244574.40625,244818.3125,244647.28125,244761.8125,-0.514404296875,-0.0009765625,-0.813720703125,-0.7324218153953552,0.4577636420726776,0.4882812201976776,80.0,9706.0,1.0,O,F,O,0
244065.0625,244185.046875,244404.359375,244284.546875,244407.03125,244650.671875,244479.734375,244594.609375,-0.515380859375,0.001708984375,-0.814697265625,-0.8544921278953552,0.4272460639476776,0.4882812201976776,80.0,9707.0,1.0,O,F,O,0
244894.484375,245015.0,245233.96875,245114.0625,245236.5625,245480.546875,245309.15625,245424.765625,-0.513671875,0.000244140625,-0.814453125,-0.8239745497703552,0.4882812201976776,0.4882812201976776,80.0,9708.0,1.0,O,F,O,0
245188.453125,245308.96875,245527.9375,245408.21875,245530.4375,245774.875,245603.390625,245719.171875,-0.5126953125,-0.000244140625,-0.810302734375,-0.7629393935203552,0.5493163466453552,0.4272460639476776,80.0,9709.0,1.0,O,F,O,0
244415.359375,244536.140625,244755.28125,244635.203125,244757.875,245002.125,244830.5625,244945.625,-0.51318359375,0.0,-0.80908203125,-0.7629393935203552,0.5187987685203552,0.3967284858226776,80.0,9710.0,1.0,O,F,O,0
244042.890625,244163.40625,244382.90625,244262.734375,244385.578125,244629.390625,244458.0,244573.15625,-0.5146484375,0.001953125,-0.813232421875,-0.7324218153953552,0.3662109076976776,0.4272460639476776,80.0,9711.0,1.0,O,F,O,0
244788.8125,244909.15625,245128.546875,245008.296875,245131.421875,245375.3125,245203.75,245319.171875,-0.514404296875,0.002197265625,-0.813232421875,-0.6713866591453552,0.3662109076976776,0.4272460639476776,80.0,9712.0,1.0,O,F,O,0
245276.796875,245396.953125,245616.453125,245496.1875,245618.765625,245863.125,245691.8125,245806.96875,-0.5146484375,0.00146484375,-0.81201171875,-0.7019042372703552,0.4577636420726776,0.3967284858226776,80.0,9713.0,1.0,O,F,O,0
244614.640625,244734.890625,244954.03125,244833.6875,244956.625,245200.53125,245029.578125,245144.46875,-0.513916015625,-0.000244140625,-0.8125,-0.7019042372703552,0.4577636420726776,0.4577636420726776,80.0,9714.0,1.0,O,F,O,0
244062.828125,244183.515625,244402.390625,244282.578125,244405.25,244648.890625,244478.296875,244592.921875,-0.51171875,0.0,-0.808349609375,-0.6713866591453552,0.4272460639476776,0.4272460639476776,80.0,9715.0,1.0,O,F,O,0
244676.0625,244796.40625,245015.625,244895.921875,245018.5,245262.65625,245091.53125,245206.34375,-0.51220703125,0.00048828125,-0.80908203125,-0.7019042372703552,0.4577636420726776,0.4272460639476776,80.0,9716.0,1.0,O,F,O,0
245327.3125,245447.921875,245666.78125,245546.984375,245669.734375,245913.71875,245742.328125,245857.75,-0.513427734375,0.00048828125,-0.811767578125,-0.6408690810203552,0.6103515028953552,0.4272460639476776,80.0,9717.0,1.0,O,F,O,0
244815.625,244936.421875,245155.375,245035.296875,245158.5,245402.140625,245230.75,245345.984375,-0.513671875,0.000732421875,-0.81103515625,-0.6713866591453552,0.5187987685203552,0.3662109076976776,80.0,9718.0,1.0,O,F,O,0
244118.796875,244239.40625,244458.453125,244338.640625,244461.3125,244705.03125,244533.8125,244648.890625,-0.51416015625,0.001953125,-0.811767578125,-0.7019042372703552,0.4882812201976776,0.3662109076976776,80.0,9719.0,1.0,O,F,O,0
244558.21875,244678.75,244897.703125,244777.984375,244900.5625,245144.640625,244973.15625,245088.5,-0.514892578125,0.0,-0.810791015625,-0.7019042372703552,0.5187987685203552,0.3662109076976776,80.0,9720.0,1.0,O,F,O,0
245331.234375,245452.03125,245670.8125,245551.0,245673.671875,245917.65625,245746.265625,245861.953125,-0.515380859375,0.0029296875,-0.81298828125,-0.6713866591453552,0.5187987685203552,0.3967284858226776,80.0,9721.0,1.0,O,F,O,0
245011.703125,245132.21875,245351.265625,245231.546875,245353.859375,245597.765625,245426.640625,245542.234375,-0.51416015625,0.001220703125,-0.812744140625,-0.6713866591453552,0.5187987685203552,0.4882812201976776,80.0,9722.0,1.0,O,F,O,0
244220.625,244340.609375,244560.015625,244439.84375,244562.78125,244806.234375,244635.390625,244750.625,-0.513427734375,0.000732421875,-0.810791015625,-0.7934569716453552,0.5493163466453552,0.5493163466453552,80.0,9723.0,1.0,O,F,O,0
244461.84375,244582.015625,244801.140625,244681.15625,244804.09375,245047.46875,244876.421875,244991.765625,-0.514404296875,0.000244140625,-0.81494140625,-0.6408690810203552,0.4882812201976776,0.5187987685203552,80.0,9724.0,1.0,O,F,O,0
245305.3125,245425.734375,245644.96875,245524.890625,245647.203125,245891.28125,245720.25,245835.671875,-0.513671875,0.0029296875,-0.815673828125,-0.7324218153953552,0.4882812201976776,0.4577636420726776,80.0,9725.0,1.0,O,F,O,0
245190.515625,245311.125,245530.265625,245410.0,245532.578125,245776.671875,245605.890625,245720.875,-0.514404296875,0.0009765625,-0.8125,-0.7324218153953552,0.3967284858226776,0.4272460639476776,80.0,9726.0,1.0,O,F,O,0
244350.0,244470.25,244689.125,244569.21875,244692.0625,244936.0625,244764.9375,244879.828125,-0.51220703125,0.001953125,-0.813232421875,-0.8239745497703552,0.5187987685203552,0.3967284858226776,80.0,9727.0,1.0,O,F,O,0
244378.15625,244498.40625,244717.546875,244597.65625,244720.59375,244964.3125,244793.1875,244908.4375,-0.512451171875,0.0009765625,-0.813232421875,-0.7324218153953552,0.5187987685203552,0.3967284858226776,80.0,9728.0,1.0,O,F,O,0
245239.59375,245360.296875,245579.4375,245459.53125,245582.203125,245826.015625,245654.796875,245770.046875,-0.51513671875,0.000732421875,-0.814453125,-0.5798339247703552,0.5187987685203552,0.4272460639476776,80.0,9729.0,1.0,O,F,O,0
245343.125,245463.828125,245682.609375,245563.078125,245685.46875,245929.90625,245758.25,245873.5,-0.513671875,0.001220703125,-0.8125,-0.6103515028953552,0.4882812201976776,0.4272460639476776,80.0,9730.0,1.0,O,F,O,0
244515.84375,244636.28125,244854.96875,244735.34375,244858.09375,245102.359375,244930.703125,245045.765625,-0.51416015625,0.00048828125,-0.812744140625,-0.6713866591453552,0.4882812201976776,0.3967284858226776,80.0,9731.0,1.0,O,F,O,0
244325.953125,244446.375,244665.25,244545.796875,244668.375,244912.28125,244740.703125,244855.953125,-0.513427734375,0.0009765625,-0.81201171875,-0.6713866591453552,0.4882812201976776,0.4272460639476776,80.0,9732.0,1.0,O,F,O,0
245149.828125,245270.53125,245489.84375,245369.6875,245492.265625,245736.25,245564.6875,245680.28125,-0.512939453125,-0.000244140625,-0.81396484375,-0.7019042372703552,0.4577636420726776,0.3356933295726776,80.0,9733.0,1.0,O,F,O,0
245464.90625,245585.6875,245804.734375,245684.578125,245807.6875,246051.765625,245880.015625,245995.53125,-0.5126953125,0.001708984375,-0.8115234375,-0.7934569716453552,0.4577636420726776,0.3356933295726776,80.0,9734.0,1.0,O,F,O,0
244699.84375,244820.640625,245039.328125,244919.515625,245042.546875,245286.453125,245114.875,245229.84375,-0.512451171875,-0.00146484375,-0.811767578125,-0.7629393935203552,0.4882812201976776,0.4272460639476776,80.0,9735.0,1.0,O,F,O,0
244307.96875,244428.234375,244647.359375,244527.921875,244650.5,244894.125,244722.5625,244837.71875,-0.51220703125,-0.000244140625,-0.813232421875,-0.7934569716453552,0.3662109076976776,0.4882812201976776,80.0,9736.0,1.0,O,F,O,0
245042.09375,245162.34375,245381.484375,245261.765625,245384.4375,245628.15625,245456.671875,245572.09375,-0.513916015625,-0.000244140625,-0.809814453125,-0.7934569716453552,0.5187987685203552,0.3967284858226776,80.0,9737.0,1.0,O,F,O,0
245549.390625,245670.1875,245888.6875,245768.890625,245891.90625,246135.8125,245964.328125,246079.84375,-0.513671875,0.00048828125,-0.811279296875,-0.7629393935203552,0.5493163466453552,0.4272460639476776,80.0,9738.0,1.0,O,F,O,0
244900.125,245020.546875,245239.15625,245119.609375,245242.546875,245486.453125,245314.78125,245430.03125,-0.514404296875,0.000244140625,-0.80908203125,-0.8544921278953552,0.4882812201976776,0.3356933295726776,80.0,9739.0,1.0,O,F,O,0
244329.875,244449.6875,244668.734375,244549.546875,244671.859375,244915.9375,244744.640625,244859.703125,-0.513916015625,0.0,-0.806884765625,-0.7019042372703552,0.4882812201976776,0.3967284858226776,80.0,9740.0,1.0,O,F,O,0
244926.671875,245046.921875,245265.53125,245146.25,245268.296875,245512.375,245341.609375,245456.40625,-0.51416015625,0.0,-0.808349609375,-0.6408690810203552,0.5493163466453552,0.3967284858226776,80.0,9741.0,1.0,O,F,O,0
245592.671875,245712.828125,245931.515625,245811.890625,245934.640625,246178.8125,246007.609375,246122.765625,-0.5146484375,0.002685546875,-0.811767578125,-0.6713866591453552,0.5187987685203552,0.4882812201976776,80.0,9742.0,1.0,O,F,O,0
245102.0,245221.890625,245441.03125,245321.140625,245443.890625,245688.0625,245516.765625,245631.734375,-0.51416015625,0.001953125,-0.81298828125,-0.6408690810203552,0.5187987685203552,0.4272460639476776,80.0,9743.0,1.0,O,F,O,0
244393.8125,244514.0625,244733.109375,244613.390625,244736.0625,244980.140625,244808.5625,244923.625,-0.512939453125,0.001953125,-0.8125,-0.5798339247703552,0.6103515028953552,0.3662109076976776,80.0,9744.0,1.0,O,F,O,0
244815.265625,244935.703125,245154.65625,245034.671875,245157.796875,245401.875,245230.296875,245345.640625,-0.512939453125,0.00244140625,-0.810302734375,-0.5493163466453552,0.5187987685203552,0.4882812201976776,80.0,9745.0,1.0,O,F,O,0
245596.59375,245716.671875,245935.890625,245815.734375,245938.765625,246183.109375,246011.265625,246126.875,-0.51416015625,0.002197265625,-0.81005859375,-0.6408690810203552,0.5493163466453552,0.4272460639476776,80.0,9746.0,1.0,O,F,O,0
245292.34375,245412.421875,245631.921875,245511.75,245634.421875,245878.671875,245707.1875,245822.890625,-0.51318359375,0.002685546875,-0.810546875,-0.7324218153953552,0.4882812201976776,0.3967284858226776,80.0,9747.0,1.0,O,F,O,0
244492.59375,244612.5,244832.171875,244712.09375,244834.84375,245078.75,244907.453125,245022.875,-0.511962890625,0.001220703125,-0.80908203125,-0.7629393935203552,0.4577636420726776,0.4272460639476776,80.0,9748.0,1.0,O,F,O,0
244715.140625,244835.125,245054.4375,244934.625,245057.296875,245301.375,245130.15625,245245.234375,-0.513427734375,0.001953125,-0.812255859375,-0.8544921278953552,0.4577636420726776,0.4882812201976776,80.0,9749.0,1.0,O,F,O,0
245562.890625,245683.234375,245902.375,245782.296875,245904.875,246149.484375,245978.09375,246093.078125,-0.513916015625,-0.00048828125,-0.814208984375,-0.7629393935203552,0.4272460639476776,0.5493163466453552,80.0,9750.0,1.0,O,F,O,0
245468.03125,245588.375,245807.6875,245687.609375,245810.28125,246054.359375,245882.96875,245998.296875,-0.515625,0.00146484375,-0.8134765625,-0.7324218153953552,0.4272460639476776,0.4577636420726776,80.0,9751.0,1.0,O,F,O,0
244628.140625,244748.125,244967.359375,244847.8125,244970.21875,245214.390625,245042.90625,245158.0625,-0.514404296875,0.00146484375,-0.813720703125,-0.6713866591453552,0.3967284858226776,0.4272460639476776,80.0,9752.0,1.0,O,F,O,0
244636.1875,244756.359375,244975.21875,244855.5,244978.4375,245222.25,245050.859375,245165.921875,-0.513916015625,0.0009765625,-0.81201171875,-0.7324218153953552,0.3662109076976776,0.4882812201976776,80.0,9753.0,1.0,O,F,O,0
245497.171875,245617.609375,245836.203125,245716.140625,245839.515625,246083.6875,245912.03125,246027.546875,-0.51513671875,-0.000244140625,-0.808837890625,-0.7629393935203552,0.4882812201976776,0.3967284858226776,80.0,9754.0,1.0,O,F,O,0
245622.34375,245742.59375,245961.640625,245841.578125,245964.328125,246208.671875,246037.109375,246152.703125,-0.513916015625,0.001220703125,-0.808349609375,-0.7324218153953552,0.4272460639476776,0.4882812201976776,80.0,9755.0,1.0,O,F,O,0
244797.484375,244917.546875,245136.953125,245017.15625,245139.90625,245383.90625,245212.328125,245327.484375,-0.513671875,0.001708984375,-0.810546875,-0.7019042372703552,0.4882812201976776,0.3967284858226776,80.0,9756.0,1.0,O,F,O,0
244588.09375,244708.078125,244927.203125,244807.40625,244930.0625,245174.328125,245002.75,245117.828125,-0.51123046875,0.000732421875,-0.809326171875,-0.6713866591453552,0.4882812201976776,0.3967284858226776,80.0,9757.0,1.0,O,F,O,0
245405.265625,245524.890625,245744.296875,245624.5,245747.078125,245991.515625,245820.03125,245935.1875,-0.51318359375,0.0009765625,-0.811767578125,-0.7629393935203552,0.4882812201976776,0.3967284858226776,80.0,9758.0,1.0,O,F,O,0
245739.03125,245859.546875,246078.6875,245958.515625,246081.1875,246325.4375,246154.3125,246269.46875,-0.5146484375,0.00146484375,-0.8125,-0.7019042372703552,0.5187987685203552,0.3967284858226776,80.0,9759.0,1.0,O,F,O,0
244982.8125,245103.15625,245322.484375,245202.21875,245324.796875,245568.96875,245397.75,245512.828125,-0.513916015625,0.00244140625,-0.81103515625,-0.7324218153953552,0.6103515028953552,0.4577636420726776,80.0,9760.0,1.0,O,F,O,0
244571.71875,244691.796875,244910.671875,244790.78125,244913.53125,245158.0625,244986.484375,245101.109375,-0.513671875,0.003173828125,-0.8125,-0.7934569716453552,0.6103515028953552,0.4882812201976776,80.0,9761.0,1.0,O,F,O,0
245296.375,245416.4375,245635.140625,245515.421875,245638.0,245882.4375,245710.765625,245825.921875,-0.51513671875,0.001220703125,-0.81005859375,-0.8850097060203552,0.4577636420726776,0.3967284858226776,80.0,9762.0,1.0,O,F,O,0
245820.5625,245940.71875,246159.6875,246039.4375,246162.359375,246406.453125,246235.140625,246350.484375,-0.51416015625,0.0009765625,-0.8076171875,-0.8239745497703552,0.4272460639476776,0.3967284858226776,80.0,9763.0,1.0,O,F,O,0
245185.0625,245305.40625,245524.359375,245404.28125,245527.75,245771.203125,245599.90625,245715.234375,-0.513427734375,0.0,-0.81201171875,-0.7629393935203552,0.4577636420726776,0.4577636420726776,80.0,9764.0,1.0,O,F,O,0
244600.609375,244721.296875,244940.4375,244819.921875,244943.390625,245187.03125,245015.8125,245130.78125,-0.514892578125,0.00146484375,-0.8115234375,-0.7324218153953552,0.4882812201976776,0.4272460639476776,80.0,9765.0,1.0,O,F,O,0
245182.203125,245302.625,245522.03125,245401.515625,245524.890625,245768.890625,245597.5,245712.65625,-0.515380859375,0.001708984375,-0.812744140625,-0.7019042372703552,0.4577636420726776,0.4882812201976776,80.0,9766.0,1.0,O,F,O,0
245863.03125,245983.734375,246202.875,246082.53125,246205.375,246449.90625,246277.875,246393.65625,-0.51611328125,-0.000732421875,-0.811767578125,-0.7019042372703552,0.4882812201976776,0.5187987685203552,80.0,9767.0,1.0,O,F,O,0
245389.078125,245509.0625,245728.203125,245608.125,245731.328125,245975.0625,245803.390625,245919.265625,-0.51416015625,0.0009765625,-0.812744140625,-0.7019042372703552,0.4882812201976776,0.3356933295726776,80.0,9768.0,1.0,O,F,O,0
244668.734375,244788.71875,245007.9375,244887.953125,245011.25,245254.890625,245083.3125,245198.921875,-0.511962890625,0.001220703125,-0.810546875,-0.6713866591453552,0.5493163466453552,0.4272460639476776,80.0,9769.0,1.0,O,F,O,0
245071.15625,245191.3125,245410.453125,245290.375,245413.5,245657.3125,245485.734375,245600.984375,-0.512451171875,0.0009765625,-0.8134765625,-0.7019042372703552,0.5493163466453552,0.3662109076976776,80.0,9770.0,1.0,O,F,O,0
245861.25,245981.671875,246200.546875,246080.734375,246203.578125,246447.75,246275.828125,246391.34375,-0.5146484375,0.000244140625,-0.8154296875,-0.6713866591453552,0.5493163466453552,0.3967284858226776,80.0,9771.0,1.0,O,F,O,0
245580.59375,245700.578125,245919.453125,245800.0,245922.671875,246166.75,245995.078125,246110.515625,-0.514892578125,0.00146484375,-0.809814453125,-0.7934569716453552,0.5493163466453552,0.4882812201976776,80.0,9772.0,1.0,O,F,O,0
244773.96875,244894.125,245113.53125,244993.375,245116.484375,245360.390625,245188.640625,245304.0625,-0.512939453125,-0.000732421875,-0.81103515625,-0.7324218153953552,0.5493163466453552,0.4577636420726776,80.0,9773.0,1.0,O,F,O,0
244972.0,245092.25,245311.75,245191.578125,245314.4375,245558.15625,245386.671875,245502.359375,-0.513671875,-0.000244140625,-0.811279296875,-0.6713866591453552,0.5493163466453552,0.4882812201976776,80.0,9774.0,1.0,O,F,O,0
245823.875,245943.9375,246163.53125,246043.1875,246166.390625,246410.109375,246238.546875,246354.5,-0.5146484375,0.000244140625,-0.814208984375,-0.7324218153953552,0.5493163466453552,0.4882812201976776,80.0,9775.0,1.0,O,F,O,0
245754.40625,245874.390625,246093.703125,245973.359375,246096.65625,246340.734375,246168.796875,246284.765625,-0.514404296875,0.00146484375,-0.813232421875,-0.7324218153953552,0.5187987685203552,0.5187987685203552,80.0,9776.0,1.0,O,F,O,0
244912.015625,245032.171875,245251.125,245131.0625,245253.984375,245498.25,245326.40625,245442.015625,-0.513671875,0.0009765625,-0.815185546875,-0.7019042372703552,0.4577636420726776,0.4882812201976776,80.0,9777.0,1.0,O,F,O,0
244894.84375,245015.28125,245234.40625,245114.25,245237.265625,245481.078125,245309.515625,245424.9375,-0.515380859375,0.00048828125,-0.8115234375,-0.7629393935203552,0.3967284858226776,0.5187987685203552,80.0,9778.0,1.0,O,F,O,0
245754.671875,245874.828125,246094.421875,245973.890625,246096.828125,246341.0,246169.421875,246284.859375,-0.51513671875,0.000244140625,-0.8134765625,-0.7934569716453552,0.4882812201976776,0.5187987685203552,80.0,9779.0,1.0,O,F,O,0
245901.296875,246021.375,246241.21875,246120.53125,246243.71875,246487.890625,246316.140625,246431.921875,-0.5146484375,0.00146484375,-0.812255859375,-0.7629393935203552,0.3662109076976776,0.5493163466453552,80.0,9780.0,1.0,O,F,O,0
245079.46875,245199.359375,245419.125,245298.78125,245421.71875,245665.890625,245494.046875,245609.46875,-0.512451171875,0.0,-0.814208984375,-0.8239745497703552,0.4882812201976776,0.4577636420726776,80.0,9781.0,1.0,O,F,O,0
244848.359375,244968.78125,245188.015625,245067.9375,245191.046875,245435.046875,245263.109375,245378.359375,-0.513427734375,0.0,-0.8115234375,-0.8544921278953552,0.4577636420726776,0.3662109076976776,80.0,9782.0,1.0,O,F,O,0
245659.625,245780.0625,245999.375,245879.21875,246002.5,246246.40625,246074.5625,246190.078125,-0.513916015625,0.000732421875,-0.811279296875,-0.7629393935203552,0.3967284858226776,0.3356933295726776,80.0,9783.0,1.0,O,F,O,0
246013.0625,246133.390625,246353.15625,246233.0,246355.9375,246600.28125,246428.078125,246543.953125,-0.51611328125,0.001708984375,-0.811767578125,-0.7019042372703552,0.5493163466453552,0.4272460639476776,80.0,9784.0,1.0,O,F,O,0
245266.859375,245387.03125,245606.703125,245486.453125,245609.46875,245853.828125,245681.796875,245797.3125,-0.5146484375,-0.000244140625,-0.8115234375,-0.6713866591453552,0.4882812201976776,0.3662109076976776,80.0,9785.0,1.0,O,F,O,0
244838.15625,244958.328125,245177.734375,245057.390625,245180.5,245424.578125,245253.0,245368.078125,-0.514404296875,0.0009765625,-0.810791015625,-0.6713866591453552,0.5493163466453552,0.4577636420726776,80.0,9786.0,1.0,O,F,O,0
245548.9375,245669.5625,245888.875,245768.4375,245891.546875,246135.71875,245963.875,246079.3125,-0.51513671875,0.00146484375,-0.812255859375,-0.7019042372703552,0.4272460639476776,0.4577636420726776,80.0,9787.0,1.0,O,F,O,0
246088.875,246209.3125,246428.890625,246308.28125,246431.390625,246675.65625,246504.078125,246619.421875,-0.513671875,0.001708984375,-0.812255859375,-0.6713866591453552,0.4882812201976776,0.5187987685203552,80.0,9788.0,1.0,O,F,O,0
245468.5625,245588.640625,245808.21875,245687.796875,245811.171875,246054.984375,245883.421875,245998.578125,-0.515380859375,0.0009765625,-0.81201171875,-0.7934569716453552,0.4882812201976776,0.4272460639476776,80.0,9789.0,1.0,O,F,O,0
244867.65625,244988.0,245207.046875,245087.0625,245210.625,245454.265625,245282.515625,245397.484375,-0.513916015625,0.002197265625,-0.811279296875,-0.7934569716453552,0.3967284858226776,0.3662109076976776,80.0,9790.0,1.0,O,F,O,0
245433.25,245553.5,245772.734375,245652.484375,245775.6875,246019.671875,245848.09375,245963.171875,-0.51318359375,0.0,-0.809326171875,-0.8544921278953552,0.4272460639476776,0.4272460639476776,80.0,9791.0,1.0,O,F,O,0
246126.421875,246246.671875,246465.90625,246345.734375,246468.765625,246713.03125,246541.1875,246656.703125,-0.5126953125,0.0,-0.8115234375,-0.6713866591453552,0.4272460639476776,0.3967284858226776,80.0,9792.0,1.0,O,F,O,0
245669.46875,245789.625,246009.03125,245888.6875,246011.984375,246256.25,246084.5,246199.65625,-0.5126953125,0.0,-0.81005859375,-0.8544921278953552,0.4577636420726776,0.5187987685203552,80.0,9793.0,1.0,O,F,O,0
244940.078125,245059.984375,245279.5625,245159.578125,245283.046875,245526.421875,245355.109375,245469.90625,-0.5126953125,0.0009765625,-0.813232421875,-0.7629393935203552,0.5798339247703552,0.3967284858226776,80.0,9794.0,1.0,O,F,O,0
245322.65625,245442.90625,245662.140625,245541.96875,245665.265625,245909.171875,245737.234375,245852.578125,-0.515625,0.003173828125,-0.810546875,-0.6408690810203552,0.3662109076976776,0.5798339247703552,80.0,9795.0,1.0,O,F,O,0
246120.25,246240.78125,246460.09375,246339.75,246462.953125,246706.9375,246534.828125,246650.703125,-0.51513671875,0.002197265625,-0.81494140625,-0.6408690810203552,0.4882812201976776,0.4882812201976776,80.0,9796.0,1.0,O,F,O,0
245859.71875,245980.15625,246199.296875,246079.484375,246202.328125,246446.328125,246274.484375,246390.0,-0.515869140625,0.00146484375,-0.812255859375,-0.7019042372703552,0.5798339247703552,0.4577636420726776,80.0,9797.0,1.0,O,F,O,0
245047.8125,245167.71875,245387.296875,245267.3125,245390.25,245634.234375,245462.578125,245578.0,-0.515380859375,0.0009765625,-0.81591796875,-0.7324218153953552,0.5493163466453552,0.4272460639476776,80.0,9798.0,1.0,O,F,O,0
245225.109375,245345.359375,245564.59375,245444.515625,245567.8125,245811.890625,245640.234375,245755.46875,-0.514404296875,0.0029296875,-0.811767578125,-0.8239745497703552,0.4577636420726776,0.4272460639476776,80.0,9799.0,1.0,O,F,O,0
246080.109375,246200.546875,246419.59375,246299.34375,246422.984375,246666.625,246494.953125,246610.734375,-0.5146484375,0.00244140625,-0.810791015625,-0.7629393935203552,0.4577636420726776,0.4882812201976776,80.0,9800.0,1.0,O,F,O,0
246030.84375,246151.640625,246370.5,246250.25,246373.71875,246617.8125,246445.78125,246561.921875,-0.51416015625,0.00146484375,-0.81103515625,-0.6408690810203552,0.4272460639476776,0.4577636420726776,80.0,9801.0,1.0,O,F,O,0
245188.640625,245308.96875,245528.109375,245408.390625,245531.421875,245775.140625,245603.390625,245718.734375,-0.51611328125,0.0029296875,-0.81005859375,-0.5493163466453552,0.4577636420726776,0.5187987685203552,80.0,9802.0,1.0,O,F,O,0
245151.171875,245271.78125,245490.828125,245370.9375,245493.875,245737.59375,245565.9375,245681.453125,-0.515625,0.0009765625,-0.810302734375,-0.6408690810203552,0.4272460639476776,0.3967284858226776,80.0,9803.0,1.0,O,F,O,0
246009.5625,246130.53125,246349.40625,246228.890625,246352.265625,246596.34375,246424.5,246540.5625,-0.5146484375,0.000732421875,-0.809814453125,-0.7019042372703552,0.3967284858226776,0.4577636420726776,80.0,9804.0,1.0,O,F,O,0
246179.53125,246300.5,246519.453125,246399.03125,246522.40625,246766.671875,246594.5625,246710.609375,-0.513671875,-0.001220703125,-0.81103515625,-0.7019042372703552,0.4272460639476776,0.4882812201976776,80.0,9805.0,1.0,O,F,O,0
245362.984375,245483.859375,245702.71875,245582.734375,245705.9375,245949.9375,245777.640625,245893.4375,-0.514404296875,0.000732421875,-0.810546875,-0.7324218153953552,0.5187987685203552,0.4882812201976776,80.0,9806.0,1.0,O,F,O,0
245110.40625,245230.75,245449.96875,245329.8125,245453.09375,245697.0,245525.078125,245640.40625,-0.51513671875,-0.000244140625,-0.813232421875,-0.7324218153953552,0.3967284858226776,0.4272460639476776,80.0,9807.0,1.0,O,F,O,0
245914.890625,246035.40625,246254.8125,246134.203125,246257.3125,246501.84375,246329.5625,246445.34375,-0.513916015625,0.00146484375,-0.81298828125,-0.7934569716453552,0.5187987685203552,0.4577636420726776,80.0,9808.0,1.0,O,F,O,0
246288.34375,246409.484375,246628.09375,246507.65625,246631.3125,246875.5625,246703.453125,246819.234375,-0.513916015625,0.00146484375,-0.8115234375,-0.7019042372703552,0.4272460639476776,0.3967284858226776,80.0,9809.0,1.0,O,F,O,0
245551.1875,245671.609375,245890.5625,245770.5,245893.703125,246137.6875,245966.125,246081.359375,-0.513916015625,0.00146484375,-0.812255859375,-0.7324218153953552,0.5187987685203552,0.4882812201976776,80.0,9810.0,1.0,O,F,O,0
245102.453125,245222.875,245442.015625,245321.671875,245444.875,245688.6875,245517.203125,245632.359375,-0.51416015625,-0.000244140625,-0.81298828125,-0.6713866591453552,0.5187987685203552,0.3967284858226776,80.0,9811.0,1.0,O,F,O,0
245801.96875,245922.671875,246141.890625,246021.8125,246144.84375,246388.65625,246216.640625,246332.59375,-0.515380859375,-0.001708984375,-0.81201171875,-0.6713866591453552,0.5493163466453552,0.4577636420726776,80.0,9812.0,1.0,O,F,O,0
246359.6875,246480.75,246699.4375,246579.359375,246702.5625,246946.828125,246774.53125,246890.765625,-0.515380859375,0.000732421875,-0.81201171875,-0.7019042372703552,0.4882812201976776,0.5493163466453552,80.0,9813.0,1.0,O,F,O,0
245751.71875,245872.78125,246091.46875,245971.65625,246094.59375,246338.859375,246166.5625,246282.4375,-0.515380859375,0.0,-0.810546875,-0.7629393935203552,0.4882812201976776,0.3967284858226776,80.0,9814.0,1.0,O,F,O,0
245136.875,245257.65625,245476.34375,245356.359375,245479.5625,245723.28125,245551.71875,245666.875,-0.5146484375,-0.000732421875,-0.80908203125,-0.7629393935203552,0.4577636420726776,0.3051757514476776,80.0,9815.0,1.0,O,F,O,0
245686.09375,245806.890625,246025.578125,245905.234375,246028.25,246272.515625,246101.03125,246216.015625,-0.515380859375,-0.000732421875,-0.811767578125,-0.8239745497703552,0.4577636420726776,0.4577636420726776,80.0,9816.0,1.0,O,F,O,0
246391.34375,246511.859375,246731.171875,246610.65625,246733.40625,246978.03125,246806.09375,246921.796875,-0.5146484375,0.000732421875,-0.809814453125,-0.8850097060203552,0.5187987685203552,0.4882812201976776,80.0,9817.0,1.0,O,F,O,0
245951.8125,246072.421875,246291.46875,246171.390625,246294.515625,246538.859375,246366.84375,246482.359375,-0.51416015625,0.001708984375,-0.81103515625,-0.8239745497703552,0.5187987685203552,0.4272460639476776,80.0,9818.0,1.0,O,F,O,0
245209.90625,245330.53125,245549.65625,245429.40625,245552.703125,245796.78125,245624.765625,245740.1875,-0.514892578125,0.001708984375,-0.8125,-0.7934569716453552,0.4577636420726776,0.4272460639476776,80.0,9819.0,1.0,O,F,O,0
245574.78125,245695.390625,245914.703125,245794.1875,245917.484375,246161.828125,245989.71875,246105.328125,-0.514404296875,-0.000732421875,-0.81201171875,-0.7934569716453552,0.3967284858226776,0.4577636420726776,80.0,9820.0,1.0,O,F,O,0
246384.28125,246505.15625,246724.203125,246603.859375,246726.796875,246971.046875,246798.859375,246915.078125,-0.51416015625,0.00048828125,-0.811767578125,-0.7629393935203552,0.4882812201976776,0.4882812201976776,80.0,9821.0,1.0,O,F,O,0
246141.09375,246261.96875,246480.828125,246361.03125,246483.6875,246728.140625,246556.203125,246672.078125,-0.5126953125,0.0009765625,-0.81396484375,-0.6408690810203552,0.5493163466453552,0.3051757514476776,80.0,9822.0,1.0,O,F,O,0
245321.5,245442.1875,245660.96875,245541.25,245663.921875,245908.625,245736.34375,245851.859375,-0.515625,0.00048828125,-0.811767578125,-0.6713866591453552,0.4577636420726776,0.3662109076976776,80.0,9823.0,1.0,O,F,O,0
245478.84375,245599.453125,245818.234375,245698.25,245821.453125,246065.8125,245893.703125,246008.9375,-0.51513671875,0.0009765625,-0.812255859375,-0.7629393935203552,0.4882812201976776,0.4882812201976776,80.0,9824.0,1.0,O,F,O,0
246339.484375,246460.09375,246679.046875,246559.0625,246682.0,246926.4375,246754.0625,246870.203125,-0.51416015625,0.001708984375,-0.81103515625,-0.6713866591453552,0.5187987685203552,0.4272460639476776,80.0,9825.0,1.0,O,F,O,0
246311.59375,246432.203125,246651.15625,246531.171875,246653.84375,246898.359375,246726.25,246842.21875,-0.51513671875,0.0009765625,-0.810791015625,-0.6713866591453552,0.5493163466453552,0.4272460639476776,80.0,9826.0,1.0,O,F,O,0
245467.3125,245588.109375,245806.96875,245687.078125,245809.75,246053.921875,245882.4375,245997.59375,-0.514892578125,0.000732421875,-0.8134765625,-0.7934569716453552,0.4272460639476776,0.3662109076976776,80.0,9827.0,1.0,O,F,O,0
245407.6875,245528.46875,245747.34375,245627.625,245750.46875,245994.640625,245822.796875,245938.3125,-0.51513671875,0.00146484375,-0.81103515625,-0.7629393935203552,0.4577636420726776,0.3662109076976776,80.0,9828.0,1.0,O,F,O,0
246265.09375,246385.703125,246604.65625,246484.859375,246607.96875,246852.3125,246680.03125,246795.90625,-0.513916015625,0.001708984375,-0.81103515625,-0.7629393935203552,0.5187987685203552,0.3967284858226776,80.0,9829.0,1.0,O,F,O,0
246453.65625,246574.4375,246792.953125,246673.328125,246796.171875,247040.703125,246868.234375,246984.46875,-0.512939453125,-0.000732421875,-0.81201171875,-0.7324218153953552,0.4577636420726776,0.5187987685203552,80.0,9830.0,1.0,O,F,O,0
245641.84375,245762.71875,245980.875,245861.421875,245984.0,246228.703125,246056.328125,246172.109375,-0.514892578125,0.00244140625,-0.812255859375,-0.7934569716453552,0.4272460639476776,0.4882812201976776,80.0,9831.0,1.0,O,F,O,0
245368.25,245489.046875,245707.546875,245587.921875,245710.6875,245954.9375,245782.75,245898.53125,-0.5146484375,0.0,-0.8134765625,-0.7629393935203552,0.3967284858226776,0.4577636420726776,80.0,9832.0,1.0,O,F,O,0
246165.234375,246285.84375,246504.609375,246384.90625,246507.5625,246752.546875,246579.984375,246695.59375,-0.5146484375,-0.001220703125,-0.810302734375,-0.8239745497703552,0.4272460639476776,0.4272460639476776,80.0,9833.0,1.0,O,F,O,0
246560.3125,246681.28125,246900.328125,246779.90625,246902.65625,247147.984375,246975.34375,247091.3125,-0.513427734375,-0.001220703125,-0.810546875,-0.8544921278953552,0.4577636420726776,0.4882812201976776,80.0,9834.0,1.0,O,F,O,0
245832.8125,245953.59375,246172.203125,246052.578125,246175.15625,246420.03125,246247.578125,246363.4375,-0.514404296875,0.00146484375,-0.812744140625,-0.6713866591453552,0.4882812201976776,0.4882812201976776,80.0,9835.0,1.0,O,F,O,0
245364.59375,245485.5625,245704.515625,245584.890625,245707.734375,245952.171875,245780.0625,245895.390625,-0.5146484375,0.0,-0.81103515625,-0.6103515028953552,0.4272460639476776,0.5187987685203552,80.0,9836.0,1.0,O,F,O,0
246050.78125,246171.84375,246390.796875,246271.171875,246393.84375,246638.453125,246466.265625,246581.6875,-0.516357421875,0.0009765625,-0.810791015625,-0.5798339247703552,0.4272460639476776,0.4882812201976776,80.0,9837.0,1.0,O,F,O,0
246626.125,246747.0,246966.140625,246846.515625,246968.734375,247213.4375,247041.234375,247157.109375,-0.515869140625,0.0,-0.812744140625,-0.5493163466453552,0.5187987685203552,0.4882812201976776,80.0,9838.0,1.0,O,F,O,0
246032.375,246152.984375,246371.9375,246252.21875,246374.703125,246619.140625,246447.03125,246562.90625,-0.51513671875,-0.0009765625,-0.81396484375,-0.6408690810203552,0.5798339247703552,0.4577636420726776,80.0,9839.0,1.0,O,F,O,0
245401.78125,245522.296875,245741.265625,245621.625,245744.65625,245988.734375,245816.890625,245932.234375,-0.51318359375,0.002197265625,-0.8115234375,-0.6408690810203552,0.5187987685203552,0.3967284858226776,80.0,9840.0,1.0,O,F,O,0
245935.359375,246055.875,246275.015625,246155.125,246278.140625,246522.40625,246350.296875,246465.71875,-0.51416015625,0.001708984375,-0.811279296875,-0.7934569716453552,0.5187987685203552,0.4272460639476776,80.0,9841.0,1.0,O,F,O,0
246653.125,246774.09375,246993.3125,246872.703125,246996.09375,247240.4375,247068.234375,247184.28125,-0.512451171875,0.00146484375,-0.811279296875,-0.7934569716453552,0.5187987685203552,0.4882812201976776,80.0,9842.0,1.0,O,F,O,0
246232.46875,246353.421875,246572.5625,246452.40625,246575.25,246819.5,246647.671875,246763.53125,-0.512939453125,0.0,-0.808837890625,-0.7934569716453552,0.4577636420726776,0.6103515028953552,80.0,9843.0,1.0,O,F,O,0
245481.0,245601.78125,245821.28125,245700.84375,245823.875,246067.953125,245896.375,246011.8125,-0.515625,0.002197265625,-0.8095703125,-0.7934569716453552,0.4882812201976776,0.4577636420726776,80.0,9844.0,1.0,O,F,O,0
245827.09375,245947.34375,246167.1875,246046.578125,246169.78125,246413.59375,246242.125,246357.625,-0.51416015625,0.000732421875,-0.810791015625,-0.8239745497703552,0.5798339247703552,0.4882812201976776,80.0,9845.0,1.0,O,F,O,0
246643.640625,246763.8125,246983.484375,246863.40625,246986.4375,247230.59375,247058.40625,247174.546875,-0.5126953125,0.0,-0.8134765625,-0.7934569716453552,0.3967284858226776,0.5187987685203552,80.0,9846.0,1.0,O,F,O,0
246422.984375,246543.234375,246762.640625,246642.75,246765.953125,247010.03125,246838.109375,246954.0625,-0.514404296875,-0.000244140625,-0.811767578125,-0.7324218153953552,0.3967284858226776,0.4272460639476776,80.0,9847.0,1.0,O,F,O,0
245597.3125,245717.65625,245936.796875,245817.171875,245940.28125,246184.453125,246012.34375,246128.03125,-0.5146484375,0.001708984375,-0.81103515625,-0.7324218153953552,0.3356933295726776,0.4272460639476776,80.0,9848.0,1.0,O,F,O,0
245732.5,245853.203125,246072.59375,245952.4375,246075.46875,246319.8125,246147.609375,246262.953125,-0.514892578125,0.001220703125,-0.813720703125,-0.7934569716453552,0.4272460639476776,0.4272460639476776,80.0,9849.0,1.0,O,F,O,0
246593.21875,246713.921875,246933.59375,246813.703125,246936.265625,247180.984375,247008.328125,247124.03125,-0.513671875,-0.00048828125,-0.8125,-0.8239745497703552,0.4577636420726776,0.3662109076976776,80.0,9850.0,1.0,O,F,O,0
246588.390625,246709.09375,246928.40625,246808.515625,246931.171875,247175.703125,247003.328125,247119.203125,-0.513671875,0.00048828125,-0.8115234375,-0.7934569716453552,0.4882812201976776,0.4882812201976776,80.0,9851.0,1.0,O,F,O,0
245746.171875,245867.0625,246085.921875,245966.296875,246089.140625,246333.3125,246161.46875,246276.890625,-0.51318359375,0.000732421875,-0.8095703125,-0.8239745497703552,0.5187987685203552,0.4272460639476776,80.0,9852.0,1.0,O,F,O,0
245664.546875,245785.421875,246004.46875,245884.484375,246007.609375,246251.765625,246079.84375,246195.265625,-0.51318359375,0.000244140625,-0.812255859375,-0.7324218153953552,0.4577636420726776,0.4272460639476776,80.0,9853.0,1.0,O,F,O,0
246517.9375,246638.640625,246857.953125,246737.703125,246861.0,247105.078125,246933.046875,247048.84375,-0.514892578125,0.00048828125,-0.81103515625,-0.7934569716453552,0.4882812201976776,0.4272460639476776,80.0,9854.0,1.0,O,F,O,0
246729.5625,246850.171875,247069.578125,246949.234375,247072.53125,247316.4375,247144.59375,247260.46875,-0.515869140625,0.00244140625,-0.809326171875,-0.7629393935203552,0.5187987685203552,0.3356933295726776,80.0,9855.0,1.0,O,F,O,0
245924.28125,246045.15625,246264.46875,246144.21875,246267.421875,246511.40625,246339.578125,246455.359375,-0.514892578125,0.00048828125,-0.809814453125,-0.7629393935203552,0.4577636420726776,0.3662109076976776,80.0,9856.0,1.0,O,F,O,0
245629.765625,245751.0,245970.234375,245850.0625,245973.1875,246217.34375,246045.421875,246160.9375,-0.51416015625,0.000732421875,-0.810302734375,-0.7629393935203552,0.4882812201976776,0.3356933295726776,80.0,9857.0,1.0,O,F,O,0
246418.515625,246539.65625,246758.890625,246638.640625,246761.75,247006.375,246833.984375,246949.953125,-0.51513671875,0.001953125,-0.810546875,-0.7324218153953552,0.4882812201976776,0.4577636420726776,80.0,9858.0,1.0,O,F,O,0
246831.671875,246952.640625,247171.859375,247051.34375,247174.453125,247419.15625,247246.875,247362.828125,-0.513916015625,0.002197265625,-0.813232421875,-0.7324218153953552,0.4272460639476776,0.5187987685203552,80.0,9859.0,1.0,O,F,O,0
246117.125,246238.09375,246456.96875,246336.4375,246459.5625,246704.078125,246531.96875,246647.9375,-0.51513671875,0.00048828125,-0.812255859375,-0.7629393935203552,0.5493163466453552,0.5187987685203552,80.0,9860.0,1.0,O,F,O,0
245632.359375,245752.875,245971.65625,245851.859375,245974.875,246219.234375,246047.203125,246162.640625,-0.513671875,0.00146484375,-0.812255859375,-0.7629393935203552,0.3967284858226776,0.4272460639476776,80.0,9861.0,1.0,O,F,O,0
246305.234375,246426.109375,246645.25,246525.0,246648.203125,246892.375,246720.4375,246836.234375,-0.51171875,0.00244140625,-0.810302734375,-0.7934569716453552,0.4577636420726776,0.3967284858226776,80.0,9862.0,1.0,O,F,O,0
246896.3125,247017.28125,247236.59375,247115.984375,247239.453125,247483.359375,247311.328125,247427.828125,-0.515380859375,0.001708984375,-0.810302734375,-0.7629393935203552,0.5187987685203552,0.4272460639476776,80.0,9863.0,1.0,O,F,O,0
246317.3125,246438.359375,246657.6875,246537.515625,246660.71875,246904.71875,246732.6875,246848.65625,-0.51513671875,0.000732421875,-0.81201171875,-0.7934569716453552,0.4882812201976776,0.4882812201976776,80.0,9864.0,1.0,O,F,O,0
245673.484375,245794.015625,246013.5,245893.15625,246016.359375,246260.453125,246088.515625,246204.125,-0.513671875,0.002197265625,-0.8134765625,-0.7324218153953552,0.5187987685203552,0.5187987685203552,80.0,9865.0,1.0,O,F,O,0
246192.3125,246313.375,246532.6875,246412.078125,246535.375,246779.453125,246607.53125,246723.578125,-0.513916015625,0.00146484375,-0.81298828125,-0.7019042372703552,0.4272460639476776,0.4577636420726776,80.0,9866.0,1.0,O,F,O,0
246922.234375,247043.03125,247262.34375,247142.09375,247264.9375,247509.640625,247337.171875,247453.578125,-0.514404296875,0.000732421875,-0.814697265625,-0.7324218153953552,0.4577636420726776,0.4272460639476776,80.0,9867.0,1.0,O,F,O,0
246516.78125,246637.46875,246856.4375,246736.453125,246859.203125,247103.90625,246931.625,247047.671875,-0.5146484375,0.001708984375,-0.8134765625,-0.7019042372703552,0.5798339247703552,0.3967284858226776,80.0,9868.0,1.0,O,F,O,0
245753.953125,245874.5625,246093.515625,245973.890625,246096.5625,246340.640625,246168.625,246284.40625,-0.513916015625,0.000244140625,-0.81396484375,-0.7934569716453552,0.5187987685203552,0.3356933295726776,80.0,9869.0,1.0,O,F,O,0
246080.109375,246200.359375,246419.765625,246299.96875,246422.71875,246667.25,246494.953125,246611.1875,-0.5146484375,0.0,-0.811279296875,-0.7019042372703552,0.5187987685203552,0.3662109076976776,80.0,9870.0,1.0,O,F,O,0
246904.796875,247025.140625,247244.546875,247124.296875,247247.3125,247492.296875,247319.46875,247436.234375,-0.51416015625,0.001220703125,-0.811767578125,-0.7324218153953552,0.4882812201976776,0.3967284858226776,80.0,9871.0,1.0,O,F,O,0
246703.546875,246824.25,247043.46875,246923.3125,247046.15625,247290.953125,247118.9375,247234.890625,-0.514404296875,-0.000244140625,-0.814697265625,-0.6103515028953552,0.5187987685203552,0.4577636420726776,80.0,9872.0,1.0,O,F,O,0
245874.828125,245995.4375,246214.671875,246094.5,246217.171875,246461.609375,246290.125,246405.546875,-0.514892578125,0.000244140625,-0.813720703125,-0.6408690810203552,0.4882812201976776,0.3356933295726776,80.0,9873.0,1.0,O,F,O,0
245990.171875,246110.875,246330.0,246209.84375,246332.5,246576.859375,246405.375,246520.890625,-0.515380859375,0.001953125,-0.81005859375,-0.7629393935203552,0.4577636420726776,0.3051757514476776,80.0,9874.0,1.0,O,F,O,0
246854.5625,246975.515625,247194.75,247074.5,247196.984375,247441.953125,247269.765625,247385.90625,-0.51318359375,-0.000244140625,-0.813232421875,-0.7629393935203552,0.4577636420726776,0.4272460639476776,80.0,9875.0,1.0,O,F,O,0
246869.125,246990.0,247209.046875,247088.625,247211.5625,247456.53125,247283.984375,247400.203125,-0.515380859375,0.000244140625,-0.810546875,-0.8239745497703552,0.5187987685203552,0.4882812201976776,80.0,9876.0,1.0,O,F,O,0
246025.75,246146.359375,246365.5,246245.421875,246368.1875,246613.15625,246440.6875,246556.46875,-0.514892578125,0.001220703125,-0.8095703125,-0.7934569716453552,0.4577636420726776,0.4882812201976776,80.0,9877.0,1.0,O,F,O,0
245922.484375,246042.921875,246262.140625,246142.078125,246264.921875,246509.53125,246337.328125,246453.03125,-0.5166015625,0.0,-0.809326171875,-0.7629393935203552,0.4272460639476776,0.3967284858226776,80.0,9878.0,1.0,O,F,O,0
246773.734375,246894.15625,247113.65625,246993.140625,247116.25,247361.046875,247188.484375,247304.453125,-0.51611328125,0.0,-0.810791015625,-0.6713866591453552,0.3967284858226776,0.4577636420726776,80.0,9879.0,1.0,O,F,O,0
247003.953125,247124.296875,247343.96875,247223.53125,247346.296875,247591.171875,247418.53125,247535.03125,-0.513916015625,-0.001220703125,-0.810302734375,-0.6408690810203552,0.4272460639476776,0.4882812201976776,80.0,9880.0,1.0,O,F,O,0
246202.515625,246322.9375,246542.34375,246422.453125,246545.03125,246789.46875,246617.53125,246733.234375,-0.51318359375,-0.002685546875,-0.81103515625,-0.6103515028953552,0.4272460639476776,0.5187987685203552,80.0,9881.0,1.0,O,F,O,0
245888.25,246009.03125,246228.34375,246108.453125,246231.03125,246475.46875,246303.625,246419.328125,-0.513671875,-0.001220703125,-0.8115234375,-0.7019042372703552,0.3967284858226776,0.4272460639476776,80.0,9882.0,1.0,O,F,O,0
246669.390625,246790.09375,247009.140625,246889.0625,247012.09375,247256.625,247084.328125,247200.296875,-0.51611328125,0.000244140625,-0.81396484375,-0.7629393935203552,0.3967284858226776,0.4577636420726776,80.0,9883.0,1.0,O,F,O,0
247102.65625,247223.8125,247442.671875,247322.328125,247445.0,247690.0625,247517.59375,247633.828125,-0.514404296875,0.0,-0.811767578125,-0.7019042372703552,0.4882812201976776,0.4577636420726776,80.0,9884.0,1.0,O,F,O,0
246395.546875,246516.421875,246735.828125,246615.125,246738.0625,246982.5,246810.484375,246926.53125,-0.513916015625,0.00146484375,-0.811279296875,-0.6713866591453552,0.4272460639476776,0.4272460639476776,80.0,9885.0,1.0,O,F,O,0
245889.578125,246010.203125,246229.59375,246109.171875,246232.109375,246476.453125,246304.515625,246420.125,-0.51171875,0.00048828125,-0.80859375,-0.7019042372703552,0.4577636420726776,0.4577636420726776,80.0,9886.0,1.0,O,F,O,0
246550.390625,246670.828125,246890.3125,246769.96875,246893.0,247137.34375,246965.421875,247081.5625,-0.513671875,0.001708984375,-0.807373046875,-0.7324218153953552,0.4882812201976776,0.4272460639476776,80.0,9887.0,1.0,O,F,O,0
247159.25,247280.40625,247499.53125,247379.1875,247502.3125,247747.015625,247574.453125,247691.140625,-0.5146484375,0.001708984375,-0.8095703125,-0.7629393935203552,0.5187987685203552,0.4272460639476776,80.0,9888.0,1.0,O,F,O,0
246595.546875,246716.875,246935.734375,246815.484375,246937.96875,247182.765625,247010.75,247126.890625,-0.512451171875,-0.000732421875,-0.81103515625,-0.7019042372703552,0.5187987685203552,0.5187987685203552,80.0,9889.0,1.0,O,F,O,0
245935.71875,246056.515625,246275.828125,246155.921875,246278.0625,246522.859375,246350.921875,246466.53125,-0.513427734375,0.000244140625,-0.814208984375,-0.7019042372703552,0.4577636420726776,0.4882812201976776,80.0,9890.0,1.0,O,F,O,0
246436.84375,246557.8125,246777.046875,246656.703125,246779.09375,247023.796875,246851.78125,246967.828125,-0.514404296875,0.00048828125,-0.8134765625,-0.7324218153953552,0.3356933295726776,0.4882812201976776,80.0,9891.0,1.0,O,F,O,0
247179.734375,247300.875,247519.75,247399.765625,247522.15625,247767.046875,247594.84375,247710.984375,-0.513916015625,0.000732421875,-0.8115234375,-0.8239745497703552,0.4577636420726776,0.4577636420726776,80.0,9892.0,1.0,O,F,O,0
246794.203125,246915.078125,247134.3125,247014.421875,247136.90625,247381.609375,247209.234375,247325.546875,-0.51416015625,0.0,-0.814697265625,-0.8850097060203552,0.4577636420726776,0.4577636420726776,80.0,9893.0,1.0,O,F,O,0
246020.390625,246140.8125,246360.3125,246240.15625,246362.734375,246607.34375,246435.0625,246551.28125,-0.5146484375,0.000244140625,-0.8115234375,-0.7934569716453552,0.4882812201976776,0.5187987685203552,80.0,9894.0,1.0,O,F,O,0
246327.046875,246447.3125,246666.984375,246546.640625,246669.21875,246913.828125,246741.546875,246857.6875,-0.515380859375,0.0009765625,-0.810546875,-0.8239745497703552,0.4577636420726776,0.4882812201976776,80.0,9895.0,1.0,O,F,O,0
247158.71875,247279.5,247499.0,247378.484375,247500.96875,247745.765625,247573.65625,247689.890625,-0.51416015625,0.001953125,-0.810791015625,-0.7324218153953552,0.5493163466453552,0.3967284858226776,80.0,9896.0,1.0,O,F,O,0
246978.5625,247099.34375,247319.03125,247198.5,247320.984375,247565.609375,247393.859375,247509.8125,-0.51416015625,-0.00048828125,-0.8095703125,-0.7629393935203552,0.5493163466453552,0.3356933295726776,80.0,9897.0,1.0,O,F,O,0
246142.25,246263.03125,246482.625,246362.1875,246484.671875,246729.46875,246557.09375,246673.0625,-0.51513671875,-0.0009765625,-0.81005859375,-0.7934569716453552,0.3967284858226776,0.4272460639476776,80.0,9898.0,1.0,O,F,O,0
246238.265625,246358.96875,246578.28125,246458.21875,246580.796875,246825.3125,246653.125,246769.171875,-0.513916015625,0.000732421875,-0.807373046875,-0.7019042372703552,0.3662109076976776,0.4272460639476776,80.0,9899.0,1.0,O,F,O,0
247107.125,247228.015625,247447.328125,247326.890625,247450.0,247694.53125,247522.25,247638.65625,-0.51513671875,0.00048828125,-0.808837890625,-0.7629393935203552,0.4577636420726776,0.4272460639476776,80.0,9900.0,1.0,O,F,O,0
247142.09375,247262.96875,247482.1875,247361.9375,247485.046875,247729.484375,247557.109375,247673.515625,-0.514404296875,0.002197265625,-0.808837890625,-0.7019042372703552,0.4272460639476776,0.4272460639476776,80.0,9901.0,1.0,O,F,O,0
246297.546875,246418.703125,246637.5625,246517.484375,246640.421875,246884.6875,246712.671875,246828.71875,-0.515869140625,0.00244140625,-0.812744140625,-0.7934569716453552,0.4882812201976776,0.3662109076976776,80.0,9902.0,1.0,O,F,O,0
246174.4375,246295.84375,246514.71875,246394.28125,246517.21875,246761.75,246589.640625,246705.515625,-0.515380859375,0.001220703125,-0.8154296875,-0.7934569716453552,0.4577636420726776,0.4272460639476776,80.0,9903.0,1.0,O,F,O,0
247022.8125,247143.96875,247362.828125,247242.40625,247365.0625,247610.046875,247437.75,247553.984375,-0.513671875,-0.00146484375,-0.8115234375,-0.7019042372703552,0.5493163466453552,0.4272460639476776,80.0,9904.0,1.0,O,F,O,0
247273.78125,247394.75,247613.890625,247493.71875,247616.390625,247861.015625,247688.71875,247804.953125,-0.513916015625,0.001220703125,-0.8115234375,-0.7324218153953552,0.5493163466453552,0.3967284858226776,80.0,9905.0,1.0,O,F,O,0
246478.859375,246599.75,246818.875,246699.078125,246821.65625,247066.0,246894.078125,247009.859375,-0.514404296875,0.003662109375,-0.8134765625,-0.8239745497703552,0.4577636420726776,0.4272460639476776,80.0,9906.0,1.0,O,F,O,0
246145.375,246266.078125,246484.859375,246365.046875,246487.625,246732.0625,246560.40625,246675.734375,-0.513916015625,0.00244140625,-0.814697265625,-0.7019042372703552,0.5187987685203552,0.4272460639476776,80.0,9907.0,1.0,O,F,O,0
246918.296875,247039.1875,247258.046875,247137.796875,247261.0,247505.703125,247333.328125,247449.296875,-0.514404296875,0.0,-0.814208984375,-0.7629393935203552,0.5493163466453552,0.4577636420726776,80.0,9908.0,1.0,O,F,O,0
247370.703125,247492.03125,247710.984375,247590.109375,247713.671875,247958.375,247785.546875,247902.3125,-0.514404296875,0.0009765625,-0.8134765625,-0.6713866591453552,0.4882812201976776,0.4882812201976776,80.0,9909.0,1.0,O,F,O,0
246675.734375,246796.703125,247015.84375,246895.40625,247018.796875,247262.78125,247090.140625,247207.0,-0.511962890625,-0.00048828125,-0.810791015625,-0.7019042372703552,0.4882812201976776,0.5187987685203552,80.0,9910.0,1.0,O,F,O,0
246154.234375,246274.75,246494.421875,246374.265625,246497.203125,246741.359375,246568.90625,246685.21875,-0.51416015625,-0.000244140625,-0.809814453125,-0.7629393935203552,0.5493163466453552,0.4577636420726776,80.0,9911.0,1.0,O,F,O,0
246803.859375,246924.46875,247143.96875,247023.53125,247146.640625,247391.359375,247218.703125,247334.9375,-0.514892578125,0.0009765625,-0.81201171875,-0.6713866591453552,0.5493163466453552,0.4577636420726776,80.0,9912.0,1.0,O,F,O,0
247426.765625,247547.640625,247766.953125,247646.875,247769.71875,248014.515625,247842.234375,247958.28125,-0.514892578125,-0.00048828125,-0.810546875,-0.7324218153953552,0.5187987685203552,0.4577636420726776,80.0,9913.0,1.0,O,F,O,0
246876.375,246997.609375,247216.921875,247096.578125,247219.875,247464.125,247291.9375,247407.890625,-0.512451171875,-0.000732421875,-0.810302734375,-0.6713866591453552,0.4577636420726776,0.4882812201976776,80.0,9914.0,1.0,O,F,O,0
246204.296875,246325.09375,246544.578125,246424.0625,246547.359375,246791.515625,246619.421875,246735.640625,-0.51416015625,0.001220703125,-0.811279296875,-0.6408690810203552,0.4882812201976776,0.3662109076976776,80.0,9915.0,1.0,O,F,O,0
246686.203125,246807.34375,247026.578125,246906.328125,247029.078125,247273.609375,247101.40625,247217.90625,-0.514404296875,-0.00048828125,-0.81005859375,-0.7324218153953552,0.3662109076976776,0.3967284858226776,80.0,9916.0,1.0,O,F,O,0
247439.359375,247560.6875,247779.46875,247659.21875,247782.234375,248026.953125,247854.578125,247970.984375,-0.514892578125,-0.000244140625,-0.812744140625,-0.7019042372703552,0.4882812201976776,0.4272460639476776,80.0,9917.0,1.0,O,F,O,0
247072.53125,247193.40625,247412.71875,247292.203125,247415.3125,247659.9375,247487.375,247603.78125,-0.513916015625,0.002197265625,-0.81396484375,-0.7629393935203552,0.4882812201976776,0.4577636420726776,80.0,9918.0,1.0,O,F,O,0
246291.5625,246412.078125,246631.9375,246511.59375,246634.4375,246878.421875,246706.3125,246822.640625,-0.51513671875,0.000244140625,-0.815185546875,-0.8239745497703552,0.4577636420726776,0.4577636420726776,80.0,9919.0,1.0,O,F,O,0
246581.6875,246702.46875,246921.875,246801.265625,246924.46875,247168.546875,246996.4375,247113.03125,-0.513671875,0.0,-0.808349609375,-0.7629393935203552,0.4882812201976776,0.3967284858226776,80.0,9920.0,1.0,O,F,O,0
247419.15625,247540.3125,247759.171875,247638.921875,247762.296875,248006.75,247834.359375,247951.21875,-0.512451171875,0.00244140625,-0.80712890625,-0.7629393935203552,0.5187987685203552,0.3967284858226776,80.0,9921.0,1.0,O,F,O,0
247255.8125,247377.140625,247596.453125,247475.84375,247599.046875,247843.578125,247671.28125,247787.703125,-0.513916015625,0.002197265625,-0.809814453125,-0.7629393935203552,0.5493163466453552,0.4577636420726776,80.0,9922.0,1.0,O,F,O,0
246416.28125,246537.421875,246756.65625,246636.140625,246759.515625,247003.421875,246831.671875,246947.453125,-0.51513671875,0.0009765625,-0.810546875,-0.7324218153953552,0.5187987685203552,0.3356933295726776,80.0,9923.0,1.0,O,F,O,0
246490.484375,246611.453125,246830.6875,246710.078125,246833.1875,247077.359375,246905.515625,247021.75,-0.513916015625,0.001220703125,-0.810791015625,-0.7324218153953552,0.3967284858226776,0.4272460639476776,80.0,9924.0,1.0,O,F,O,0
247359.53125,247480.671875,247699.890625,247579.5625,247702.3125,247947.28125,247774.734375,247891.40625,-0.514404296875,-0.00146484375,-0.810546875,-0.6713866591453552,0.3356933295726776,0.3662109076976776,80.0,9925.0,1.0,O,F,O,0
247417.015625,247537.71875,247757.03125,247637.140625,247759.796875,248004.5,247832.046875,247948.53125,-0.51416015625,0.0,-0.813232421875,-0.6103515028953552,0.3967284858226776,0.4882812201976776,80.0,9926.0,1.0,O,F,O,0
246575.96875,246696.484375,246916.0625,246796.0,246918.84375,247163.015625,246990.90625,247107.3125,-0.51416015625,0.00244140625,-0.81201171875,-0.5798339247703552,0.4272460639476776,0.4272460639476776,80.0,9927.0,1.0,O,F,O,0
246432.46875,246553.25,246772.5625,246652.3125,246775.15625,247019.78125,246847.484375,246963.1875,-0.51416015625,0.0,-0.8095703125,-0.7019042372703552,0.5187987685203552,0.4272460639476776,80.0,9928.0,1.0,O,F,O,0
247276.828125,247397.875,247617.203125,247496.3125,247619.703125,247864.40625,247692.03125,247807.90625,-0.513916015625,-0.0009765625,-0.8076171875,-0.7019042372703552,0.4577636420726776,0.5187987685203552,80.0,9929.0,1.0,O,F,O,0
247546.296875,247667.71875,247886.9375,247766.15625,247889.265625,248134.234375,247961.6875,248078.359375,-0.5146484375,0.00146484375,-0.809326171875,-0.7019042372703552,0.4272460639476776,0.5187987685203552,80.0,9930.0,1.0,O,F,O,0
246755.21875,246876.1875,247095.328125,246974.984375,247098.015625,247342.53125,247170.4375,247286.5625,-0.513427734375,0.001220703125,-0.811279296875,-0.7934569716453552,0.4882812201976776,0.4882812201976776,80.0,9931.0,1.0,O,F,O,0
246403.9375,246524.546875,246743.78125,246623.703125,246746.734375,246990.90625,246818.703125,246934.578125,-0.514404296875,-0.000732421875,-0.81201171875,-0.8544921278953552,0.3967284858226776,0.3967284858226776,80.0,9932.0,1.0,O,F,O,0
247170.609375,247291.484375,247510.53125,247390.640625,247513.484375,247758.1875,247585.453125,247701.953125,-0.514892578125,-0.002197265625,-0.810302734375,-0.7629393935203552,0.3967284858226776,0.4272460639476776,80.0,9933.0,1.0,O,F,O,0
247639.8125,247760.421875,247979.828125,247859.484375,247982.609375,248227.671875,248054.578125,248171.25,-0.51416015625,-0.00048828125,-0.808837890625,-0.7324218153953552,0.3967284858226776,0.4882812201976776,80.0,9934.0,1.0,O,F,O,0
246956.03125,247076.828125,247295.953125,247175.796875,247298.8125,247543.609375,247370.875,247487.109375,-0.513916015625,0.0009765625,-0.8095703125,-0.7324218153953552,0.5187987685203552,0.4577636420726776,80.0,9935.0,1.0,O,F,O,0
246419.671875,246540.640625,246759.96875,246639.703125,246762.734375,247007.0,246834.703125,246950.671875,-0.513916015625,0.0,-0.80810546875,-0.6713866591453552,0.5798339247703552,0.3967284858226776,80.0,9936.0,1.0,O,F,O,0
247056.796875,247177.21875,247397.171875,247276.46875,247399.40625,247643.578125,247471.375,247587.953125,-0.51220703125,0.001220703125,-0.8125,-0.7629393935203552,0.4577636420726776,0.3662109076976776,80.0,9937.0,1.0,O,F,O,0
247696.859375,247817.375,248037.3125,247916.703125,248039.46875,248284.078125,248111.4375,248228.5625,-0.5126953125,0.00048828125,-0.8125,-0.7019042372703552,0.3662109076976776,0.4272460639476776,80.0,9938.0,1.0,O,F,O,0
247160.140625,247280.765625,247500.96875,247380.09375,247503.203125,247747.8125,247575.171875,247691.578125,-0.514404296875,0.000244140625,-0.810302734375,-0.7019042372703552,0.5493163466453552,0.3662109076976776,80.0,9939.0,1.0,O,F,O,0
246468.578125,246589.46875,246809.140625,246688.703125,246811.8125,247056.34375,246883.875,246999.75,-0.51416015625,0.000244140625,-0.81201171875,-0.6713866591453552,0.5187987685203552,0.3967284858226776,80.0,9940.0,1.0,O,F,O,0
246936.1875,247057.421875,247277.0,247156.484375,247279.421875,247524.03125,247351.65625,247467.625,-0.5126953125,0.000732421875,-0.8125,-0.7019042372703552,0.5493163466453552,0.3662109076976776,80.0,9941.0,1.0,O,F,O,0
247704.09375,247825.515625,248044.828125,247924.046875,248047.15625,248291.859375,248119.21875,248235.890625,-0.515625,0.001953125,-0.810302734375,-0.7934569716453552,0.4882812201976776,0.4272460639476776,80.0,9942.0,1.0,O,F,O,0
247352.28125,247473.78125,247692.5625,247571.875,247694.984375,247940.140625,247767.125,247883.890625,-0.51416015625,0.001708984375,-0.8095703125,-0.7629393935203552,0.5493163466453552,0.5187987685203552,80.0,9943.0,1.0,O,F,O,0
246559.6875,246680.921875,246899.890625,246779.1875,246902.296875,247147.1875,246974.8125,247090.765625,-0.515625,0.0,-0.8115234375,-0.7629393935203552,0.5798339247703552,0.5493163466453552,80.0,9944.0,1.0,O,F,O,0
246829.703125,246950.9375,247170.078125,247049.90625,247172.578125,247417.546875,247245.078125,247361.140625,-0.51416015625,-0.002197265625,-0.810302734375,-0.7324218153953552,0.5187987685203552,0.4882812201976776,80.0,9945.0,1.0,O,F,O,0
247676.921875,247798.0625,248017.296875,247897.21875,248019.96875,248264.953125,248092.125,248208.796875,-0.512451171875,-0.00048828125,-0.8095703125,-0.7629393935203552,0.4272460639476776,0.4577636420726776,80.0,9946.0,1.0,O,F,O,0
247536.28125,247657.515625,247876.75,247756.5,247878.984375,248124.046875,247951.40625,248067.71875,-0.514892578125,-0.000244140625,-0.80810546875,-0.8544921278953552,0.4577636420726776,0.5187987685203552,80.0,9947.0,1.0,O,F,O,0
246692.453125,246813.34375,247032.46875,246912.21875,247034.984375,247279.859375,247107.3125,247223.8125,-0.5146484375,0.000244140625,-0.81298828125,-0.7934569716453552,0.5493163466453552,0.5187987685203552,80.0,9948.0,1.0,O,F,O,0
246747.0,246867.875,247087.015625,246966.671875,247089.78125,247334.40625,247161.75,247278.25,-0.51318359375,0.00048828125,-0.81396484375,-0.8239745497703552,0.4577636420726776,0.4882812201976776,80.0,9949.0,1.0,O,F,O,0
247619.796875,247740.9375,247959.984375,247839.640625,247962.578125,248207.46875,248034.90625,248151.21875,-0.513916015625,-0.000244140625,-0.8134765625,-0.8850097060203552,0.3967284858226776,0.4577636420726776,80.0,9950.0,1.0,O,F,O,0
247697.125,247818.359375,248037.3125,247917.15625,248039.828125,248284.625,248112.25,248228.5625,-0.51318359375,0.00048828125,-0.813232421875,-0.7629393935203552,0.4882812201976776,0.4272460639476776,80.0,9951.0,1.0,O,F,O,0
246854.828125,246976.0625,247194.84375,247074.578125,247197.25,247441.875,247269.84375,247385.90625,-0.514404296875,-0.001220703125,-0.809814453125,-0.7324218153953552,0.4272460639476776,0.3967284858226776,80.0,9952.0,1.0,O,F,O,0
246690.046875,246810.828125,247030.0625,246909.8125,247032.46875,247277.0,247105.15625,247220.859375,-0.515380859375,0.000244140625,-0.81005859375,-0.7019042372703552,0.5493163466453552,0.4882812201976776,80.0,9953.0,1.0,O,F,O,0
247530.828125,247651.890625,247870.9375,247750.859375,247873.53125,248118.5,247945.953125,248062.171875,-0.513916015625,0.00146484375,-0.811279296875,-0.7019042372703552,0.4577636420726776,0.3967284858226776,80.0,9954.0,1.0,O,F,O,0
247824.890625,247946.125,248164.8125,248045.1875,248167.3125,248412.65625,248239.921875,248356.140625,-0.515380859375,0.002685546875,-0.811279296875,-0.7019042372703552,0.5187987685203552,0.4272460639476776,80.0,9955.0,1.0,O,F,O,0
247039.8125,247160.78125,247380.0,247260.015625,247382.5,247627.296875,247454.75,247570.96875,-0.51318359375,0.003662109375,-0.810791015625,-0.7934569716453552,0.5187987685203552,0.3051757514476776,80.0,9956.0,1.0,O,F,O,0
246665.8125,246786.875,247006.09375,246885.578125,247008.421875,247253.046875,247080.671875,247196.8125,-0.515380859375,0.0009765625,-0.813232421875,-0.8239745497703552,0.3967284858226776,0.3662109076976776,80.0,9957.0,1.0,O,F,O,0
247421.125,247542.359375,247761.328125,247640.890625,247763.5625,248008.53125,247836.0625,247952.5625,-0.5146484375,-0.000732421875,-0.813720703125,-0.7629393935203552,0.4577636420726776,0.3662109076976776,80.0,9958.0,1.0,O,F,O,0
247912.953125,248034.375,248253.5,248132.890625,248255.734375,248500.71875,248328.15625,248444.75,-0.514404296875,0.0,-0.81201171875,-0.7629393935203552,0.4882812201976776,0.3051757514476776,80.0,9959.0,1.0,O,F,O,0
247241.234375,247362.75,247582.0625,247461.625,247584.46875,247829.453125,247656.53125,247772.859375,-0.512939453125,0.000244140625,-0.811767578125,-0.8544921278953552,0.3356933295726776,0.4272460639476776,80.0,9960.0,1.0,O,F,O,0
246685.84375,246807.078125,247026.390625,246906.234375,247028.90625,247273.6875,247101.046875,247217.453125,-0.514404296875,0.0009765625,-0.81298828125,-0.7629393935203552,0.3662109076976776,0.4577636420726776,80.0,9961.0,1.0,O,F,O,0
247309.375,247430.515625,247649.65625,247529.3125,247651.890625,247896.953125,247724.125,247840.890625,-0.51416015625,0.0,-0.81103515625,-0.7324218153953552,0.4272460639476776,0.4272460639476776,80.0,9962.0,1.0,O,F,O,0
247964.546875,248086.046875,248305.0,248184.484375,248307.15625,248552.21875,248379.390625,248496.25,-0.5146484375,-0.000244140625,-0.813720703125,-0.7629393935203552,0.3967284858226776,0.3967284858226776,80.0,9963.0,1.0,O,F,O,0
247446.515625,247567.671875,247786.625,247666.453125,247788.953125,248033.921875,247861.28125,247977.953125,-0.512939453125,0.0,-0.810791015625,-0.7934569716453552,0.3356933295726776,0.4577636420726776,80.0,9964.0,1.0,O,F,O,0
246744.3125,246864.84375,247084.15625,246963.8125,247086.5625,247331.359375,247158.984375,247275.21875,-0.5126953125,0.0,-0.81005859375,-0.7324218153953552,0.3967284858226776,0.4272460639476776,80.0,9965.0,1.0,O,F,O,0
247194.03125,247314.375,247533.875,247413.265625,247536.28125,247781.078125,247608.609375,247724.75,-0.513671875,0.00048828125,-0.811767578125,-0.7629393935203552,0.3967284858226776,0.4577636420726776,80.0,9966.0,1.0,O,F,O,0
247972.140625,248092.84375,248311.984375,248191.8125,248314.296875,248559.375,248386.71875,248503.40625,-0.512451171875,-0.001220703125,-0.81396484375,-0.7629393935203552,0.4272460639476776,0.4272460639476776,80.0,9967.0,1.0,O,F,O,0
247642.671875,247763.375,247982.609375,247862.4375,247984.84375,248230.171875,248057.53125,248173.75,-0.51318359375,-0.00048828125,-0.817138671875,-0.8239745497703552,0.4577636420726776,0.4577636420726776,80.0,9968.0,1.0,O,F,O,0
246845.609375,246966.140625,247185.625,247065.203125,247187.859375,247432.75,247260.28125,247376.328125,-0.512939453125,0.0029296875,-0.814208984375,-0.7324218153953552,0.4577636420726776,0.4577636420726776,80.0,9969.0,1.0,O,F,O,0
247098.90625,247219.515625,247439.015625,247318.578125,247441.328125,247686.21875,247513.484375,247629.890625,-0.511962890625,0.00244140625,-0.807861328125,-0.7019042372703552,0.3967284858226776,0.4577636420726776,80.0,9970.0,1.0,O,F,O,0
247955.6875,248076.484375,248296.25,248175.453125,248297.859375,248543.0,248370.453125,248487.125,-0.516357421875,0.002197265625,-0.8193359375,-0.8239745497703552,0.6103515028953552,0.3967284858226776,80.0,9971.0,1.0,O,F,O,0
247839.546875,247960.703125,248179.75,248059.21875,248181.796875,248427.046875,248254.671875,248370.8125,-0.512451171875,-0.002197265625,-0.811767578125,-0.7629393935203552,0.4577636420726776,0.3967284858226776,80.0,9972.0,1.0,O,F,O,0
246993.84375,247114.734375,247333.953125,247213.53125,247336.1875,247581.609375,247409.328125,247524.84375,-0.510986328125,0.000244140625,-0.805908203125,-0.7324218153953552,0.3967284858226776,0.4882812201976776,80.0,9973.0,1.0,O,F,O,0
247028.546875,247149.15625,247368.640625,247247.859375,247370.609375,247615.859375,247443.65625,247559.53125,-0.513916015625,0.0029296875,-0.810546875,-0.7629393935203552,0.5187987685203552,0.5187987685203552,80.0,9974.0,1.0,O,F,O,0
247904.015625,248024.625,248243.9375,248123.328125,248246.0,248491.15625,248318.859375,248435.265625,-0.513916015625,0.001708984375,-0.811767578125,-0.6408690810203552,0.5798339247703552,0.4882812201976776,80.0,9975.0,1.0,O,F,O,0
248008.890625,248129.953125,248349.078125,248228.65625,248351.5,248596.5625,248424.0,248540.59375,-0.51611328125,-0.000244140625,-0.816650390625,-0.7324218153953552,0.4882812201976776,0.4577636420726776,80.0,9976.0,1.0,O,F,O,0
247171.765625,247292.828125,247511.96875,247391.4375,247514.375,247759.265625,247587.25,247702.84375,-0.513427734375,0.000244140625,-0.80908203125,-0.7019042372703552,0.2746581733226776,0.5187987685203552,80.0,9977.0,1.0,O,F,O,0
246988.9375,247109.453125,247328.6875,247207.984375,247330.921875,247575.71875,247403.6875,247519.5625,-0.51318359375,0.000244140625,-0.810302734375,-0.7629393935203552,0.3356933295726776,0.5798339247703552,80.0,9978.0,1.0,O,F,O,0
247827.578125,247948.09375,248167.3125,248046.703125,248169.546875,248414.4375,248242.15625,248358.46875,-0.512939453125,-0.0009765625,-0.8125,-0.6713866591453552,0.3967284858226776,0.3356933295726776,80.0,9979.0,1.0,O,F,O,0
248142.1875,248262.625,248481.9375,248361.875,248484.4375,248729.6875,248557.046875,248673.8125,-0.512451171875,0.0,-0.813720703125,-0.6713866591453552,0.4577636420726776,0.3662109076976776,80.0,9980.0,1.0,O,F,O,0
247368.828125,247489.078125,247708.390625,247588.5,247711.078125,247955.953125,247783.671875,247899.984375,-0.515380859375,0.000244140625,-0.81396484375,-0.7324218153953552,0.3356933295726776,0.3967284858226776,80.0,9981.0,1.0,O,F,O,0
246977.3125,247097.296875,247316.96875,247196.8125,247319.296875,247564.359375,247391.890625,247508.203125,-0.512451171875,0.000732421875,-0.810791015625,-0.7629393935203552,0.3967284858226776,0.4272460639476776,80.0,9982.0,1.0,O,F,O,0
247724.125,247844.375,248063.515625,247943.4375,248065.9375,248311.265625,248138.53125,248255.5625,-0.513671875,0.000244140625,-0.810302734375,-0.7324218153953552,0.5798339247703552,0.4272460639476776,80.0,9983.0,1.0,O,F,O,0
248235.0,248355.515625,248574.484375,248454.140625,248576.890625,248822.3125,248649.484375,248766.875,-0.512939453125,0.001220703125,-0.81103515625,-0.6408690810203552,0.5493163466453552,0.4272460639476776,80.0,9984.0,1.0,O,F,O,0
247576.0625,247696.765625,247916.359375,247795.5625,247918.3125,248163.296875,247990.921875,248107.765625,-0.513671875,-0.001220703125,-0.81396484375,-0.7019042372703552,0.4882812201976776,0.4272460639476776,80.0,9985.0,1.0,O,F,O,0
247004.578125,247125.1875,247344.6875,247224.15625,247347.1875,247591.625,247419.875,247536.015625,-0.513671875,-0.000732421875,-0.8154296875,-0.7934569716453552,0.3662109076976776,0.4577636420726776,80.0,9986.0,1.0,O,F,O,0
247613.171875,247733.6875,247952.65625,247832.578125,247955.421875,248199.953125,248027.9375,248144.421875,-0.5126953125,0.001708984375,-0.812744140625,-0.7324218153953552,0.3967284858226776,0.4577636420726776,80.0,9987.0,1.0,O,F,O,0
248285.15625,248405.5,248624.71875,248504.375,248627.046875,248872.296875,248699.640625,248816.59375,-0.512939453125,0.00146484375,-0.81201171875,-0.8239745497703552,0.4577636420726776,0.4577636420726776,80.0,9988.0,1.0,O,F,O,0
247790.015625,247910.546875,248130.21875,248009.328125,248132.453125,248377.0625,248204.953125,248321.453125,-0.51416015625,0.001220703125,-0.81591796875,-0.8544921278953552,0.4882812201976776,0.4272460639476776,80.0,9989.0,1.0,O,F,O,0
247078.78125,247199.21875,247418.890625,247298.015625,247420.953125,247665.65625,247493.8125,247609.59375,-0.516357421875,0.0009765625,-0.818115234375,-0.8239745497703552,0.4272460639476776,0.4577636420726776,80.0,9990.0,1.0,O,F,O,0
247506.78125,247627.125,247847.0625,247725.828125,247849.03125,248094.0,247921.625,248037.765625,-0.5146484375,-0.000244140625,-0.81298828125,-0.7629393935203552,0.3967284858226776,0.3967284858226776,80.0,9991.0,1.0,O,F,O,0
248296.953125,248417.390625,248637.0625,248515.921875,248638.9375,248884.09375,248711.359375,248828.484375,-0.515380859375,0.00048828125,-0.8095703125,-0.7019042372703552,0.4577636420726776,0.5493163466453552,80.0,9992.0,1.0,O,F,O,0
247989.484375,248109.828125,248329.59375,248208.796875,248331.46875,248576.625,248404.25,248520.828125,-0.5146484375,0.000244140625,-0.80859375,-0.7324218153953552,0.4882812201976776,0.4882812201976776,80.0,9993.0,1.0,O,F,O,0
247182.953125,247303.375,247523.234375,247402.4375,247525.28125,247770.078125,247597.96875,247714.03125,-0.515380859375,0.001708984375,-0.810791015625,-0.6408690810203552,0.5798339247703552,0.5187987685203552,80.0,9994.0,1.0,O,F,O,0
247410.9375,247531.8125,247751.03125,247630.15625,247753.1875,247997.796875,247826.140625,247941.921875,-0.515869140625,0.0009765625,-0.8115234375,-0.7629393935203552,0.4882812201976776,0.4577636420726776,80.0,9995.0,1.0,O,F,O,0
248267.8125,248388.515625,248607.640625,248486.859375,248609.796875,248854.5,248682.65625,248798.890625,-0.5146484375,-0.00048828125,-0.815673828125,-0.7019042372703552,0.4272460639476776,0.4882812201976776,80.0,9996.0,1.0,O,F,O,0
248172.40625,248292.84375,248511.984375,248391.640625,248514.484375,248759.375,248587.0,248703.671875,-0.5146484375,-0.001220703125,-0.81494140625,-0.8239745497703552,0.4272460639476776,0.4882812201976776,80.0,9997.0,1.0,O,F,O,0
247326.71875,247447.328125,247666.28125,247546.125,247668.875,247913.671875,247741.390625,247857.703125,-0.5146484375,0.0009765625,-0.81201171875,-0.7324218153953552,0.4577636420726776,0.3967284858226776,80.0,9998.0,1.0,O,F,O,0
247333.78125,247454.203125,247673.515625,247552.90625,247676.109375,247920.546875,247748.359375,247864.859375,-0.5146484375,0.00244140625,-0.81103515625,-0.7324218153953552,0.4882812201976776,0.3662109076976776,80.0,9999.0,1.0,O,F,O,0
248201.65625,248322.265625,248541.3125,248420.515625,248543.90625,248788.78125,248616.140625,248732.90625,-0.51171875,0.0009765625,-0.80908203125,-0.7019042372703552,0.4272460639476776,0.4577636420726776,80.0,10000.0,1.0,O,F,O,0
248326.90625,248447.515625,248666.65625,248545.6875,248669.0625,248914.3125,248741.671875,248858.34375,-0.512451171875,0.001708984375,-0.80859375,-0.7019042372703552,0.4577636420726776,0.3967284858226776,80.0,10001.0,1.0,O,M,O,0
247494.0,247614.0625,247833.734375,247712.953125,247836.15625,248081.3125,247908.9375,248025.15625,-0.5146484375,0.001953125,-0.816162109375,-0.7324218153953552,0.5187987685203552,0.3967284858226776,80.0,10002.0,1.0,O,M,O,0
247283.4375,247403.609375,247623.28125,247502.21875,247625.421875,247870.671875,247698.375,247813.890625,-0.51611328125,0.00244140625,-0.816162109375,-0.7019042372703552,0.5187987685203552,0.3662109076976776,80.0,10003.0,1.0,O,M,O,0
248109.03125,248229.453125,248448.765625,248327.890625,248451.28125,248696.421875,248524.046875,248640.109375,-0.51220703125,0.000732421875,-0.81103515625,-0.6713866591453552,0.4577636420726776,0.3967284858226776,80.0,10004.0,1.0,O,M,O,0
248443.9375,248564.640625,248783.78125,248663.171875,248785.921875,249031.609375,248858.875,248975.46875,-0.511474609375,0.001953125,-0.8095703125,-0.7629393935203552,0.4577636420726776,0.3967284858226776,80.0,10005.0,1.0,O,M,O,0
247682.015625,247802.53125,248021.5,247901.15625,248024.0,248269.421875,248096.59375,248213.453125,-0.513671875,0.00146484375,-0.812744140625,-0.8239745497703552,0.5493163466453552,0.4882812201976776,80.0,10006.0,1.0,O,M,O,0
247268.515625,247388.578125,247607.8125,247487.375,247610.484375,247855.28125,247683.09375,247799.40625,-0.51708984375,0.000732421875,-0.815185546875,-0.7324218153953552,0.5493163466453552,0.3967284858226776,80.0,10007.0,1.0,O,M,O,0
247998.34375,248118.59375,248337.640625,248217.125,248340.140625,248585.296875,248412.921875,248529.78125,-0.512939453125,0.0009765625,-0.81201171875,-0.8239745497703552,0.3356933295726776,0.5187987685203552,80.0,10008.0,1.0,O,M,O,0
248524.234375,248644.578125,248863.796875,248743.015625,248865.9375,249111.359375,248938.625,249055.671875,-0.51220703125,0.001708984375,-0.809814453125,-0.8239745497703552,0.2136230319738388,0.5798339247703552,80.0,10009.0,1.0,O,M,O,0
247880.5,248000.9375,248219.890625,248099.546875,248222.484375,248467.640625,248294.984375,248411.75,-0.51416015625,0.000244140625,-0.812744140625,-0.7324218153953552,0.3662109076976776,0.5493163466453552,80.0,10010.0,1.0,O,M,O,0
247292.375,247412.90625,247632.03125,247511.703125,247634.8125,247879.703125,247707.671875,247823.734375,-0.51318359375,0.0,-0.80908203125,-0.7019042372703552,0.4882812201976776,0.4882812201976776,80.0,10011.0,1.0,O,M,O,0
247880.59375,248000.65625,248219.890625,248099.546875,248222.65625,248467.640625,248295.34375,248411.84375,-0.516845703125,-0.001220703125,-0.811767578125,-0.7934569716453552,0.5187987685203552,0.5493163466453552,80.0,10012.0,1.0,O,M,O,0
248562.5,248682.75,248901.703125,248781.546875,248903.9375,249149.625,248976.984375,249093.9375,-0.51611328125,-0.0009765625,-0.812255859375,-0.7019042372703552,0.4882812201976776,0.5187987685203552,80.0,10013.0,1.0,O,M,O,0
248080.421875,248201.203125,248419.796875,248299.640625,248422.3125,248667.640625,248495.171875,248611.671875,-0.513671875,-0.0009765625,-0.811767578125,-0.7629393935203552,0.5187987685203552,0.4882812201976776,80.0,10014.0,1.0,O,M,O,0
247358.09375,247479.234375,247697.84375,247577.765625,247700.34375,247945.234375,247772.9375,247889.4375,-0.5126953125,-0.002685546875,-0.81103515625,-0.6103515028953552,0.7324218153953552,0.3662109076976776,80.0,10015.0,1.0,O,M,O,0
247769.1875,247889.53125,248108.84375,247988.5,248110.984375,248356.328125,248184.125,248300.4375,-0.512451171875,-0.002197265625,-0.814208984375,-0.7019042372703552,0.6103515028953552,0.3967284858226776,80.0,10016.0,1.0,O,M,O,0
248565.265625,248685.609375,248904.921875,248784.671875,248907.515625,249152.765625,248980.109375,249096.703125,-0.514892578125,-0.00048828125,-0.812255859375,-0.7019042372703552,0.4882812201976776,0.4272460639476776,80.0,10017.0,1.0,O,M,O,0
248275.046875,248395.578125,248614.703125,248494.640625,248617.578125,248862.640625,248689.8125,248806.484375,-0.51318359375,-0.001708984375,-0.810791015625,-0.7324218153953552,0.4577636420726776,0.4882812201976776,80.0,10018.0,1.0,O,M,O,0
247461.09375,247581.4375,247800.65625,247680.671875,247803.25,248048.3125,247875.40625,247992.078125,-0.51416015625,0.001708984375,-0.81298828125,-0.6103515028953552,0.4882812201976776,0.3967284858226776,80.0,10019.0,1.0,O,M,O,0
247664.765625,247785.28125,248004.5,247884.078125,248006.75,248252.078125,248079.15625,248196.015625,-0.513427734375,0.001953125,-0.810791015625,-0.6713866591453552,0.3662109076976776,0.5187987685203552,80.0,10020.0,1.0,O,M,O,0
248522.078125,248642.34375,248862.1875,248741.40625,248863.890625,249109.578125,248936.671875,249053.78125,-0.514892578125,0.00146484375,-0.8115234375,-0.7934569716453552,0.2441406100988388,0.4577636420726776,80.0,10021.0,1.0,O,M,O,0
248446.453125,248566.703125,248786.546875,248665.765625,248788.15625,249033.578125,248860.84375,248978.15625,-0.515625,0.0029296875,-0.81005859375,-0.7934569716453552,0.2441406100988388,0.5493163466453552,80.0,10022.0,1.0,O,M,O,0
247598.0625,247718.765625,247938.25,247817.203125,247940.046875,248185.28125,248012.640625,248129.5,-0.51416015625,0.001708984375,-0.810302734375,-0.7629393935203552,0.3051757514476776,0.5187987685203552,80.0,10023.0,1.0,O,M,O,0
247583.9375,247704.1875,247923.59375,247803.078125,247925.921875,248171.15625,247998.421875,248115.1875,-0.515869140625,0.000732421875,-0.81494140625,-0.7324218153953552,0.4272460639476776,0.5493163466453552,80.0,10024.0,1.0,O,M,O,0
248447.78125,248568.578125,248787.796875,248667.28125,248789.765625,249035.1875,248862.453125,248979.3125,-0.517578125,0.000244140625,-0.8134765625,-0.7629393935203552,0.4577636420726776,0.4577636420726776,80.0,10025.0,1.0,O,M,O,0
248587.4375,248708.234375,248927.359375,248806.484375,248929.609375,249174.671875,249001.65625,249118.96875,-0.516845703125,0.00048828125,-0.812744140625,-0.7934569716453552,0.5493163466453552,0.3356933295726776,80.0,10026.0,1.0,O,M,O,0
247753.90625,247874.59375,248093.828125,247973.21875,248096.15625,248340.953125,248168.65625,248285.0625,-0.514892578125,-0.0029296875,-0.813232421875,-0.7019042372703552,0.4882812201976776,0.3356933295726776,80.0,10027.0,1.0,O,M,O,0
247520.015625,247641.0625,247859.75,247739.421875,247862.171875,248106.96875,247934.40625,248051.09375,-0.513427734375,-0.002685546875,-0.810302734375,-0.6713866591453552,0.5493163466453552,0.4577636420726776,80.0,10028.0,1.0,O,M,O,0
248333.171875,248453.953125,248672.46875,248552.578125,248674.96875,248920.03125,248747.5625,248864.421875,-0.510986328125,-0.0009765625,-0.810791015625,-0.5493163466453552,0.4272460639476776,0.3967284858226776,80.0,10029.0,1.0,O,M,O,0
248678.453125,248798.984375,249018.296875,248897.859375,249020.34375,249266.046875,249093.03125,249210.25,-0.51220703125,0.0029296875,-0.81103515625,-0.6103515028953552,0.4272460639476776,0.3051757514476776,80.0,10030.0,1.0,O,M,O,0
247916.53125,248036.78125,248256.28125,248135.484375,248258.421875,248503.671875,248331.015625,248448.0625,-0.515380859375,0.002685546875,-0.813720703125,-0.6713866591453552,0.5187987685203552,0.4272460639476776,80.0,10031.0,1.0,O,M,O,0
247475.3125,247596.1875,247815.328125,247694.71875,247817.46875,248062.53125,247890.25,248006.75,-0.515380859375,0.00048828125,-0.81640625,-0.6103515028953552,0.5187987685203552,0.4577636420726776,80.0,10032.0,1.0,O,M,O,0
248181.984375,248303.125,248522.171875,248401.65625,248524.046875,248769.734375,248596.921875,248713.5,-0.51416015625,-0.000244140625,-0.816650390625,-0.7019042372703552,0.3662109076976776,0.4272460639476776,80.0,10033.0,1.0,O,M,O,0
248711.359375,248832.421875,249051.46875,248931.296875,249053.875,249299.296875,249126.390625,249243.421875,-0.51220703125,-0.001220703125,-0.80615234375,-0.8239745497703552,0.2441406100988388,0.4882812201976776,80.0,10034.0,1.0,O,M,O,0
248066.375,248186.890625,248406.484375,248286.140625,248408.53125,248653.875,248481.5,248597.8125,-0.51123046875,0.001220703125,-0.80224609375,-0.9460448622703552,0.3662109076976776,0.6103515028953552,80.0,10035.0,1.0,O,M,O,0
247445.359375,247565.703125,247785.453125,247664.84375,247787.703125,248032.765625,247860.03125,247976.34375,-0.513427734375,0.003662109375,-0.810791015625,-0.7629393935203552,0.4882812201976776,0.4272460639476776,80.0,10036.0,1.0,O,M,O,0
248000.484375,248120.921875,248340.765625,248219.796875,248342.90625,248587.984375,248415.0625,248531.734375,-0.515625,0.0,-0.81591796875,-0.7019042372703552,0.5187987685203552,0.4272460639476776,80.0,10037.0,1.0,O,M,O,0
248677.296875,248797.8125,249017.484375,248897.0625,249019.8125,249265.234375,249092.140625,249209.171875,-0.51513671875,-0.001220703125,-0.81201171875,-0.7934569716453552,0.4272460639476776,0.3967284858226776,80.0,10038.0,1.0,O,M,O,0
248197.359375,248317.875,248537.015625,248416.765625,248539.25,248785.296875,248612.03125,248728.703125,-0.512939453125,-0.001220703125,-0.80810546875,-0.7934569716453552,0.2746581733226776,0.4577636420726776,80.0,10039.0,1.0,O,M,O,0
247450.625,247570.890625,247790.015625,247669.859375,247792.34375,248038.21875,247865.390625,247981.796875,-0.512939453125,0.002685546875,-0.80615234375,-0.7324218153953552,0.5493163466453552,0.3662109076976776,80.0,10040.0,1.0,O,M,O,0
247830.25,247950.59375,248170.0,248049.65625,248172.140625,248417.65625,248244.65625,248361.6875,-0.51416015625,0.0009765625,-0.8115234375,-0.6103515028953552,0.6408690810203552,0.2746581733226776,80.0,10041.0,1.0,O,M,O,0
248622.9375,248743.1875,248962.765625,248842.4375,248965.09375,249210.609375,249037.34375,249154.640625,-0.518310546875,0.00146484375,-0.815185546875,-0.6103515028953552,0.5798339247703552,0.3662109076976776,80.0,10042.0,1.0,O,M,O,0
248342.109375,248462.09375,248681.40625,248561.25,248683.734375,248929.421875,248756.328125,248873.453125,-0.5166015625,0.000732421875,-0.812744140625,-0.7019042372703552,0.3051757514476776,0.5493163466453552,80.0,10043.0,1.0,O,M,O,0
247514.375,247634.546875,247853.671875,247734.046875,247856.453125,248101.515625,247928.953125,248045.453125,-0.5126953125,0.0,-0.80859375,-0.8239745497703552,0.3051757514476776,0.5798339247703552,80.0,10044.0,1.0,O,M,O,0
247695.96875,247816.578125,248035.625,247915.640625,248038.21875,248283.015625,248110.640625,248227.3125,-0.51318359375,0.001220703125,-0.806396484375,-0.6713866591453552,0.5493163466453552,0.3967284858226776,80.0,10045.0,1.0,O,M,O,0
248552.21875,248672.46875,248892.046875,248771.265625,248894.203125,249139.625,248966.96875,249083.65625,-0.514404296875,0.00341796875,-0.811279296875,-0.7629393935203552,0.5493163466453552,0.4577636420726776,80.0,10046.0,1.0,O,M,O,0
248485.34375,248605.765625,248825.078125,248704.5625,248827.5,249072.921875,248900.1875,249016.953125,-0.5185546875,-0.006103515625,-0.82568359375,-0.8850097060203552,0.4577636420726776,0.4577636420726776,80.0,10047.0,1.0,O,M,O,0
247621.40625,247742.09375,247961.328125,247841.15625,247964.0,248208.984375,248036.515625,248152.828125,-0.5146484375,0.00732421875,-0.802734375,-0.3967284858226776,0.4882812201976776,0.4577636420726776,80.0,10048.0,1.0,O,M,O,0
247582.859375,247703.5625,247922.96875,247802.71875,247925.296875,248170.171875,247997.71875,248114.203125,-0.503662109375,-0.0087890625,-0.806884765625,-1.0070799589157104,0.2441406100988388,0.4882812201976776,80.0,10049.0,1.0,O,M,O,0
248446.984375,248567.6875,248786.8125,248666.390625,248789.140625,249034.296875,248861.65625,248978.59375,-0.519775390625,0.0107421875,-0.803466796875,-0.3662109076976776,0.7019042372703552,0.4577636420726776,80.0,10050.0,1.0,O,M,O,0
248597.0,248718.0625,248937.015625,248816.328125,248939.34375,249184.234375,249011.671875,249129.0625,-0.51806640625,-0.006103515625,-0.82666015625,-0.7934569716453552,0.6713866591453552,0.3051757514476776,80.0,10051.0,1.0,O,M,O,0
247755.78125,247876.390625,248095.703125,247975.0,248097.765625,248342.90625,248170.171875,248287.296875,-0.5185546875,-0.000244140625,-0.80810546875,-0.4577636420726776,0.6103515028953552,0.2441406100988388,80.0,10052.0,1.0,O,M,O,0
247497.65625,247618.265625,247837.40625,247717.0625,247839.546875,248084.796875,247911.875,248028.828125,-0.5078125,-0.00048828125,-0.80615234375,-0.7934569716453552,0.2136230319738388,0.5493163466453552,80.0,10053.0,1.0,O,M,O,0
248298.921875,248419.359375,248638.578125,248518.59375,248641.078125,248886.234375,248713.765625,248830.453125,-0.510009765625,0.0029296875,-0.802490234375,-0.8850097060203552,0.3051757514476776,0.6103515028953552,80.0,10054.0,1.0,O,M,O,0
248649.125,248769.828125,248989.140625,248868.71875,248991.375,249236.796875,249064.0625,249180.75,-0.52099609375,0.00537109375,-0.814208984375,-0.5493163466453552,0.8544921278953552,0.3967284858226776,80.0,10055.0,1.0,O,M,O,0
247882.46875,248003.25,248222.484375,248102.140625,248224.890625,248469.6875,248297.140625,248413.640625,-0.5146484375,-0.00634765625,-0.81982421875,-0.7324218153953552,0.4882812201976776,0.3051757514476776,80.0,10056.0,1.0,O,M,O,0
247422.203125,247543.25,247762.390625,247642.40625,247765.171875,248009.421875,247837.140625,247953.546875,-0.515380859375,-0.000244140625,-0.810302734375,-0.8544921278953552,0.2746581733226776,0.6408690810203552,80.0,10057.0,1.0,O,M,O,0
248117.875,248239.015625,248458.25,248338.0,248460.125,248705.546875,248533.0,248649.671875,-0.51171875,0.001708984375,-0.8056640625,-1.0375975370407104,0.0,0.6713866591453552,80.0,10058.0,1.0,O,M,O,0
248651.640625,248772.328125,248991.734375,248870.953125,248993.609375,249239.3125,249066.3125,249183.421875,-0.514404296875,0.003173828125,-0.809814453125,-0.8850097060203552,0.4577636420726776,0.4577636420726776,80.0,10059.0,1.0,O,M,O,0
248003.4375,248123.78125,248343.453125,248222.921875,248345.5,248590.65625,248418.015625,248534.953125,-0.51611328125,0.004638671875,-0.811767578125,-0.6713866591453552,0.5798339247703552,0.3967284858226776,80.0,10060.0,1.0,O,M,O,0
247367.84375,247488.1875,247707.59375,247587.609375,247710.0,247954.53125,247782.234375,247899.09375,-0.516357421875,-0.006591796875,-0.8193359375,-0.9765624403953552,0.3662109076976776,0.3967284858226776,80.0,10061.0,1.0,O,M,O,0
247909.828125,248030.34375,248249.578125,248129.234375,248251.984375,248496.78125,248324.40625,248441.265625,-0.51806640625,0.008056640625,-0.805419921875,-0.5493163466453552,0.4577636420726776,0.5187987685203552,80.0,10062.0,1.0,O,M,O,0
248596.46875,248716.984375,248936.125,248815.421875,248938.625,249184.046875,249011.3125,249127.734375,-0.510009765625,-0.0087890625,-0.8076171875,-0.9765624403953552,0.1525878757238388,0.5187987685203552,80.0,10063.0,1.0,O,M,O,0
248111.078125,248231.6875,248450.5625,248329.953125,248453.421875,248698.3125,248525.921875,248641.984375,-0.534912109375,0.01318359375,-0.831298828125,-0.03051757626235485,1.2512205839157104,0.3051757514476776,80.0,10064.0,1.0,O,M,O,0
247350.578125,247470.65625,247689.96875,247569.625,247692.65625,247937.453125,247765.171875,247881.125,-0.4794921875,0.0029296875,-0.764892578125,-0.7019042372703552,-0.3662109076976776,0.1525878757238388,80.0,10065.0,1.0,O,M,O,0
247724.578125,247844.5625,248063.96875,247943.703125,248066.90625,248311.625,248138.890625,248255.46875,-0.526611328125,-0.010986328125,-0.862548828125,-1.4038084745407104,1.1596678495407104,0.8850097060203552,80.0,10066.0,1.0,O,M,O,0
248427.84375,248548.546875,248767.6875,248647.34375,248770.375,249015.25,248842.25,248959.46875,-0.543212890625,0.030517578125,-0.827392578125,0.2441406100988388,0.7934569716453552,0.1525878757238388,80.0,10067.0,1.0,O,M,O,0
248076.125,248196.640625,248415.78125,248295.609375,248418.46875,248663.4375,248491.0625,248607.46875,-0.46142578125,-0.03369140625,-0.7646484375,-1.1596678495407104,-0.7934569716453552,-0.03051757626235485,80.0,10068.0,1.0,O,M,O,0
247282.28125,247402.625,247621.84375,247501.859375,247624.265625,247869.140625,247697.3125,247813.171875,-0.4990234375,0.0263671875,-0.74169921875,-0.5493163466453552,0.1831054538488388,1.3732908964157104,80.0,10069.0,1.0,O,M,O,0
247519.390625,247640.171875,247859.484375,247739.0625,247861.546875,248106.25,247934.328125,248050.734375,-0.57861328125,0.004150390625,-0.9453125,-1.7395018339157104,2.075195074081421,0.7629393935203552,80.0,10070.0,1.0,O,M,O,0
248274.609375,248395.3125,248615.0625,248494.09375,248617.125,248862.015625,248689.640625,248806.3125,-0.506103515625,0.014404296875,-0.79931640625,0.6713866591453552,-0.1220703050494194,-0.6713866591453552,80.0,10071.0,1.0,O,M,O,0
248125.03125,248245.546875,248464.953125,248344.4375,248467.453125,248712.515625,248539.875,248656.734375,-0.46435546875,-0.045654296875,-0.780517578125,-2.258300542831421,-1.0375975370407104,0.0610351525247097,80.0,10072.0,1.0,O,M,O,0
247328.765625,247448.671875,247667.890625,247547.90625,247670.65625,247915.28125,247743.0,247859.671875,-0.483642578125,0.039794921875,-0.698974609375,-0.2441406100988388,-0.0915527269244194,1.4343260526657104,80.0,10073.0,1.0,O,M,O,0
247454.46875,247574.546875,247793.953125,247673.703125,247796.375,248041.25,247869.0625,247985.46875,-0.58056640625,-0.023193359375,-0.929931640625,-2.532958745956421,1.8615721464157104,1.1596678495407104,80.0,10074.0,1.0,O,M,O,0
248301.703125,248421.859375,248641.625,248520.75,248643.59375,248888.75,248716.359375,248833.046875,-0.568115234375,0.038818359375,-0.864013671875,1.8005369901657104,1.9226073026657104,-0.2136230319738388,80.0,10075.0,1.0,O,M,O,0
248380.109375,248500.265625,248720.03125,248599.25,248721.90625,248967.0625,248794.59375,248911.546875,-0.452880859375,-0.051025390625,-0.7783203125,-2.960204839706421,-2.593993902206421,-0.3356933295726776,80.0,10076.0,1.0,O,M,O,0
247603.34375,247723.328125,247942.734375,247822.75,247945.046875,248190.390625,248017.828125,248134.6875,-0.44775390625,0.018310546875,-0.66455078125,-0.2136230319738388,-1.2817381620407104,1.0986326932907104,80.0,10077.0,1.0,O,M,O,0
247495.25,247615.234375,247834.546875,247714.375,247837.3125,248082.375,247909.734375,248026.234375,-0.589111328125,-0.00732421875,-0.90625,-2.410888433456421,3.051757574081421,1.7395018339157104,80.0,10078.0,1.0,O,M,O,0
248258.875,248379.125,248598.171875,248477.734375,248600.578125,248846.0,248673.453125,248789.953125,-0.540283203125,0.034423828125,-0.891357421875,2.044677495956421,2.166747808456421,0.3051757514476776,80.0,10079.0,1.0,O,M,O,0
248535.234375,248656.015625,248874.796875,248754.546875,248877.390625,249122.546875,248949.984375,249066.9375,-0.474853515625,-0.048095703125,-0.791748046875,-2.929687261581421,-2.655029058456421,-0.03051757626235485,80.0,10080.0,1.0,O,M,O,0
247824.890625,247945.59375,248164.546875,248044.5625,248167.234375,248412.03125,248239.640625,248356.328125,-0.469970703125,0.015380859375,-0.689697265625,-0.6408690810203552,-1.4648436307907104,1.0681151151657104,80.0,10081.0,1.0,O,M,O,0
247477.359375,247597.703125,247816.9375,247696.59375,247819.4375,248064.328125,247892.125,248008.4375,-0.5703125,0.004150390625,-0.863525390625,-1.6479490995407104,2.807616949081421,1.2817381620407104,80.0,10082.0,1.0,O,M,O,0
248137.359375,248257.796875,248477.109375,248356.59375,248479.078125,248724.59375,248552.125,248668.796875,-0.573974609375,0.0126953125,-0.9306640625,-0.3356933295726776,3.875732183456421,0.3967284858226776,80.0,10083.0,1.0,O,M,O,0
248633.671875,248754.0,248973.671875,248853.25,248975.734375,249221.421875,249048.328125,249165.09375,-0.495361328125,0.005126953125,-0.81005859375,0.3356933295726776,-0.4272460639476776,-0.6103515028953552,80.0,10084.0,1.0,O,M,O,0
248058.6875,248178.9375,248398.796875,248278.1875,248400.84375,248646.0,248473.359375,248589.765625,-0.458251953125,-0.025634765625,-0.740478515625,-2.655029058456421,-2.868652105331421,0.6103515028953552,80.0,10085.0,1.0,O,M,O,0
247470.125,247590.734375,247810.140625,247690.0625,247812.546875,248057.25,247884.796875,248001.46875,-0.57177734375,0.00634765625,-0.8359375,-1.2512205839157104,1.7700194120407104,1.6479490995407104,80.0,10086.0,1.0,O,M,O,0
247989.3125,248109.5625,248328.703125,248208.625,248331.375,248576.265625,248403.890625,248520.65625,-0.51953125,0.035888671875,-0.86474609375,1.5258787870407104,2.746581792831421,-0.1220703050494194,80.0,10087.0,1.0,O,M,O,0
248709.125,248829.5625,249048.6875,248928.625,249051.28125,249296.53125,249123.96875,249241.0,-0.462646484375,-0.023193359375,-0.762451171875,-0.8239745497703552,-0.9155272841453552,-0.7324218153953552,80.0,10088.0,1.0,O,M,O,0
248292.671875,248413.09375,248632.5,248512.34375,248634.734375,248880.15625,248707.78125,248824.375,-0.525634765625,-0.025146484375,-0.775146484375,-1.6174315214157104,-0.6408690810203552,1.2817381620407104,80.0,10089.0,1.0,O,M,O,0
247519.65625,247640.0,247859.484375,247739.421875,247861.8125,248106.515625,247934.765625,248051.0,-0.58349609375,0.032958984375,-0.88623046875,0.1831054538488388,3.143310308456421,1.1291502714157104,80.0,10090.0,1.0,O,M,O,0
247918.671875,248039.015625,248258.515625,248138.078125,248260.65625,248505.453125,248333.34375,248449.84375,-0.4853515625,0.016845703125,-0.814697265625,0.6408690810203552,0.7934569716453552,-0.7324218153953552,80.0,10091.0,1.0,O,M,O,0
248772.953125,248893.21875,249112.890625,248992.1875,249114.9375,249360.09375,249187.1875,249304.125,-0.46240234375,-0.028564453125,-0.743408203125,-0.8239745497703552,-1.2817381620407104,-0.5187987685203552,80.0,10092.0,1.0,O,M,O,0
248461.828125,248582.25,248801.65625,248681.046875,248803.53125,249049.046875,248876.140625,248993.171875,-0.5498046875,0.001220703125,-0.8330078125,-0.3967284858226776,2.197265386581421,0.9460448622703552,80.0,10093.0,1.0,O,M,O,0
247605.390625,247726.0,247945.40625,247825.0625,247947.640625,248192.4375,248019.96875,248136.46875,-0.52978515625,0.028564453125,-0.87255859375,0.5187987685203552,1.9836424589157104,0.5187987685203552,80.0,10094.0,1.0,O,M,O,0
247847.421875,247967.84375,248187.34375,248067.09375,248189.765625,248434.5625,248262.265625,248378.40625,-0.473388671875,-0.008056640625,-0.7763671875,-0.8850097060203552,-0.7629393935203552,-0.3051757514476776,80.0,10095.0,1.0,O,M,O,0
248732.453125,248853.25,249072.5625,248951.953125,249074.703125,249319.953125,249147.125,249263.625,-0.51953125,-0.022216796875,-0.7958984375,-1.1596678495407104,0.4882812201976776,0.4882812201976776,80.0,10096.0,1.0,O,M,O,0
248632.40625,248753.375,248972.703125,248852.0,248974.65625,249219.8125,249047.078125,249163.9375,-0.5322265625,0.022216796875,-0.83349609375,0.4882812201976776,2.044677495956421,0.5187987685203552,80.0,10097.0,1.0,O,M,O,0
247774.375,247894.984375,248114.125,247993.59375,248116.359375,248361.234375,248188.859375,248305.453125,-0.51123046875,-0.0107421875,-0.827392578125,-0.9765624403953552,0.3356933295726776,0.0,80.0,10098.0,1.0,O,M,O,0
247792.875,247913.484375,248132.8125,248012.109375,248134.953125,248379.5625,248207.28125,248324.046875,-0.500244140625,0.0068359375,-0.770263671875,-0.8544921278953552,-0.2441406100988388,0.8544921278953552,80.0,10099.0,1.0,O,M,O,0
248684.625,248804.96875,249024.734375,248903.671875,249026.609375,249271.671875,249099.296875,249216.234375,-0.525634765625,-0.00390625,-0.82568359375,-1.7089842557907104,0.3356933295726776,0.9460448622703552,80.0,10100.0,1.0,O,M,O,0
248802.546875,248923.171875,249143.015625,249021.78125,249144.265625,249389.59375,249217.140625,249334.171875,-0.539306640625,0.01611328125,-0.832275390625,0.2441406100988388,1.3122557401657104,0.0610351525247097,80.0,10101.0,1.0,O,M,O,0
247946.578125,248067.1875,248287.03125,248166.15625,248288.828125,248533.4375,248361.328125,248478.0,-0.494384765625,-0.019287109375,-0.80712890625,-1.2207030057907104,-0.0610351525247097,0.0610351525247097,80.0,10102.0,1.0,O,M,O,0
247698.921875,247819.53125,248039.015625,247918.59375,248041.171875,248285.78125,248113.859375,248230.34375,-0.505126953125,0.0029296875,-0.78271484375,-0.9460448622703552,-0.1831054538488388,1.1596678495407104,80.0,10103.0,1.0,O,M,O,0
248520.390625,248641.265625,248861.03125,248740.421875,248862.546875,249107.875,248935.5,249052.625,-0.530517578125,0.01416015625,-0.828369140625,-1.4648436307907104,0.4577636420726776,1.0375975370407104,80.0,10104.0,1.0,O,M,O,0
248870.234375,248990.75,249210.609375,249089.734375,249212.125,249457.453125,249284.8125,249401.765625,-0.51904296875,0.001708984375,-0.8037109375,-0.2746581733226776,0.6103515028953552,0.03051757626235485,80.0,10105.0,1.0,O,M,O,0
248102.671875,248223.109375,248442.953125,248321.984375,248444.65625,248689.453125,248517.171875,248634.109375,-0.512451171875,-0.013427734375,-0.81396484375,-0.7324218153953552,0.7019042372703552,0.3051757514476776,80.0,10106.0,1.0,O,M,O,0
247659.125,247779.65625,247999.40625,247878.53125,248001.828125,248246.265625,248073.796875,248190.75,-0.515869140625,0.006591796875,-0.8037109375,-0.9155272841453552,0.0610351525247097,0.8239745497703552,80.0,10107.0,1.0,O,M,O,0
248373.125,248493.65625,248713.421875,248592.71875,248715.5625,248960.265625,248787.53125,248904.84375,-0.511962890625,0.00048828125,-0.810546875,-1.1901854276657104,0.03051757626235485,0.7019042372703552,80.0,10108.0,1.0,O,M,O,0
248902.875,249023.390625,249242.796875,249122.28125,249244.671875,249490.09375,249317.09375,249434.484375,-0.518310546875,0.01123046875,-0.815673828125,-0.2746581733226776,1.0681151151657104,0.2746581733226776,80.0,10109.0,1.0,O,M,O,0
248259.671875,248380.015625,248599.59375,248479.078125,248601.390625,248846.546875,248673.8125,248790.84375,-0.50634765625,-0.007568359375,-0.808837890625,-0.2136230319738388,0.7629393935203552,0.03051757626235485,80.0,10110.0,1.0,O,M,O,0
247652.515625,247773.125,247992.96875,247872.453125,247994.859375,248239.734375,248067.1875,248183.953125,-0.517822265625,-0.00048828125,-0.81982421875,-0.7019042372703552,0.6408690810203552,0.6713866591453552,80.0,10111.0,1.0,O,M,O,0
248223.5625,248344.078125,248563.921875,248443.5,248566.078125,248810.875,248638.40625,248755.34375,-0.517333984375,0.010009765625,-0.814453125,-0.7324218153953552,0.1831054538488388,0.7019042372703552,80.0,10112.0,1.0,O,M,O,0
248917.796875,249038.234375,249258.171875,249137.5625,249260.234375,249505.296875,249332.375,249449.859375,-0.505859375,-0.003173828125,-0.80322265625,-0.3662109076976776,0.6408690810203552,0.2746581733226776,80.0,10113.0,1.0,O,M,O,0
248470.140625,248590.578125,248810.328125,248689.984375,248812.203125,249057.28125,248884.625,249001.9375,-0.51953125,0.004638671875,-0.814453125,-0.1525878757238388,1.1596678495407104,0.1220703050494194,80.0,10114.0,1.0,O,M,O,0
247758.453125,247878.890625,248098.390625,247977.953125,248100.265625,248345.140625,248172.59375,248289.71875,-0.51318359375,-0.0029296875,-0.814453125,-0.6103515028953552,0.4272460639476776,0.3051757514476776,80.0,10115.0,1.0,O,M,O,0
248159.265625,248279.875,248499.375,248378.9375,248501.4375,248746.578125,248573.671875,248690.796875,-0.513671875,0.00341796875,-0.81396484375,-0.8544921278953552,0.2746581733226776,0.5798339247703552,80.0,10116.0,1.0,O,M,O,0
248968.21875,249089.015625,249308.6875,249187.90625,249310.75,249555.8125,249382.984375,249500.203125,-0.51611328125,0.00341796875,-0.812255859375,-0.6713866591453552,0.5798339247703552,0.4272460639476776,80.0,10117.0,1.0,O,M,O,0
248723.703125,248844.3125,249064.0625,248943.28125,249065.953125,249311.09375,249138.28125,249255.765625,-0.508056640625,-0.004150390625,-0.804443359375,-0.4577636420726776,0.7629393935203552,0.3051757514476776,80.0,10118.0,1.0,O,M,O,0
247942.1875,248062.265625,248282.109375,248161.5,248284.34375,248528.96875,248356.328125,248473.71875,-0.5185546875,0.003173828125,-0.819091796875,-0.7019042372703552,0.6103515028953552,0.5187987685203552,80.0,10119.0,1.0,O,M,O,0
248149.796875,248269.59375,248489.625,248369.375,248492.046875,248736.84375,248564.015625,248680.875,-0.512939453125,-0.0009765625,-0.80908203125,-1.0986326932907104,0.03051757626235485,0.6408690810203552,80.0,10120.0,1.0,O,M,O,0
249017.671875,249138.015625,249357.953125,249237.4375,249359.65625,249605.25,249432.34375,249549.640625,-0.513427734375,-0.001708984375,-0.806884765625,-1.0070799589157104,0.2746581733226776,0.6713866591453552,80.0,10121.0,1.0,O,M,O,0
248993.265625,249113.6875,249333.625,249212.671875,249335.328125,249580.65625,249407.75,249525.328125,-0.51806640625,0.0009765625,-0.817626953125,-0.7324218153953552,0.5798339247703552,0.4882812201976776,80.0,10122.0,1.0,O,M,O,0
248191.90625,248311.890625,248531.921875,248411.484375,248534.15625,248779.21875,248606.75,248723.609375,-0.5087890625,-0.007080078125,-0.80810546875,-0.7934569716453552,0.2441406100988388,0.4577636420726776,80.0,10123.0,1.0,O,M,O,0
248181.984375,248302.140625,248522.171875,248401.46875,248523.96875,248769.203125,248596.921875,248713.5,-0.518310546875,0.003662109375,-0.817138671875,-0.9460448622703552,0.3051757514476776,0.7629393935203552,80.0,10124.0,1.0,O,M,O,0
249043.421875,249163.765625,249383.703125,249262.640625,249385.40625,249630.640625,249457.90625,249575.203125,-0.51318359375,0.002197265625,-0.809326171875,-0.8850097060203552,0.1220703050494194,0.5187987685203552,80.0,10125.0,1.0,O,M,O,0
249212.84375,249333.1875,249552.859375,249431.71875,249554.5625,249800.25,249627.15625,249744.8125,-0.51171875,-0.00048828125,-0.8095703125,-0.5493163466453552,0.6103515028953552,0.3662109076976776,80.0,10126.0,1.0,O,M,O,0
248423.46875,248544.078125,248763.484375,248642.78125,248765.453125,249010.6875,248838.140625,248955.171875,-0.517333984375,-0.00146484375,-0.8154296875,-0.5187987685203552,0.7324218153953552,0.3662109076976776,80.0,10127.0,1.0,O,M,O,0
248208.71875,248329.328125,248548.734375,248428.125,248550.515625,248795.84375,248623.203125,248740.0625,-0.51123046875,-0.002685546875,-0.8056640625,-0.6408690810203552,0.3356933295726776,0.4272460639476776,80.0,10128.0,1.0,O,M,O,0
249022.40625,249142.65625,249362.234375,249241.546875,249363.9375,249609.8125,249436.625,249554.015625,-0.51953125,0.003173828125,-0.81640625,-0.6713866591453552,0.4882812201976776,0.5798339247703552,80.0,10129.0,1.0,O,M,O,0
249394.875,249515.125,249735.0625,249613.921875,249736.328125,249982.453125,249809.28125,249926.84375,-0.513427734375,0.00244140625,-0.804931640625,-0.5187987685203552,0.4577636420726776,0.3051757514476776,80.0,10130.0,1.0,O,M,O,0
248681.9375,248802.375,249022.234375,248901.34375,249023.921875,249269.4375,249096.4375,249213.828125,-0.51025390625,0.0,-0.80810546875,-0.5187987685203552,0.6713866591453552,0.2441406100988388,80.0,10131.0,1.0,O,M,O,0
248265.390625,248385.828125,248605.59375,248484.625,248607.640625,248852.71875,248679.703125,248796.921875,-0.518310546875,0.00341796875,-0.8203125,-0.7324218153953552,0.6408690810203552,0.4272460639476776,80.0,10132.0,1.0,O,M,O,0
248964.828125,249085.703125,249305.46875,249184.5,249307.171875,249552.328125,249379.59375,249496.984375,-0.51123046875,0.000244140625,-0.812255859375,-0.8544921278953552,0.3662109076976776,0.3967284858226776,80.0,10133.0,1.0,O,M,O,0
249516.921875,249637.53125,249856.65625,249736.234375,249858.625,250104.40625,249931.234375,250048.625,-0.515625,0.00439453125,-0.812255859375,-0.7934569716453552,0.4882812201976776,0.4882812201976776,80.0,10134.0,1.0,O,M,O,0
248931.5625,249052.359375,249271.578125,249151.15625,249273.640625,249519.15625,249346.0625,249463.1875,-0.511962890625,-0.000244140625,-0.814208984375,-0.6713866591453552,0.5493163466453552,0.2746581733226776,80.0,10135.0,1.0,O,M,O,0
248350.953125,248471.921875,248691.0625,248570.546875,248693.203125,248938.359375,248765.625,248882.390625,-0.5126953125,-0.00146484375,-0.812255859375,-0.6713866591453552,0.5187987685203552,0.4272460639476776,80.0,10136.0,1.0,O,M,O,0
248909.03125,249029.828125,249249.046875,249128.4375,249251.109375,249496.703125,249323.796875,249440.921875,-0.51513671875,0.002685546875,-0.81787109375,-0.8850097060203552,0.4272460639476776,0.5187987685203552,80.0,10137.0,1.0,O,M,O,0
249597.734375,249718.890625,249938.203125,249817.5,249939.8125,250185.859375,250012.671875,250130.34375,-0.511474609375,0.00048828125,-0.808837890625,-0.7629393935203552,0.3051757514476776,0.4577636420726776,80.0,10138.0,1.0,O,M,O,0
249160.09375,249280.96875,249500.640625,249379.9375,249502.4375,249748.21875,249574.9375,249692.328125,-0.51806640625,0.004150390625,-0.816650390625,-0.7934569716453552,0.5798339247703552,0.5798339247703552,80.0,10139.0,1.0,O,M,O,0
248445.90625,248566.609375,248785.921875,248665.40625,248788.15625,249033.40625,248860.671875,248977.4375,-0.51416015625,0.0009765625,-0.8134765625,-0.6103515028953552,0.5187987685203552,0.3662109076976776,80.0,10140.0,1.0,O,M,O,0
248821.78125,248943.109375,249162.328125,249041.625,249164.390625,249409.71875,249236.984375,249354.015625,-0.50927734375,-0.000244140625,-0.806640625,-0.6713866591453552,0.4577636420726776,0.4577636420726776,80.0,10141.0,1.0,O,M,O,0
249616.0625,249737.21875,249956.078125,249835.828125,249958.234375,250204.015625,250030.921875,250148.390625,-0.515869140625,0.004638671875,-0.817138671875,-0.8239745497703552,0.4577636420726776,0.4882812201976776,80.0,10142.0,1.0,O,M,O,0
249378.328125,249499.125,249718.0,249598.015625,249720.40625,249966.1875,249792.921875,249910.3125,-0.513671875,0.00048828125,-0.81005859375,-0.7324218153953552,0.3967284858226776,0.3356933295726776,80.0,10143.0,1.0,O,M,O,0
248589.234375,248710.109375,248929.515625,248809.171875,248931.75,249177.171875,249004.078125,249121.109375,-0.51513671875,0.002197265625,-0.815673828125,-0.6408690810203552,0.5798339247703552,0.3967284858226776,80.0,10144.0,1.0,O,M,O,0
248766.515625,248886.859375,249106.265625,248986.015625,249108.6875,249353.921875,249181.015625,249297.875,-0.509521484375,0.00244140625,-0.811767578125,-0.8544921278953552,0.4272460639476776,0.3356933295726776,80.0,10145.0,1.0,O,M,O,0
249610.078125,249730.953125,249950.265625,249829.9375,249952.328125,250197.921875,250024.84375,250142.234375,-0.51220703125,0.001220703125,-0.810791015625,-0.9155272841453552,0.3662109076976776,0.5187987685203552,80.0,10146.0,1.0,O,M,O,0
249575.125,249696.359375,249915.765625,249795.15625,249917.734375,250163.328125,249990.0625,250107.625,-0.521240234375,0.000732421875,-0.82177734375,-0.8239745497703552,0.4577636420726776,0.4882812201976776,80.0,10147.0,1.0,O,M,O,0
248758.125,248878.90625,249098.484375,248977.96875,249100.28125,249345.609375,249172.875,249289.828125,-0.511962890625,-0.001708984375,-0.810302734375,-0.6713866591453552,0.4882812201976776,0.3356933295726776,80.0,10148.0,1.0,O,M,O,0
248716.453125,248837.15625,249056.828125,248936.21875,249058.796875,249304.03125,249131.578125,249247.984375,-0.51220703125,-0.00048828125,-0.811767578125,-0.8544921278953552,0.5187987685203552,0.3967284858226776,80.0,10149.0,1.0,O,M,O,0
249555.359375,249676.0625,249895.46875,249774.671875,249897.703125,250142.9375,249969.9375,250087.25,-0.516357421875,0.004150390625,-0.81201171875,-0.7934569716453552,0.3356933295726776,0.5187987685203552,80.0,10150.0,1.0,O,M,O,0
249727.203125,249847.984375,250067.484375,249946.515625,250069.546875,250315.234375,250142.3125,250259.53125,-0.51416015625,-0.000732421875,-0.812255859375,-0.6103515028953552,0.5493163466453552,0.3967284858226776,80.0,10151.0,1.0,O,M,O,0
248932.546875,249053.15625,249272.5625,249151.6875,249274.890625,249519.859375,249347.125,249464.34375,-0.51513671875,0.001220703125,-0.81591796875,-0.5798339247703552,0.6408690810203552,0.3662109076976776,80.0,10152.0,1.0,O,M,O,0
248682.296875,248802.546875,249022.046875,248901.703125,249024.640625,249269.4375,249096.609375,249214.09375,-0.510009765625,-0.00341796875,-0.80859375,-0.7019042372703552,0.3662109076976776,0.3356933295726776,80.0,10153.0,1.0,O,M,O,0
249467.203125,249588.0,249807.40625,249687.0625,249809.28125,250054.96875,249881.875,249999.796875,-0.51513671875,0.00244140625,-0.814208984375,-0.7934569716453552,0.5187987685203552,0.5187987685203552,80.0,10154.0,1.0,O,M,O,0
249842.796875,249964.046875,250183.4375,250062.921875,250185.234375,250431.28125,250258.015625,250375.578125,-0.516845703125,0.001708984375,-0.814453125,-0.6408690810203552,0.4882812201976776,0.4577636420726776,80.0,10155.0,1.0,O,M,O,0
249133.71875,249254.234375,249473.734375,249353.484375,249475.96875,249721.296875,249548.484375,249665.6875,-0.508544921875,-0.001708984375,-0.808837890625,-0.6408690810203552,0.5187987685203552,0.3662109076976776,80.0,10156.0,1.0,O,M,O,0
248693.390625,248813.734375,249033.046875,248912.796875,249035.640625,249280.609375,249108.140625,249224.734375,-0.5166015625,0.001953125,-0.811767578125,-0.7324218153953552,0.4577636420726776,0.5798339247703552,80.0,10157.0,1.0,O,M,O,0
249374.21875,249494.5625,249713.96875,249593.453125,249716.03125,249961.53125,249788.71875,249905.65625,-0.51171875,0.000244140625,-0.809326171875,-0.7934569716453552,0.3356933295726776,0.3967284858226776,80.0,10158.0,1.0,O,M,O,0
249927.5625,250048.53125,250268.109375,250147.234375,250269.640625,250515.59375,250342.671875,250459.890625,-0.51171875,0.001953125,-0.81201171875,-0.7019042372703552,0.4577636420726776,0.3967284858226776,80.0,10159.0,1.0,O,M,O,0
249347.125,249468.09375,249687.421875,249566.625,249689.03125,249934.71875,249762.34375,249879.015625,-0.51416015625,0.000244140625,-0.81103515625,-0.5798339247703552,0.4882812201976776,0.3967284858226776,80.0,10160.0,1.0,O,M,O,0
248749.53125,248870.328125,249089.46875,248968.9375,249091.515625,249336.765625,249164.390625,249281.328125,-0.51416015625,-0.00341796875,-0.80908203125,-0.7629393935203552,0.4577636420726776,0.4272460639476776,80.0,10161.0,1.0,O,M,O,0
249287.3125,249408.109375,249627.6875,249506.984375,249629.125,249874.90625,249702.25,249819.375,-0.5185546875,0.00390625,-0.816650390625,-0.7019042372703552,0.5187987685203552,0.4272460639476776,80.0,10162.0,1.0,O,M,O,0
249984.78125,250105.921875,250325.328125,250204.359375,250327.125,250572.8125,250399.546875,250517.296875,-0.51171875,0.0,-0.811279296875,-0.7629393935203552,0.4272460639476776,0.2746581733226776,80.0,10163.0,1.0,O,M,O,0
249568.421875,249689.296875,249908.703125,249787.8125,249910.484375,250155.90625,249982.90625,250100.46875,-0.51025390625,0.0,-0.807373046875,-0.6713866591453552,0.4882812201976776,0.3967284858226776,80.0,10164.0,1.0,O,M,O,0
248847.171875,248967.875,249187.359375,249066.75,249189.15625,249434.296875,249261.5625,249378.6875,-0.515625,-0.0009765625,-0.813232421875,-0.7019042372703552,0.5187987685203552,0.4577636420726776,80.0,10165.0,1.0,O,M,O,0
249199.078125,249319.953125,249539.359375,249418.65625,249541.234375,249786.484375,249613.828125,249730.859375,-0.515380859375,-0.001708984375,-0.81396484375,-0.7629393935203552,0.3662109076976776,0.4577636420726776,80.0,10166.0,1.0,O,M,O,0
249992.65625,250113.703125,250333.203125,250212.5,250334.984375,250580.859375,250407.59375,250525.34375,-0.515380859375,0.0,-0.81298828125,-0.7019042372703552,0.4882812201976776,0.4882812201976776,80.0,10167.0,1.0,O,M,O,0
249771.453125,249892.34375,250111.828125,249991.046875,250113.890625,250359.125,250186.390625,250303.96875,-0.510986328125,-0.000732421875,-0.8076171875,-0.7629393935203552,0.4577636420726776,0.4272460639476776,80.0,10168.0,1.0,O,M,O,0
248978.59375,249098.9375,249318.4375,249197.734375,249320.84375,249565.828125,249393.171875,249510.296875,-0.514404296875,-0.000244140625,-0.813232421875,-0.7324218153953552,0.4882812201976776,0.4882812201976776,80.0,10169.0,1.0,O,M,O,0
249126.65625,249246.90625,249466.578125,249345.96875,249468.90625,249714.328125,249541.328125,249658.359375,-0.51416015625,-0.000732421875,-0.813720703125,-0.7019042372703552,0.4577636420726776,0.4577636420726776,80.0,10170.0,1.0,O,M,O,0
249966.1875,250086.890625,250306.46875,250185.40625,250308.609375,250553.953125,250380.9375,250498.515625,-0.513916015625,-0.002685546875,-0.811279296875,-0.6713866591453552,0.5187987685203552,0.4272460639476776,80.0,10171.0,1.0,O,M,O,0
249946.96875,250067.84375,250287.15625,250166.640625,250289.390625,250534.90625,250361.984375,250479.296875,-0.515380859375,0.0,-0.81298828125,-0.7019042372703552,0.5493163466453552,0.4882812201976776,80.0,10172.0,1.0,O,M,O,0
249127.90625,249248.609375,249468.375,249347.40625,249470.328125,249715.484375,249542.75,249659.78125,-0.5126953125,0.000244140625,-0.81103515625,-0.7629393935203552,0.4882812201976776,0.4577636420726776,80.0,10173.0,1.0,O,M,O,0
249068.453125,249189.59375,249408.90625,249287.9375,249410.796875,249656.125,249483.296875,249600.328125,-0.51220703125,0.002197265625,-0.80859375,-0.7629393935203552,0.3662109076976776,0.3967284858226776,80.0,10174.0,1.0,O,M,O,0
249903.953125,250025.546875,250244.421875,250123.90625,250246.65625,250492.078125,250318.890625,250436.828125,-0.513427734375,0.0029296875,-0.812744140625,-0.8239745497703552,0.3356933295726776,0.3967284858226776,80.0,10175.0,1.0,O,M,O,0
250095.375,250216.4375,250435.578125,250315.234375,250437.71875,250683.3125,250510.046875,250627.796875,-0.515380859375,0.003662109375,-0.814208984375,-0.7629393935203552,0.4272460639476776,0.3967284858226776,80.0,10176.0,1.0,O,M,O,0
249305.921875,249426.25,249645.9375,249525.5,249647.984375,249893.40625,249720.859375,249837.53125,-0.513427734375,0.002197265625,-0.81298828125,-0.6713866591453552,0.3967284858226776,0.4272460639476776,80.0,10177.0,1.0,O,M,O,0
249033.84375,249154.109375,249374.046875,249252.890625,249376.015625,249621.4375,249448.515625,249565.546875,-0.510986328125,-0.00048828125,-0.8095703125,-0.7324218153953552,0.3662109076976776,0.4272460639476776,80.0,10178.0,1.0,O,M,O,0
249805.796875,249926.125,250145.8125,250024.65625,250147.59375,250393.46875,250220.109375,250337.5,-0.515380859375,0.0,-0.8095703125,-0.7629393935203552,0.3967284858226776,0.4272460639476776,80.0,10179.0,1.0,O,M,O,0
250194.4375,250315.046875,250534.546875,250413.40625,250536.421875,250782.375,250608.75,250726.5,-0.51806640625,0.00146484375,-0.81396484375,-0.7934569716453552,0.5493163466453552,0.4272460639476776,80.0,10180.0,1.0,O,M,O,0
249490.1875,249610.796875,249829.84375,249709.234375,249832.171875,250077.9375,249904.5,250022.0625,-0.51416015625,0.00146484375,-0.810302734375,-0.7629393935203552,0.4577636420726776,0.4272460639476776,80.0,10181.0,1.0,O,M,O,0
249032.328125,249152.9375,249371.984375,249251.28125,249374.3125,249619.828125,249446.734375,249563.765625,-0.51318359375,-0.001220703125,-0.812255859375,-0.7324218153953552,0.4577636420726776,0.4577636420726776,80.0,10182.0,1.0,O,M,O,0
249697.15625,249817.859375,250037.359375,249915.765625,250039.671875,250285.09375,250112.1875,250229.125,-0.514892578125,0.00048828125,-0.814697265625,-0.7019042372703552,0.4882812201976776,0.5187987685203552,80.0,10183.0,1.0,O,M,O,0
250261.5,250381.921875,250601.515625,250480.453125,250603.5625,250849.4375,250676.34375,250793.375,-0.5166015625,0.000732421875,-0.8125,-0.5798339247703552,0.5798339247703552,0.4882812201976776,80.0,10184.0,1.0,O,M,O,0
249688.75,249809.1875,250028.59375,249907.984375,250030.5625,250276.34375,250103.421875,250220.453125,-0.51123046875,0.001708984375,-0.812744140625,-0.5798339247703552,0.4577636420726776,0.5493163466453552,80.0,10185.0,1.0,O,M,O,0
249073.375,249193.4375,249413.03125,249292.5,249415.171875,249660.765625,249487.765625,249604.53125,-0.511962890625,0.000244140625,-0.81103515625,-0.6713866591453552,0.4577636420726776,0.4882812201976776,80.0,10186.0,1.0,O,M,O,0
249586.296875,249706.1875,249925.78125,249804.984375,249927.921875,250173.15625,250000.34375,250117.640625,-0.513916015625,0.001220703125,-0.813232421875,-0.6713866591453552,0.5493163466453552,0.4577636420726776,80.0,10187.0,1.0,O,M,O,0
250289.390625,250410.0,250629.3125,250508.53125,250631.734375,250876.96875,250704.15625,250821.71875,-0.515625,0.001220703125,-0.811279296875,-0.5493163466453552,0.4577636420726776,0.3967284858226776,80.0,10188.0,1.0,O,M,O,0
249887.953125,250008.46875,250228.234375,250107.625,250230.390625,250476.078125,250302.796875,250420.109375,-0.515380859375,0.00048828125,-0.808349609375,-0.7019042372703552,0.4882812201976776,0.3662109076976776,80.0,10189.0,1.0,O,M,O,0
249155.625,249276.328125,249495.734375,249375.03125,249497.6875,249743.03125,249570.375,249687.234375,-0.511474609375,-0.002197265625,-0.810791015625,-0.8239745497703552,0.4577636420726776,0.4272460639476776,80.0,10190.0,1.0,O,M,O,0
249486.703125,249607.578125,249826.71875,249705.921875,249828.859375,250074.09375,249901.640625,250018.484375,-0.5146484375,-0.001220703125,-0.811767578125,-0.7019042372703552,0.5493163466453552,0.3356933295726776,80.0,10191.0,1.0,O,M,O,0
250284.46875,250405.171875,250624.484375,250503.875,250626.8125,250872.0625,250699.140625,250816.625,-0.515380859375,-0.000732421875,-0.815185546875,-0.6103515028953552,0.5187987685203552,0.3662109076976776,80.0,10192.0,1.0,O,M,O,0
250075.4375,250196.046875,250415.71875,250294.484375,250417.875,250663.03125,250489.75,250607.765625,-0.514404296875,0.0009765625,-0.810546875,-0.7324218153953552,0.4882812201976776,0.4882812201976776,80.0,10193.0,1.0,O,M,O,0
249271.765625,249392.1875,249612.046875,249490.625,249614.28125,249859.34375,249686.25,249803.828125,-0.512451171875,0.0,-0.808837890625,-0.7324218153953552,0.4272460639476776,0.5187987685203552,80.0,10194.0,1.0,O,M,O,0
249396.125,249516.5625,249736.328125,249615.265625,249738.5625,249983.703125,249810.625,249928.015625,-0.5166015625,0.0,-0.814453125,-0.6713866591453552,0.5493163466453552,0.3967284858226776,80.0,10195.0,1.0,O,M,O,0
250235.296875,250356.171875,250575.859375,250455.0625,250578.09375,250823.328125,250650.15625,250767.71875,-0.512451171875,-0.00146484375,-0.810546875,-0.7019042372703552,0.4882812201976776,0.3356933295726776,80.0,10196.0,1.0,O,M,O,0
250240.578125,250360.921875,250580.859375,250460.15625,250583.0,250828.421875,250655.25,250773.0,-0.513671875,0.001220703125,-0.809814453125,-0.8239745497703552,0.3662109076976776,0.4272460639476776,80.0,10197.0,1.0,O,M,O,0
249423.484375,249544.1875,249763.953125,249643.15625,249766.09375,250011.25,249838.515625,249955.90625,-0.513427734375,0.0,-0.8115234375,-0.8239745497703552,0.3356933295726776,0.4577636420726776,80.0,10198.0,1.0,O,M,O,0
249336.5,249457.1875,249676.953125,249556.171875,249678.75,249924.34375,249751.703125,249868.828125,-0.51318359375,-0.00146484375,-0.8134765625,-0.7324218153953552,0.5798339247703552,0.3967284858226776,80.0,10199.0,1.0,O,M,O,0
250163.859375,250284.46875,250503.703125,250383.453125,250506.03125,250751.625,250578.625,250696.375,-0.51318359375,0.000732421875,-0.813720703125,-0.7019042372703552,0.5187987685203552,0.3356933295726776,80.0,10200.0,1.0,O,M,O,0
250377.375,250497.984375,250717.109375,250596.5,250719.796875,250965.484375,250791.859375,250909.78125,-0.510986328125,0.0009765625,-0.813232421875,-0.7019042372703552,0.4272460639476776,0.4577636420726776,80.0,10201.0,1.0,O,M,O,0
249601.046875,249721.921875,249941.0625,249820.0,249943.296875,250188.8125,250015.625,250133.015625,-0.512939453125,0.002685546875,-0.81591796875,-0.6713866591453552,0.5187987685203552,0.5187987685203552,80.0,10202.0,1.0,O,M,O,0
249310.390625,249431.53125,249650.671875,249529.796875,249652.8125,249898.234375,249725.328125,249842.265625,-0.512939453125,0.0009765625,-0.81396484375,-0.7019042372703552,0.5798339247703552,0.4272460639476776,80.0,10203.0,1.0,O,M,O,0
250073.296875,250194.171875,250413.40625,250292.4375,250415.453125,250661.234375,250488.234375,250605.625,-0.51220703125,-0.000732421875,-0.811767578125,-0.5798339247703552,0.4882812201976776,0.3662109076976776,80.0,10204.0,1.0,O,M,O,0
250480.640625,250601.6875,250821.0,250699.953125,250822.890625,251068.75,250895.65625,251013.328125,-0.515625,0.0,-0.812744140625,-0.7934569716453552,0.3967284858226776,0.5493163466453552,80.0,10205.0,1.0,O,M,O,0
249791.75,249912.8125,250132.21875,250011.34375,250134.265625,250379.875,250206.6875,250324.34375,-0.5146484375,0.001220703125,-0.8134765625,-0.7324218153953552,0.4272460639476776,0.5798339247703552,80.0,10206.0,1.0,O,M,O,0
249318.34375,249439.125,249658.8125,249537.75,249660.859375,249906.46875,249733.28125,249850.578125,-0.51416015625,0.000732421875,-0.81005859375,-0.6408690810203552,0.4577636420726776,0.3967284858226776,80.0,10207.0,1.0,O,M,O,0
249968.875,250089.65625,250309.0625,250188.1875,250311.203125,250556.890625,250383.53125,250501.015625,-0.51513671875,0.00146484375,-0.810791015625,-0.7324218153953552,0.4882812201976776,0.5187987685203552,80.0,10208.0,1.0,O,M,O,0
250548.84375,250669.1875,250888.6875,250767.625,250891.015625,251136.703125,250963.25,251081.09375,-0.516845703125,0.001953125,-0.81103515625,-0.7934569716453552,0.4577636420726776,0.4882812201976776,80.0,10209.0,1.0,O,M,O,0
249993.640625,250114.0625,250333.5625,250212.40625,250335.703125,250581.390625,250408.03125,250525.78125,-0.51513671875,0.0029296875,-0.810546875,-0.7934569716453552,0.4577636420726776,0.5187987685203552,80.0,10210.0,1.0,O,M,O,0
249363.140625,249483.75,249703.234375,249582.09375,249705.296875,249950.71875,249777.890625,249894.65625,-0.51513671875,0.00146484375,-0.809814453125,-0.7629393935203552,0.4577636420726776,0.4882812201976776,80.0,10211.0,1.0,O,M,O,0
249857.640625,249978.53125,250197.921875,250076.875,250200.171875,250445.3125,250272.40625,250389.703125,-0.513427734375,-0.000244140625,-0.8125,-0.7324218153953552,0.4272460639476776,0.3967284858226776,80.0,10212.0,1.0,O,M,O,0
250572.1875,250693.25,250913.0,250791.59375,250914.796875,251160.21875,250987.21875,251105.140625,-0.514404296875,0.000244140625,-0.813720703125,-0.7019042372703552,0.5187987685203552,0.4882812201976776,80.0,10213.0,1.0,O,M,O,0
250189.53125,250310.765625,250530.34375,250409.203125,250532.671875,250778.0,250604.90625,250722.484375,-0.513427734375,0.00146484375,-0.8095703125,-0.7324218153953552,0.4272460639476776,0.4577636420726776,80.0,10214.0,1.0,O,M,O,0
249448.078125,249569.484375,249788.625,249668.015625,249790.953125,250036.453125,249863.28125,249980.671875,-0.513916015625,0.001953125,-0.806396484375,-0.8544921278953552,0.4577636420726776,0.4577636420726776,80.0,10215.0,1.0,O,M,O,0
249758.5,249879.109375,250098.421875,249977.984375,250100.921875,250345.984375,250173.078125,250290.90625,-0.514892578125,0.000732421875,-0.812255859375,-0.7629393935203552,0.4272460639476776,0.4272460639476776,80.0,10216.0,1.0,O,M,O,0
250560.921875,250681.796875,250901.296875,250780.421875,250903.625,251149.046875,250975.59375,251093.515625,-0.5146484375,0.000244140625,-0.813232421875,-0.7019042372703552,0.5493163466453552,0.2746581733226776,80.0,10217.0,1.0,O,M,O,0
250377.015625,250497.890625,250717.390625,250596.421875,250719.078125,250965.40625,250791.5,250909.515625,-0.514892578125,0.0,-0.81298828125,-0.8239745497703552,0.3967284858226776,0.3967284858226776,80.0,10218.0,1.0,O,M,O,0
249572.078125,249692.59375,249912.09375,249791.578125,249914.234375,250159.65625,249986.75,250103.875,-0.51171875,-0.000244140625,-0.8076171875,-0.7934569716453552,0.4882812201976776,0.4272460639476776,80.0,10219.0,1.0,O,M,O,0
249677.40625,249797.921875,250017.140625,249896.8125,250019.5625,250264.984375,250092.078125,250209.375,-0.515380859375,0.00048828125,-0.809814453125,-0.6713866591453552,0.6103515028953552,0.4272460639476776,80.0,10220.0,1.0,O,M,O,0
250517.109375,250637.90625,250857.03125,250736.421875,250859.546875,251105.40625,250931.6875,251049.625,-0.515380859375,0.0,-0.811279296875,-0.6408690810203552,0.5798339247703552,0.3662109076976776,80.0,10221.0,1.0,O,M,O,0
250542.59375,250663.734375,250883.0625,250762.265625,250885.46875,251131.0625,250957.703125,251076.0,-0.51513671875,-0.0009765625,-0.816162109375,-0.6713866591453552,0.5798339247703552,0.3967284858226776,80.0,10222.0,1.0,O,M,O,0
249726.578125,249847.0,250066.671875,249945.890625,250068.828125,250314.34375,250140.984375,250259.078125,-0.51513671875,0.0009765625,-0.81396484375,-0.7324218153953552,0.4882812201976776,0.4577636420726776,80.0,10223.0,1.0,O,M,O,0
249614.546875,249734.984375,249955.015625,249834.046875,249956.796875,250202.3125,250029.21875,250146.875,-0.512451171875,0.001220703125,-0.8125,-0.8239745497703552,0.5187987685203552,0.4577636420726776,80.0,10224.0,1.0,O,M,O,0
250432.359375,250552.703125,250772.546875,250651.484375,250774.15625,251020.296875,250846.671875,250964.765625,-0.5126953125,0.000244140625,-0.81640625,-0.7019042372703552,0.5493163466453552,0.3662109076976776,80.0,10225.0,1.0,O,M,O,0
250664.546875,250784.703125,251004.734375,250883.328125,251006.171875,251252.75,251078.765625,251196.875,-0.513671875,0.001953125,-0.813232421875,-0.7629393935203552,0.3967284858226776,0.5187987685203552,80.0,10226.0,1.0,O,M,O,0
249892.0625,250012.3125,250232.171875,250111.03125,250233.953125,250480.015625,250306.375,250424.21875,-0.51416015625,0.001708984375,-0.81103515625,-0.7629393935203552,0.3051757514476776,0.4882812201976776,80.0,10227.0,1.0,O,M,O,0
249578.34375,249699.125,249918.359375,249797.125,249920.40625,250166.015625,249992.734375,250110.484375,-0.516357421875,-0.000732421875,-0.81103515625,-0.7019042372703552,0.4577636420726776,0.4882812201976776,80.0,10228.0,1.0,O,M,O,0
250329.453125,250450.59375,250669.90625,250548.5,250671.703125,250917.296875,250744.203125,250862.140625,-0.5146484375,-0.00146484375,-0.81591796875,-0.7019042372703552,0.4882812201976776,0.4577636420726776,80.0,10229.0,1.0,O,M,O,0
250759.40625,250880.28125,251099.78125,250978.265625,251101.5625,251347.25,251174.078125,251292.09375,-0.513916015625,-0.00146484375,-0.81005859375,-0.7629393935203552,0.3356933295726776,0.5187987685203552,80.0,10230.0,1.0,O,M,O,0
250081.34375,250202.21875,250421.265625,250300.75,250423.5,250669.1875,250496.09375,250613.671875,-0.516357421875,0.001708984375,-0.808837890625,-0.7324218153953552,0.3356933295726776,0.5493163466453552,80.0,10231.0,1.0,O,M,O,0
249582.8125,249703.859375,249923.1875,249802.75,249925.5,250170.578125,249997.84375,250115.40625,-0.513427734375,0.001708984375,-0.808349609375,-0.7019042372703552,0.4882812201976776,0.4882812201976776,80.0,10232.0,1.0,O,M,O,0
250213.390625,250334.28125,250553.953125,250432.625,250555.5625,250801.0625,250628.0625,250745.71875,-0.51318359375,0.000244140625,-0.809814453125,-0.7324218153953552,0.5187987685203552,0.4577636420726776,80.0,10233.0,1.0,O,M,O,0
250807.234375,250928.5625,251147.875,251026.828125,251149.578125,251395.09375,251222.265625,251340.1875,-0.513427734375,0.001708984375,-0.8095703125,-0.7934569716453552,0.4577636420726776,0.4272460639476776,80.0,10234.0,1.0,O,M,O,0
250270.703125,250391.859375,250610.984375,250490.296875,250612.953125,250858.375,250685.734375,250803.296875,-0.514404296875,0.002685546875,-0.812744140625,-0.7019042372703552,0.4882812201976776,0.4577636420726776,80.0,10235.0,1.0,O,M,O,0
249624.921875,249745.53125,249965.203125,249844.328125,249967.265625,250212.6875,250039.953125,250157.25,-0.515380859375,0.001708984375,-0.81103515625,-0.7934569716453552,0.5493163466453552,0.4272460639476776,80.0,10236.0,1.0,O,M,O,0
250097.25,250218.046875,250437.453125,250316.75,250439.328125,250685.203125,250512.28125,250629.59375,-0.513427734375,-0.001708984375,-0.809326171875,-0.7934569716453552,0.4882812201976776,0.3662109076976776,80.0,10237.0,1.0,O,M,O,0
250819.21875,250939.828125,251159.328125,251038.171875,251160.84375,251406.984375,251233.984375,251351.8125,-0.515869140625,0.000732421875,-0.811767578125,-0.7629393935203552,0.4577636420726776,0.4882812201976776,80.0,10238.0,1.0,O,M,O,0
250456.5,250576.828125,250796.78125,250675.265625,250798.203125,251044.171875,250871.078125,250988.734375,-0.5126953125,0.00341796875,-0.812744140625,-0.7629393935203552,0.4272460639476776,0.5187987685203552,80.0,10239.0,1.0,O,M,O,0
249704.21875,249824.828125,250044.5,249923.453125,250046.5625,250291.984375,250118.984375,250236.640625,-0.513671875,0.0029296875,-0.813232421875,-0.7629393935203552,0.3662109076976776,0.4882812201976776,80.0,10240.0,1.0,O,M,O,0
249990.5,250111.828125,250331.328125,250210.171875,250333.296875,250578.53125,250405.625,250523.1875,-0.512939453125,0.00146484375,-0.81103515625,-0.7629393935203552,0.5187987685203552,0.4577636420726776,80.0,10241.0,1.0,O,M,O,0
250797.40625,250918.8125,251138.21875,251016.984375,251140.09375,251385.703125,251212.4375,251330.09375,-0.51220703125,-0.00146484375,-0.810546875,-0.8239745497703552,0.4272460639476776,0.3967284858226776,80.0,10242.0,1.0,O,M,O,0
250633.515625,250754.671875,250974.421875,250853.109375,250976.125,251221.8125,251048.28125,251166.46875,-0.51171875,0.000732421875,-0.8134765625,-0.7629393935203552,0.4272460639476776,0.4272460639476776,80.0,10243.0,1.0,O,M,O,0
249824.828125,249945.53125,250165.109375,250044.0625,250167.078125,250412.5,250239.328125,250357.078125,-0.511962890625,-0.00048828125,-0.8115234375,-0.7629393935203552,0.4272460639476776,0.4577636420726776,80.0,10244.0,1.0,O,M,O,0
249908.078125,250028.953125,250248.625,250127.390625,250250.765625,250495.828125,250323.09375,250440.671875,-0.5126953125,0.000732421875,-0.80859375,-0.6408690810203552,0.5187987685203552,0.5187987685203552,80.0,10245.0,1.0,O,M,O,0
250743.046875,250863.921875,251083.5,250962.359375,251085.734375,251331.34375,251157.984375,251275.734375,-0.513671875,0.001953125,-0.810302734375,-0.6713866591453552,0.5493163466453552,0.4272460639476776,80.0,10246.0,1.0,O,M,O,0
250787.390625,250907.90625,251127.671875,251006.796875,251130.09375,251375.421875,251202.0625,251320.171875,-0.5146484375,0.001708984375,-0.808349609375,-0.7629393935203552,0.4882812201976776,0.4272460639476776,80.0,10247.0,1.0,O,M,O,0
249973.078125,250094.125,250313.625,250192.921875,250315.953125,250561.09375,250388.09375,250505.75,-0.5146484375,0.0,-0.810302734375,-0.8239745497703552,0.5187987685203552,0.5187987685203552,80.0,10248.0,1.0,O,M,O,0
249840.921875,249961.890625,250181.203125,250060.59375,250183.265625,250428.515625,250255.78125,250373.53125,-0.5146484375,0.000244140625,-0.813720703125,-0.7934569716453552,0.4272460639476776,0.4882812201976776,80.0,10249.0,1.0,O,M,O,0
250653.8125,250775.140625,250994.09375,250873.3125,250996.0625,251241.75,251069.015625,251186.859375,-0.512939453125,0.0029296875,-0.812744140625,-0.7324218153953552,0.4882812201976776,0.5187987685203552,80.0,10250.0,1.0,O,M,O,0
250902.359375,251023.15625,251242.46875,251121.859375,251244.34375,251490.3125,251317.03125,251435.140625,-0.51318359375,0.0029296875,-0.80908203125,-0.7019042372703552,0.4882812201976776,0.4577636420726776,80.0,10251.0,1.0,O,F,O,0
250131.140625,250251.84375,250471.6875,250350.8125,250473.65625,250719.34375,250545.90625,250663.828125,-0.511962890625,0.0009765625,-0.811279296875,-0.6713866591453552,0.4272460639476776,0.4882812201976776,80.0,10252.0,1.0,O,F,O,0
249793.546875,249914.328125,250133.828125,250013.390625,250135.609375,250381.484375,250208.390625,250326.046875,-0.514892578125,0.00048828125,-0.810302734375,-0.6713866591453552,0.4272460639476776,0.4882812201976776,80.0,10253.0,1.0,O,F,O,0
250525.609375,250646.65625,250866.0625,250745.375,250867.671875,251113.90625,250940.28125,251058.5625,-0.515869140625,0.001953125,-0.814453125,-0.7324218153953552,0.4272460639476776,0.3356933295726776,80.0,10254.0,1.0,O,F,O,0
250969.875,251091.109375,251310.328125,251189.8125,251312.125,251558.25,251384.8125,251503.0,-0.51318359375,-0.000732421875,-0.8115234375,-0.7934569716453552,0.4577636420726776,0.3967284858226776,80.0,10255.0,1.0,O,F,O,0
250313.984375,250435.03125,250654.53125,250533.5625,250656.046875,250901.828125,250729.0,250846.578125,-0.51513671875,-0.000732421875,-0.813720703125,-0.8239745497703552,0.5187987685203552,0.5187987685203552,80.0,10256.0,1.0,O,F,O,0
249814.8125,249935.78125,250155.28125,250034.21875,250157.0625,250402.9375,250229.671875,250347.234375,-0.51416015625,-0.00048828125,-0.814208984375,-0.7019042372703552,0.4272460639476776,0.5187987685203552,80.0,10257.0,1.0,O,F,O,0
250441.109375,250562.53125,250781.75,250660.96875,250783.71875,251029.59375,250856.40625,250973.796875,-0.512939453125,0.00146484375,-0.812744140625,-0.7934569716453552,0.5187987685203552,0.4882812201976776,80.0,10258.0,1.0,O,F,O,0
251054.0,251175.59375,251394.734375,251274.203125,251396.25,251643.015625,251469.296875,251587.5,-0.51171875,0.000244140625,-0.810791015625,-0.6713866591453552,0.4577636420726776,0.3356933295726776,80.0,10259.0,1.0,O,F,O,0
250539.828125,250661.0625,250880.109375,250759.671875,250881.890625,251127.9375,250954.578125,251072.953125,-0.513916015625,0.000732421875,-0.81201171875,-0.6713866591453552,0.4577636420726776,0.3967284858226776,80.0,10260.0,1.0,O,F,O,0
249889.03125,250009.8125,250228.953125,250108.34375,250230.828125,250476.703125,250303.34375,250421.53125,-0.513916015625,-0.001220703125,-0.80859375,-0.6713866591453552,0.4882812201976776,0.3356933295726776,80.0,10261.0,1.0,O,F,O,0
250347.953125,250469.015625,250688.234375,250567.359375,250689.9375,250936.15625,250762.796875,250880.734375,-0.513916015625,-0.000244140625,-0.81103515625,-0.7324218153953552,0.5493163466453552,0.3967284858226776,80.0,10262.0,1.0,O,F,O,0
251082.34375,251203.671875,251422.8125,251302.015625,251424.59375,251670.546875,251497.453125,251615.65625,-0.513671875,0.000732421875,-0.8076171875,-0.7324218153953552,0.5798339247703552,0.5187987685203552,80.0,10263.0,1.0,O,F,O,0
250742.421875,250863.75,251083.234375,250962.453125,251084.9375,251330.71875,251157.625,251275.546875,-0.515380859375,0.001708984375,-0.808837890625,-0.7019042372703552,0.5493163466453552,0.4882812201976776,80.0,10264.0,1.0,O,F,O,0
249990.5,250111.65625,250330.96875,250210.171875,250332.84375,250578.625,250405.359375,250523.015625,-0.513916015625,0.001953125,-0.809326171875,-0.6408690810203552,0.5187987685203552,0.6103515028953552,80.0,10265.0,1.0,O,F,O,0
250260.421875,250381.21875,250600.703125,250480.015625,250602.671875,250848.359375,250675.1875,250792.9375,-0.51318359375,0.00048828125,-0.810546875,-0.6408690810203552,0.3967284858226776,0.5493163466453552,80.0,10266.0,1.0,O,F,O,0
251071.4375,251192.21875,251411.890625,251291.109375,251413.59375,251659.828125,251486.109375,251604.484375,-0.51416015625,0.00146484375,-0.81103515625,-0.7019042372703552,0.4272460639476776,0.5493163466453552,80.0,10267.0,1.0,O,F,O,0
250925.515625,251046.21875,251265.984375,251144.921875,251267.5,251513.640625,251340.375,251458.5625,-0.514404296875,-0.001953125,-0.8125,-0.6713866591453552,0.4577636420726776,0.4882812201976776,80.0,10268.0,1.0,O,F,O,0
250115.234375,250236.015625,250455.6875,250334.546875,250457.203125,250703.078125,250530.078125,250647.5625,-0.513671875,-0.0009765625,-0.814208984375,-0.7934569716453552,0.4272460639476776,0.4882812201976776,80.0,10269.0,1.0,O,F,O,0
250179.421875,250300.484375,250519.96875,250398.46875,250521.140625,250767.453125,250594.09375,250711.75,-0.5126953125,0.000732421875,-0.813232421875,-0.7934569716453552,0.4272460639476776,0.4577636420726776,80.0,10270.0,1.0,O,F,O,0
251015.734375,251136.875,251356.375,251235.046875,251357.71875,251604.03125,251430.578125,251548.6875,-0.514892578125,0.00146484375,-0.813720703125,-0.7019042372703552,0.3967284858226776,0.4882812201976776,80.0,10271.0,1.0,O,F,O,0
251076.53125,251197.40625,251417.0,251295.75,251418.609375,251664.46875,251491.375,251609.390625,-0.513427734375,0.002197265625,-0.810791015625,-0.7324218153953552,0.5187987685203552,0.4577636420726776,80.0,10272.0,1.0,O,F,O,0
250266.953125,250387.828125,250607.328125,250486.453125,250608.75,250854.625,250681.703125,250799.453125,-0.513427734375,0.000732421875,-0.81005859375,-0.7019042372703552,0.5187987685203552,0.3356933295726776,80.0,10273.0,1.0,O,F,O,0
250121.21875,250242.09375,250461.5,250340.890625,250463.28125,250709.0625,250535.890625,250653.71875,-0.5126953125,0.002685546875,-0.8115234375,-0.7934569716453552,0.4272460639476776,0.4272460639476776,80.0,10274.0,1.0,O,F,O,0
250931.78125,251052.84375,251272.15625,251151.28125,251273.859375,251520.078125,251346.546875,251464.828125,-0.5146484375,0.0009765625,-0.810302734375,-0.7934569716453552,0.4272460639476776,0.4882812201976776,80.0,10275.0,1.0,O,F,O,0
251202.6875,251323.390625,251542.96875,251421.734375,251544.390625,251790.625,251617.171875,251735.8125,-0.513427734375,0.000244140625,-0.814697265625,-0.7324218153953552,0.4272460639476776,0.4577636420726776,80.0,10276.0,1.0,O,F,O,0
250448.984375,250569.859375,250788.734375,250667.859375,250790.515625,251036.390625,250863.390625,250981.40625,-0.511474609375,0.000244140625,-0.81103515625,-0.7629393935203552,0.3967284858226776,0.3967284858226776,80.0,10277.0,1.0,O,F,O,0
250102.984375,250224.125,250443.0,250322.109375,250445.046875,250690.375,250517.734375,250635.390625,-0.512939453125,0.00146484375,-0.81005859375,-0.7019042372703552,0.4272460639476776,0.4577636420726776,80.0,10278.0,1.0,O,F,O,0
250833.875,250955.390625,251174.515625,251053.640625,251176.125,251422.0,251249.09375,251367.109375,-0.51416015625,0.001953125,-0.811767578125,-0.6713866591453552,0.4577636420726776,0.4577636420726776,80.0,10279.0,1.0,O,F,O,0
251293.703125,251415.296875,251634.4375,251513.734375,251635.859375,251881.8125,251708.734375,251827.28125,-0.513671875,0.00244140625,-0.811767578125,-0.7019042372703552,0.3967284858226776,0.4272460639476776,80.0,10280.0,1.0,O,F,O,0
250642.734375,250763.609375,250982.5625,250861.953125,250984.078125,251230.125,251057.046875,251175.140625,-0.513916015625,0.0009765625,-0.814208984375,-0.7019042372703552,0.4577636420726776,0.4577636420726776,80.0,10281.0,1.0,O,F,O,0
250120.140625,250240.84375,250459.984375,250339.375,250461.859375,250707.546875,250534.8125,250652.109375,-0.513916015625,0.001953125,-0.8125,-0.6103515028953552,0.3356933295726776,0.4272460639476776,80.0,10282.0,1.0,O,F,O,0
250721.671875,250842.90625,251062.578125,250941.53125,251063.828125,251309.703125,251136.53125,251254.453125,-0.5126953125,0.002197265625,-0.8125,-0.6713866591453552,0.4577636420726776,0.4882812201976776,80.0,10283.0,1.0,O,F,O,0
251341.171875,251462.6875,251682.359375,251560.84375,251683.609375,251929.46875,251756.296875,251874.578125,-0.513671875,0.001220703125,-0.810546875,-0.7324218153953552,0.4272460639476776,0.4882812201976776,80.0,10284.0,1.0,O,F,O,0
250840.140625,250961.28125,251180.515625,251059.546875,251182.03125,251427.984375,251255.34375,251372.921875,-0.513916015625,0.003173828125,-0.8115234375,-0.7629393935203552,0.4882812201976776,0.5187987685203552,80.0,10285.0,1.0,O,F,O,0
250176.46875,250297.34375,250516.84375,250395.875,250518.28125,250764.234375,250591.140625,250708.890625,-0.515625,0.0009765625,-0.8134765625,-0.7934569716453552,0.3967284858226776,0.4882812201976776,80.0,10286.0,1.0,O,F,O,0
250612.15625,250733.03125,250952.703125,250831.375,250954.046875,251200.0,251026.828125,251144.65625,-0.514892578125,0.001220703125,-0.810791015625,-0.7934569716453552,0.4272460639476776,0.5493163466453552,80.0,10287.0,1.0,O,F,O,0
251351.640625,251472.515625,251691.921875,251570.765625,251693.53125,251939.578125,251766.578125,251884.328125,-0.51416015625,0.001220703125,-0.809326171875,-0.7934569716453552,0.4577636420726776,0.5493163466453552,80.0,10288.0,1.0,O,F,O,0
251025.484375,251146.359375,251366.296875,251245.0625,251367.546875,251614.140625,251440.234375,251558.53125,-0.51611328125,0.000732421875,-0.811279296875,-0.7324218153953552,0.4882812201976776,0.4272460639476776,80.0,10289.0,1.0,O,F,O,0
250262.75,250383.890625,250603.65625,250482.6875,250604.734375,250851.3125,250677.859375,250795.4375,-0.514404296875,-0.00048828125,-0.81298828125,-0.7019042372703552,0.4577636420726776,0.3967284858226776,80.0,10290.0,1.0,O,F,O,0
250504.6875,250625.5625,250845.0625,250723.828125,250846.3125,251092.625,250919.265625,251037.015625,-0.513427734375,0.000244140625,-0.81298828125,-0.6713866591453552,0.3967284858226776,0.4272460639476776,80.0,10291.0,1.0,O,F,O,0
251312.46875,251433.359375,251652.765625,251531.609375,251654.1875,251900.5,251727.328125,251845.15625,-0.511962890625,0.000244140625,-0.809814453125,-0.7324218153953552,0.3356933295726776,0.4272460639476776,80.0,10292.0,1.0,O,F,O,0
251188.296875,251309.171875,251528.3125,251407.421875,251530.09375,251776.140625,251603.140625,251720.796875,-0.514404296875,0.001708984375,-0.8095703125,-0.7324218153953552,0.4272460639476776,0.3967284858226776,80.0,10293.0,1.0,O,F,O,0
250376.75,250497.796875,250716.84375,250596.234375,250718.546875,250964.59375,250791.5,250909.078125,-0.513671875,0.002197265625,-0.811767578125,-0.7324218153953552,0.4272460639476776,0.3967284858226776,80.0,10294.0,1.0,O,F,O,0
250412.6875,250534.1875,250753.0625,250632.359375,250754.75,251000.53125,250827.796875,250945.453125,-0.513916015625,0.0029296875,-0.80908203125,-0.7019042372703552,0.5187987685203552,0.4882812201976776,80.0,10295.0,1.0,O,F,O,0
251244.265625,251365.40625,251584.625,251463.75,251586.421875,251832.203125,251659.203125,251777.125,-0.51416015625,0.00244140625,-0.813232421875,-0.7324218153953552,0.4882812201976776,0.4272460639476776,80.0,10296.0,1.0,O,F,O,0
251332.234375,251453.375,251672.703125,251551.734375,251674.3125,251920.53125,251747.265625,251865.1875,-0.5146484375,0.0029296875,-0.8134765625,-0.7019042372703552,0.6103515028953552,0.3967284858226776,80.0,10297.0,1.0,O,F,O,0
250529.359375,250650.328125,250869.546875,250748.859375,250871.34375,251117.296875,250944.296875,251061.59375,-0.51416015625,0.000244140625,-0.812744140625,-0.6713866591453552,0.4882812201976776,0.3967284858226776,80.0,10298.0,1.0,O,F,O,0
250358.140625,250479.03125,250698.34375,250577.28125,250699.953125,250945.90625,250772.640625,250890.5625,-0.513671875,0.0009765625,-0.813720703125,-0.7629393935203552,0.4272460639476776,0.4577636420726776,80.0,10299.0,1.0,O,F,O,0
251158.421875,251279.578125,251498.71875,251377.46875,251500.046875,251746.1875,251572.921875,251691.109375,-0.51708984375,0.000732421875,-0.81201171875,-0.7629393935203552,0.3967284858226776,0.3967284858226776,80.0,10300.0,1.0,O,F,O,0
251449.890625,251571.046875,251790.265625,251669.125,251791.34375,252037.921875,251864.5625,251982.765625,-0.515869140625,-0.0009765625,-0.81298828125,-0.7324218153953552,0.5187987685203552,0.5187987685203552,80.0,10301.0,1.0,O,F,O,0
250707.109375,250828.0625,251047.46875,250926.5,251049.078125,251295.21875,251122.3125,251239.78125,-0.51416015625,-0.000244140625,-0.81396484375,-0.7629393935203552,0.4882812201976776,0.3967284858226776,80.0,10302.0,1.0,O,F,O,0
250340.359375,250461.046875,250680.546875,250559.671875,250682.25,250927.84375,250755.203125,250872.6875,-0.513427734375,0.001220703125,-0.812744140625,-0.8239745497703552,0.4272460639476776,0.5187987685203552,80.0,10303.0,1.0,O,F,O,0
251056.140625,251177.109375,251396.25,251275.28125,251397.765625,251643.734375,251470.8125,251588.65625,-0.51318359375,0.000732421875,-0.815185546875,-0.7629393935203552,0.3967284858226776,0.4882812201976776,80.0,10304.0,1.0,O,F,O,0
251534.5625,251655.4375,251874.484375,251753.796875,251876.28125,252122.234375,251949.234375,252067.421875,-0.5126953125,0.00146484375,-0.811279296875,-0.7019042372703552,0.3356933295726776,0.4882812201976776,80.0,10305.0,1.0,O,F,O,0
250900.671875,251021.546875,251240.59375,251119.984375,251242.109375,251488.34375,251315.15625,251433.0,-0.51416015625,0.002197265625,-0.810302734375,-0.7324218153953552,0.4272460639476776,0.4882812201976776,80.0,10306.0,1.0,O,F,O,0
250362.265625,250483.140625,250702.625,250581.484375,250704.0625,250949.84375,250776.84375,250894.234375,-0.514892578125,0.001220703125,-0.811767578125,-0.7324218153953552,0.4577636420726776,0.3662109076976776,80.0,10307.0,1.0,O,F,O,0
250949.484375,251070.71875,251289.953125,251168.4375,251291.28125,251537.609375,251364.421875,251482.0,-0.511474609375,0.0009765625,-0.812255859375,-0.6713866591453552,0.5187987685203552,0.3662109076976776,80.0,10308.0,1.0,O,F,O,0
251585.53125,251706.84375,251925.8125,251804.75,251927.234375,252173.640625,252000.375,252118.484375,-0.51220703125,0.001220703125,-0.812255859375,-0.5798339247703552,0.4882812201976776,0.3662109076976776,80.0,10309.0,1.0,O,F,O,0
251106.125,251227.625,251446.234375,251325.625,251448.015625,251694.328125,251521.15625,251638.90625,-0.514892578125,0.00048828125,-0.8095703125,-0.6408690810203552,0.5187987685203552,0.3967284858226776,80.0,10310.0,1.0,O,F,O,0
250431.90625,250553.328125,250772.1875,250651.40625,250773.984375,251020.296875,250847.109375,250964.765625,-0.51513671875,0.000732421875,-0.814208984375,-0.6103515028953552,0.4272460639476776,0.4577636420726776,80.0,10311.0,1.0,O,F,O,0
250850.6875,250972.015625,251190.703125,251069.828125,251192.578125,251438.890625,251265.453125,251383.203125,-0.514404296875,0.0009765625,-0.81298828125,-0.6103515028953552,0.4577636420726776,0.4577636420726776,80.0,10312.0,1.0,O,F,O,0
251603.140625,251724.28125,251943.421875,251822.625,251945.390625,252191.4375,252017.984375,252136.0,-0.515380859375,0.00146484375,-0.811767578125,-0.7629393935203552,0.5187987685203552,0.4882812201976776,80.0,10313.0,1.0,O,F,O,0
251304.25,251425.484375,251644.625,251523.390625,251646.046875,251892.546875,251719.015625,251837.03125,-0.5146484375,-0.000244140625,-0.8115234375,-0.7629393935203552,0.5187987685203552,0.5187987685203552,80.0,10314.0,1.0,O,F,O,0
250539.734375,250661.234375,250880.109375,250759.140625,250881.71875,251127.765625,250954.765625,251072.328125,-0.513671875,0.0009765625,-0.808349609375,-0.6713866591453552,0.4882812201976776,0.4272460639476776,80.0,10315.0,1.0,O,F,O,0
250762.71875,250883.953125,251103.359375,250982.296875,251104.6875,251350.5625,251177.734375,251295.21875,-0.51416015625,0.001953125,-0.811767578125,-0.7934569716453552,0.3967284858226776,0.4577636420726776,80.0,10316.0,1.0,O,F,O,0
251581.234375,251702.296875,251921.609375,251800.734375,251923.03125,252169.171875,251995.90625,252114.09375,-0.51318359375,0.0009765625,-0.810302734375,-0.7629393935203552,0.3967284858226776,0.4577636420726776,80.0,10317.0,1.0,O,F,O,0
251484.3125,251605.015625,251824.234375,251703.71875,251826.03125,252071.90625,251898.8125,252016.640625,-0.515380859375,0.00048828125,-0.81103515625,-0.7324218153953552,0.4577636420726776,0.4272460639476776,80.0,10318.0,1.0,O,F,O,0
250674.296875,250794.984375,251014.21875,250893.78125,251016.0,251262.046875,251088.875,251206.53125,-0.51708984375,0.001220703125,-0.81396484375,-0.7019042372703552,0.5493163466453552,0.4882812201976776,80.0,10319.0,1.0,O,F,O,0
250688.328125,250809.296875,251028.515625,250907.46875,251030.046875,251276.265625,251102.90625,251220.65625,-0.513916015625,0.001220703125,-0.81298828125,-0.6713866591453552,0.4882812201976776,0.4882812201976776,80.0,10320.0,1.0,O,F,O,0
251512.921875,251634.078125,251853.125,251732.328125,251854.90625,252101.578125,251927.953125,252045.796875,-0.513671875,0.001953125,-0.808837890625,-0.6713866591453552,0.4577636420726776,0.4272460639476776,80.0,10321.0,1.0,O,F,O,0
251614.578125,251736.0,251955.046875,251833.890625,251956.75,252203.0625,252029.609375,252147.453125,-0.514404296875,0.00146484375,-0.80859375,-0.7324218153953552,0.4272460639476776,0.4272460639476776,80.0,10322.0,1.0,O,F,O,0
250812.328125,250933.75,251152.53125,251031.65625,251154.3125,251400.1875,251227.265625,251344.84375,-0.514892578125,0.00146484375,-0.811767578125,-0.7019042372703552,0.4272460639476776,0.4882812201976776,80.0,10323.0,1.0,O,F,O,0
250617.15625,250738.65625,250957.625,250836.734375,250959.5,251205.1875,251031.921875,251149.84375,-0.51318359375,0.001953125,-0.81298828125,-0.7019042372703552,0.5493163466453552,0.4882812201976776,80.0,10324.0,1.0,O,F,O,0
251408.5,251530.453125,251749.234375,251628.0,251750.921875,251996.890625,251823.34375,251941.640625,-0.5146484375,0.00048828125,-0.811767578125,-0.7629393935203552,0.4577636420726776,0.5187987685203552,80.0,10325.0,1.0,O,F,O,0
251721.609375,251843.28125,252062.25,251940.921875,252063.5,252309.984375,252136.453125,252254.921875,-0.515625,0.001220703125,-0.812744140625,-0.7019042372703552,0.3967284858226776,0.4882812201976776,80.0,10326.0,1.0,O,F,O,0
250992.484375,251114.078125,251332.953125,251211.796875,251334.46875,251580.421875,251407.15625,251525.265625,-0.514404296875,-0.000732421875,-0.814697265625,-0.6713866591453552,0.4577636420726776,0.5187987685203552,80.0,10327.0,1.0,O,F,O,0
250612.15625,250733.75,250952.25,250831.90625,250954.578125,251200.09375,251027.09375,251144.84375,-0.5146484375,-0.000732421875,-0.811767578125,-0.8239745497703552,0.5187987685203552,0.4577636420726776,80.0,10328.0,1.0,O,F,O,0
251319.625,251441.046875,251660.0,251539.390625,251661.96875,251907.84375,251734.65625,251852.578125,-0.514892578125,0.0009765625,-0.811767578125,-0.6713866591453552,0.4882812201976776,0.5187987685203552,80.0,10329.0,1.0,O,F,O,0
251818.25,251939.578125,252158.890625,252037.921875,252160.40625,252406.453125,252233.015625,252351.5625,-0.514892578125,0.001708984375,-0.811767578125,-0.7324218153953552,0.4577636420726776,0.3967284858226776,80.0,10330.0,1.0,O,F,O,0
251199.828125,251320.875,251540.203125,251419.3125,251541.890625,251788.125,251614.765625,251733.140625,-0.513671875,0.00048828125,-0.810791015625,-0.6408690810203552,0.4882812201976776,0.4272460639476776,80.0,10331.0,1.0,O,F,O,0
250645.859375,250767.1875,250986.5,250865.53125,250988.015625,251233.625,251060.890625,251178.71875,-0.513671875,-0.0009765625,-0.81103515625,-0.6408690810203552,0.5798339247703552,0.3356933295726776,80.0,10332.0,1.0,O,F,O,0
251216.546875,251338.046875,251557.09375,251435.953125,251558.703125,251804.296875,251631.390625,251749.40625,-0.5146484375,0.0,-0.81201171875,-0.7324218153953552,0.5493163466453552,0.3967284858226776,80.0,10333.0,1.0,O,F,O,0
251869.390625,251990.71875,252209.40625,252088.625,252211.109375,252456.96875,252283.96875,252402.53125,-0.514404296875,0.001220703125,-0.81298828125,-0.6408690810203552,0.4882812201976776,0.4577636420726776,80.0,10334.0,1.0,O,F,O,0
251409.75,251530.890625,251750.296875,251628.984375,251751.546875,251997.0625,251824.6875,251942.4375,-0.513427734375,0.001953125,-0.812255859375,-0.7324218153953552,0.4882812201976776,0.4272460639476776,80.0,10335.0,1.0,O,F,O,0
250722.84375,250844.34375,251063.65625,250942.25,251065.0,251310.78125,251137.59375,251255.703125,-0.514404296875,0.00146484375,-0.8115234375,-0.7324218153953552,0.5798339247703552,0.4272460639476776,80.0,10336.0,1.0,O,F,O,0
251119.890625,251241.390625,251460.4375,251339.484375,251461.96875,251708.015625,251535.015625,251653.109375,-0.51513671875,0.00146484375,-0.812255859375,-0.7629393935203552,0.3967284858226776,0.3967284858226776,80.0,10337.0,1.0,O,F,O,0
251882.53125,252003.6875,252223.0,252101.765625,252224.421875,252470.46875,252297.65625,252415.765625,-0.512939453125,0.001708984375,-0.81298828125,-0.7629393935203552,0.4577636420726776,0.5493163466453552,80.0,10338.0,1.0,O,F,O,0
251605.546875,251726.96875,251946.015625,251825.046875,251947.625,252193.5,252020.578125,252138.78125,-0.51318359375,0.001220703125,-0.811279296875,-0.7019042372703552,0.4272460639476776,0.5187987685203552,80.0,10339.0,1.0,O,F,O,0
250831.28125,250952.34375,251171.65625,251050.6875,251172.90625,251418.875,251246.140625,251364.15625,-0.51416015625,0.00146484375,-0.8115234375,-0.6713866591453552,0.3662109076976776,0.4577636420726776,80.0,10340.0,1.0,O,F,O,0
251032.359375,251153.78125,251373.1875,251251.953125,251374.171875,251620.21875,251447.484375,251565.59375,-0.51513671875,0.00244140625,-0.8125,-0.7629393935203552,0.3662109076976776,0.4272460639476776,80.0,10341.0,1.0,O,F,O,0
251851.328125,251972.921875,252191.53125,252070.734375,252193.3125,252439.546875,252266.1875,252384.640625,-0.513916015625,0.001953125,-0.81103515625,-0.7019042372703552,0.3356933295726776,0.3356933295726776,80.0,10342.0,1.0,O,F,O,0
251771.84375,251893.4375,252112.3125,251991.25,252113.65625,252359.796875,252186.703125,252305.34375,-0.51416015625,-0.0009765625,-0.81005859375,-0.7629393935203552,0.4272460639476776,0.3967284858226776,80.0,10343.0,1.0,O,F,O,0
250958.6875,251079.65625,251298.890625,251177.828125,251300.140625,251546.1875,251373.359375,251491.375,-0.51416015625,-0.000244140625,-0.814697265625,-0.6103515028953552,0.4577636420726776,0.3967284858226776,80.0,10344.0,1.0,O,F,O,0
250954.140625,251075.1875,251294.5,251173.1875,251296.109375,251541.71875,251368.984375,251486.8125,-0.514404296875,-0.000244140625,-0.81396484375,-0.6713866591453552,0.4577636420726776,0.3967284858226776,80.0,10345.0,1.0,O,F,O,0
251789.015625,251909.890625,252129.484375,252008.328125,252130.90625,252377.140625,252203.59375,252322.15625,-0.513916015625,0.0009765625,-0.8125,-0.6713866591453552,0.4577636420726776,0.3662109076976776,80.0,10346.0,1.0,O,F,O,0
251925.0,252045.96875,252265.46875,252144.671875,252266.984375,252513.125,252339.671875,252458.140625,-0.51513671875,0.0,-0.8115234375,-0.6713866591453552,0.4577636420726776,0.4272460639476776,80.0,10347.0,1.0,O,F,O,0
251137.5,251258.5625,251477.875,251357.265625,251479.84375,251725.453125,251552.71875,251670.46875,-0.513427734375,0.001708984375,-0.812255859375,-0.7324218153953552,0.4272460639476776,0.3662109076976776,80.0,10348.0,1.0,O,F,O,0
250930.34375,251051.59375,251270.8125,251150.46875,251272.875,251518.65625,251345.734375,251463.390625,-0.51220703125,0.0,-0.81103515625,-0.6713866591453552,0.4882812201976776,0.4882812201976776,80.0,10349.0,1.0,O,F,O,0
251722.765625,251844.359375,252063.5,251942.96875,252065.1875,252311.421875,252137.875,252256.171875,-0.513671875,0.000732421875,-0.81201171875,-0.7629393935203552,0.5187987685203552,0.5187987685203552,80.0,10350.0,1.0,O,F,O,0
252058.75,252180.53125,252399.390625,252278.703125,252401.09375,252647.140625,252473.96875,252592.25,-0.514404296875,0.000732421875,-0.811279296875,-0.7934569716453552,0.4272460639476776,0.4577636420726776,80.0,10351.0,1.0,O,F,O,0
251336.96875,251458.296875,251677.609375,251556.640625,251679.21875,251925.546875,251752.0,251870.015625,-0.51123046875,-0.000244140625,-0.811767578125,-0.8544921278953552,0.3967284858226776,0.4882812201976776,80.0,10352.0,1.0,O,F,O,0
250934.203125,251055.15625,251274.484375,251153.25,251276.359375,251522.21875,251348.859375,251466.796875,-0.514404296875,0.00048828125,-0.812255859375,-0.7629393935203552,0.3967284858226776,0.3662109076976776,80.0,10353.0,1.0,O,F,O,0
251625.484375,251746.453125,251966.046875,251844.71875,251968.015625,252213.78125,252040.421875,252158.453125,-0.513671875,0.0009765625,-0.811279296875,-0.7629393935203552,0.4272460639476776,0.3662109076976776,80.0,10354.0,1.0,O,F,O,0
252134.484375,252255.90625,252475.03125,252354.15625,252477.09375,252723.140625,252549.328125,252668.0625,-0.512451171875,0.001220703125,-0.811767578125,-0.8239745497703552,0.4272460639476776,0.3967284858226776,80.0,10355.0,1.0,O,F,O,0
251525.796875,251646.953125,251866.265625,251745.5625,251867.78125,252113.828125,251940.734375,252058.9375,-0.51123046875,0.000244140625,-0.807861328125,-0.7629393935203552,0.4577636420726776,0.4272460639476776,80.0,10356.0,1.0,O,F,O,0
250961.109375,251082.171875,251301.5625,251180.515625,251303.0,251549.046875,251376.3125,251493.796875,-0.5126953125,-0.000244140625,-0.81005859375,-0.6713866591453552,0.5187987685203552,0.3662109076976776,80.0,10357.0,1.0,O,F,O,0
251527.328125,251648.734375,251867.875,251746.640625,251869.21875,252115.890625,251942.265625,252060.28125,-0.514404296875,-0.000244140625,-0.81005859375,-0.6408690810203552,0.5187987685203552,0.3051757514476776,80.0,10358.0,1.0,O,F,O,0
252193.5,252315.09375,252534.3125,252413.4375,252535.65625,252782.234375,252608.78125,252727.25,-0.51318359375,-0.000244140625,-0.810302734375,-0.7934569716453552,0.4577636420726776,0.4882812201976776,80.0,10359.0,1.0,O,F,O,0
251743.0625,251864.65625,252083.96875,251962.90625,252085.125,252331.8125,252158.453125,252276.46875,-0.512939453125,-0.0009765625,-0.810302734375,-0.7324218153953552,0.3662109076976776,0.3662109076976776,80.0,10360.0,1.0,O,F,O,0
251042.375,251163.96875,251383.203125,251262.40625,251384.71875,251631.03125,251457.9375,251575.421875,-0.51171875,-0.000244140625,-0.808349609375,-0.6713866591453552,0.4577636420726776,0.4577636420726776,80.0,10361.0,1.0,O,F,O,0
251421.640625,251543.0625,251762.375,251641.578125,251763.890625,252010.125,251837.109375,251954.78125,-0.513671875,-0.0009765625,-0.8134765625,-0.6713866591453552,0.4577636420726776,0.4577636420726776,80.0,10362.0,1.0,O,F,O,0
252186.078125,252307.484375,252526.53125,252405.484375,252528.046875,252774.28125,252601.09375,252719.203125,-0.515625,0.001220703125,-0.814208984375,-0.6408690810203552,0.3967284858226776,0.4272460639476776,80.0,10363.0,1.0,O,F,O,0
251915.703125,252037.203125,252256.34375,252135.28125,252258.140625,252504.0,252330.546875,252449.109375,-0.513671875,0.001953125,-0.81298828125,-0.7019042372703552,0.3967284858226776,0.4577636420726776,80.0,10364.0,1.0,O,F,O,0
251128.75,251250.078125,251469.5625,251348.421875,251471.359375,251717.125,251543.953125,251662.140625,-0.514404296875,0.00244140625,-0.811767578125,-0.7324218153953552,0.4272460639476776,0.4577636420726776,80.0,10365.0,1.0,O,F,O,0
251310.15625,251431.203125,251650.875,251529.640625,251652.140625,251898.09375,251725.09375,251843.109375,-0.512451171875,0.000244140625,-0.81201171875,-0.7019042372703552,0.4577636420726776,0.4577636420726776,80.0,10366.0,1.0,O,F,O,0
252130.28125,252251.609375,252471.015625,252350.046875,252472.625,252718.578125,252545.3125,252663.5,-0.51513671875,0.000244140625,-0.81005859375,-0.7324218153953552,0.4272460639476776,0.4577636420726776,80.0,10367.0,1.0,O,F,O,0
252071.984375,252193.140625,252412.453125,252291.390625,252414.328125,252660.375,252486.921875,252605.296875,-0.5146484375,0.0009765625,-0.810302734375,-0.7324218153953552,0.4272460639476776,0.4577636420726776,80.0,10368.0,1.0,O,F,O,0
251267.234375,251388.65625,251607.875,251486.90625,251609.84375,251855.625,251682.359375,251800.546875,-0.514892578125,-0.001220703125,-0.811279296875,-0.6713866591453552,0.3662109076976776,0.4882812201976776,80.0,10369.0,1.0,O,F,O,0
251255.4375,251377.390625,251596.078125,251475.46875,251598.40625,251844.09375,251670.46875,251788.921875,-0.512939453125,-0.000732421875,-0.810302734375,-0.7019042372703552,0.3356933295726776,0.4882812201976776,80.0,10370.0,1.0,O,F,O,0
252096.125,252217.90625,252436.953125,252316.0625,252438.921875,252684.609375,252511.15625,252629.984375,-0.514404296875,-0.001953125,-0.8134765625,-0.8239745497703552,0.3356933295726776,0.4577636420726776,80.0,10371.0,1.0,O,F,O,0
252251.609375,252372.9375,252592.34375,252471.375,252593.765625,252840.171875,252666.640625,252785.359375,-0.513671875,0.000244140625,-0.8115234375,-0.7629393935203552,0.4272460639476776,0.4272460639476776,80.0,10372.0,1.0,O,F,O,0
251462.765625,251584.0,251803.5,251682.625,251804.84375,252051.15625,251877.625,251995.90625,-0.5146484375,-0.000732421875,-0.80908203125,-0.7019042372703552,0.4272460639476776,0.4577636420726776,80.0,10373.0,1.0,O,F,O,0
251235.9375,251357.09375,251576.578125,251455.703125,251578.109375,251824.0625,251650.609375,251768.625,-0.51220703125,0.0,-0.80908203125,-0.6713866591453552,0.4577636420726776,0.4577636420726776,80.0,10374.0,1.0,O,F,O,0
252024.6875,252146.28125,252365.328125,252244.359375,252366.9375,252613.078125,252439.546875,252557.921875,-0.51416015625,0.001220703125,-0.811767578125,-0.6713866591453552,0.4882812201976776,0.4882812201976776,80.0,10375.0,1.0,O,F,O,0
252380.625,252502.484375,252721.265625,252600.390625,252723.046875,252969.28125,252795.921875,252914.109375,-0.512939453125,0.000732421875,-0.812255859375,-0.6408690810203552,0.6103515028953552,0.5187987685203552,80.0,10376.0,1.0,O,F,O,0
251667.875,251789.109375,252008.421875,251887.0,252009.9375,252255.90625,252082.53125,252200.828125,-0.51220703125,-0.000244140625,-0.81298828125,-0.7019042372703552,0.4577636420726776,0.4272460639476776,80.0,10377.0,1.0,O,F,O,0
251246.859375,251368.09375,251587.5,251466.34375,251589.109375,251834.96875,251661.609375,251780.078125,-0.513427734375,0.002197265625,-0.8154296875,-0.7324218153953552,0.4577636420726776,0.3967284858226776,80.0,10378.0,1.0,O,F,O,0
251928.9375,252050.359375,252269.75,252148.609375,252271.1875,252517.328125,252343.96875,252462.34375,-0.51220703125,0.001953125,-0.81201171875,-0.7019042372703552,0.4882812201976776,0.3662109076976776,80.0,10379.0,1.0,O,F,O,0
252455.71875,252577.5,252796.28125,252675.484375,252798.515625,253044.46875,252871.375,252989.65625,-0.5146484375,0.001708984375,-0.811767578125,-0.7019042372703552,0.5798339247703552,0.3356933295726776,80.0,10380.0,1.0,O,F,O,0
251859.5625,251981.0625,252200.015625,252079.40625,252201.890625,252448.03125,252274.5,252392.953125,-0.513916015625,0.00146484375,-0.81103515625,-0.7629393935203552,0.5493163466453552,0.3051757514476776,80.0,10381.0,1.0,O,F,O,0
251276.71875,251398.484375,251617.53125,251496.75,251618.875,251865.375,251692.09375,251810.203125,-0.51416015625,0.000244140625,-0.80810546875,-0.7324218153953552,0.4577636420726776,0.4577636420726776,80.0,10382.0,1.0,O,F,O,0
251818.15625,251939.75,252158.625,252037.828125,252160.59375,252406.734375,252233.09375,252351.5625,-0.5166015625,0.002197265625,-0.811767578125,-0.6408690810203552,0.4272460639476776,0.4882812201976776,80.0,10383.0,1.0,O,F,O,0
252490.40625,252612.0,252831.140625,252710.4375,252833.015625,253079.34375,252905.625,253024.265625,-0.51513671875,0.00146484375,-0.812744140625,-0.7324218153953552,0.3967284858226776,0.4577636420726776,80.0,10384.0,1.0,O,F,O,0
252057.421875,252179.015625,252397.875,252277.359375,252399.9375,252646.078125,252472.625,252590.8125,-0.51416015625,0.000732421875,-0.812255859375,-0.7324218153953552,0.3662109076976776,0.4577636420726776,80.0,10385.0,1.0,O,F,O,0
251348.59375,251470.1875,251688.796875,251568.265625,251690.84375,251936.71875,251763.71875,251881.640625,-0.5146484375,-0.000244140625,-0.81103515625,-0.6713866591453552,0.3967284858226776,0.4577636420726776,80.0,10386.0,1.0,O,F,O,0
251714.453125,251836.3125,252055.0,251934.21875,252056.96875,252302.75,252129.5625,252247.765625,-0.513916015625,-0.000244140625,-0.8134765625,-0.7019042372703552,0.4882812201976776,0.4577636420726776,80.0,10387.0,1.0,O,F,O,0
252489.78125,252611.734375,252830.34375,252709.546875,252832.3125,253078.4375,252904.546875,253023.546875,-0.513916015625,-0.00048828125,-0.813720703125,-0.6713866591453552,0.4577636420726776,0.3967284858226776,80.0,10388.0,1.0,O,F,O,0
252240.4375,252362.203125,252581.25,252460.28125,252582.6875,252829.0,252655.28125,252774.015625,-0.514404296875,0.00146484375,-0.81298828125,-0.6713866591453552,0.5187987685203552,0.4882812201976776,80.0,10389.0,1.0,O,F,O,0
251453.375,251574.96875,251794.109375,251673.328125,251795.90625,252041.59375,251868.046875,251986.421875,-0.5146484375,0.00048828125,-0.812255859375,-0.7324218153953552,0.4577636420726776,0.4882812201976776,80.0,10390.0,1.0,O,F,O,0
251618.34375,251739.484375,251958.703125,251838.015625,251960.765625,252206.640625,252032.828125,252151.296875,-0.51513671875,0.0009765625,-0.811767578125,-0.6713866591453552,0.5493163466453552,0.3356933295726776,80.0,10391.0,1.0,O,F,O,0
252446.0625,252567.65625,252786.34375,252665.46875,252788.140625,253034.546875,252860.46875,252979.46875,-0.51318359375,0.00146484375,-0.811767578125,-0.7324218153953552,0.4882812201976776,0.4272460639476776,80.0,10392.0,1.0,O,F,O,0
252406.734375,252528.5,252747.28125,252625.953125,252748.890625,252995.203125,252821.484375,252940.3125,-0.512939453125,0.000732421875,-0.813720703125,-0.6713866591453552,0.4882812201976776,0.4882812201976776,80.0,10393.0,1.0,O,F,O,0
251591.875,251713.28125,251932.328125,251811.09375,251934.03125,252180.265625,252006.71875,252125.28125,-0.51220703125,0.0,-0.810302734375,-0.6713866591453552,0.4882812201976776,0.4272460639476776,80.0,10394.0,1.0,O,F,O,0
251547.96875,251668.9375,251888.34375,251767.46875,251890.046875,252136.453125,251963.0,252081.28125,-0.513427734375,0.000244140625,-0.811767578125,-0.7019042372703552,0.4577636420726776,0.4272460639476776,80.0,10395.0,1.0,O,F,O,0
252377.765625,252499.53125,252718.578125,252597.609375,252719.921875,252966.6875,252792.96875,252911.609375,-0.5146484375,0.000244140625,-0.813232421875,-0.8239745497703552,0.3967284858226776,0.3662109076976776,80.0,10396.0,1.0,O,F,O,0
252549.421875,252671.109375,252889.96875,252769.09375,252891.765625,253137.8125,252964.453125,253083.09375,-0.513671875,0.00048828125,-0.81298828125,-0.7629393935203552,0.3967284858226776,0.3662109076976776,80.0,10397.0,1.0,O,F,O,0
251772.65625,251893.984375,252112.578125,251991.875,252114.90625,252360.421875,252186.875,252305.4375,-0.513427734375,0.00146484375,-0.8125,-0.7934569716453552,0.3967284858226776,0.4577636420726776,80.0,10398.0,1.0,O,F,O,0
251538.5,251659.828125,251878.515625,251757.453125,251880.484375,252126.171875,251952.90625,252071.0,-0.513916015625,0.00146484375,-0.8115234375,-0.7324218153953552,0.3662109076976776,0.4272460639476776,80.0,10399.0,1.0,O,F,O,0
252316.609375,252438.203125,252657.0625,252535.75,252658.859375,252905.0,252731.1875,252849.921875,-0.513916015625,-0.000732421875,-0.809814453125,-0.7324218153953552,0.4882812201976776,0.4882812201976776,80.0,10400.0,1.0,O,F,O,0
252683.890625,252805.3125,253024.53125,252903.390625,253025.875,253272.640625,253098.5625,253216.9375,-0.5146484375,-0.00146484375,-0.812744140625,-0.7019042372703552,0.4882812201976776,0.5187987685203552,80.0,10401.0,1.0,O,F,O,0
251973.375,252094.96875,252313.828125,252193.140625,252315.53125,252562.125,252388.3125,252506.59375,-0.5146484375,0.0,-0.812255859375,-0.7629393935203552,0.4882812201976776,0.5798339247703552,80.0,10402.0,1.0,O,F,O,0
251530.546875,251652.046875,251870.90625,251750.296875,251872.796875,252118.84375,251945.5625,252063.671875,-0.513916015625,0.001708984375,-0.812744140625,-0.7934569716453552,0.5798339247703552,0.5798339247703552,80.0,10403.0,1.0,O,F,O,0
252200.734375,252321.96875,252541.015625,252420.3125,252542.890625,252789.125,252615.5,252733.78125,-0.513671875,-0.000244140625,-0.81396484375,-0.8239745497703552,0.5187987685203552,0.5187987685203552,80.0,10404.0,1.0,O,F,O,0
252746.203125,252867.265625,253086.3125,252965.515625,253087.828125,253334.421875,253160.515625,253278.890625,-0.512939453125,0.00244140625,-0.81201171875,-0.8239745497703552,0.5187987685203552,0.3967284858226776,80.0,10405.0,1.0,O,F,O,0
252163.265625,252284.59375,252503.640625,252382.859375,252505.515625,252751.75,252578.125,252696.40625,-0.513427734375,0.0009765625,-0.813232421875,-0.7324218153953552,0.4577636420726776,0.4272460639476776,80.0,10406.0,1.0,O,F,O,0
251558.703125,251680.390625,251899.34375,251778.015625,251901.125,252147.1875,251973.640625,252091.65625,-0.514404296875,0.001708984375,-0.812744140625,-0.7629393935203552,0.4272460639476776,0.3967284858226776,80.0,10407.0,1.0,O,F,O,0
252080.125,252201.984375,252420.859375,252299.703125,252422.375,252668.6875,252495.0625,252613.796875,-0.5146484375,0.003173828125,-0.8115234375,-0.7324218153953552,0.5493163466453552,0.3662109076976776,80.0,10408.0,1.0,O,F,O,0
252761.234375,252883.265625,253102.140625,252981.078125,253103.65625,253350.234375,253176.34375,253294.8125,-0.51513671875,0.001220703125,-0.81396484375,-0.7019042372703552,0.4882812201976776,0.3662109076976776,80.0,10409.0,1.0,O,F,O,0
252339.046875,252461.453125,252679.953125,252558.8125,252681.5625,252927.4375,252754.078125,252872.265625,-0.512451171875,0.000244140625,-0.812744140625,-0.7019042372703552,0.3967284858226776,0.4882812201976776,80.0,10410.0,1.0,O,F,O,0
251605.640625,251727.6875,251946.109375,251825.3125,251948.15625,252193.9375,252020.578125,252138.78125,-0.51220703125,0.0,-0.81494140625,-0.7324218153953552,0.5187987685203552,0.5493163466453552,80.0,10411.0,1.0,O,F,O,0
251933.859375,252055.53125,252274.40625,252153.4375,252276.375,252522.6875,252348.796875,252467.25,-0.5126953125,0.001220703125,-0.811279296875,-0.7019042372703552,0.5187987685203552,0.5493163466453552,80.0,10412.0,1.0,O,F,O,0
252700.609375,252822.296875,253041.25,252920.28125,253042.953125,253289.265625,253115.546875,253234.453125,-0.513427734375,0.00048828125,-0.81201171875,-0.7019042372703552,0.3967284858226776,0.4577636420726776,80.0,10413.0,1.0,O,F,O,0
252462.34375,252583.75,252802.625,252681.296875,252804.234375,253050.8125,252877.015625,252995.828125,-0.5126953125,0.000244140625,-0.811767578125,-0.7019042372703552,0.5187987685203552,0.5187987685203552,80.0,10414.0,1.0,O,F,O,0
251656.609375,251777.84375,251996.96875,251875.734375,251998.765625,252244.8125,252071.28125,252189.828125,-0.513427734375,-0.000732421875,-0.814208984375,-0.5798339247703552,0.4577636420726776,0.5187987685203552,80.0,10415.0,1.0,O,F,O,0
251786.609375,251908.28125,252127.328125,252006.0,252128.9375,252374.625,252201.546875,252319.828125,-0.51513671875,-0.00048828125,-0.811767578125,-0.6408690810203552,0.4272460639476776,0.4272460639476776,80.0,10416.0,1.0,O,F,O,0
252605.390625,252726.984375,252946.03125,252824.796875,252947.46875,253193.515625,253020.328125,253138.875,-0.513916015625,0.000244140625,-0.810546875,-0.7324218153953552,0.4272460639476776,0.4272460639476776,80.0,10417.0,1.0,O,F,O,0
252577.140625,252698.828125,252917.421875,252796.625,252919.03125,253165.609375,252991.984375,253110.453125,-0.51123046875,0.001708984375,-0.811279296875,-0.7629393935203552,0.4577636420726776,0.4577636420726776,80.0,10418.0,1.0,O,F,O,0
251749.9375,251871.09375,252089.953125,251969.34375,252092.015625,252338.328125,252164.703125,252282.984375,-0.513916015625,0.00048828125,-0.812255859375,-0.7629393935203552,0.3967284858226776,0.5493163466453552,80.0,10419.0,1.0,O,F,O,0
251667.0625,251788.5625,252007.4375,251886.640625,252009.140625,252255.09375,252081.90625,252200.375,-0.513916015625,0.000732421875,-0.8125,-0.7629393935203552,0.3967284858226776,0.5187987685203552,80.0,10420.0,1.0,O,F,O,0
252477.09375,252598.78125,252817.46875,252696.59375,252819.34375,253065.21875,252892.203125,253010.671875,-0.513916015625,0.0,-0.810546875,-0.8239745497703552,0.4272460639476776,0.3967284858226776,80.0,10421.0,1.0,O,F,O,0
252651.25,252772.9375,252991.546875,252870.578125,252993.5,253239.375,253066.109375,253184.5625,-0.513671875,-0.000732421875,-0.814453125,-0.8239745497703552,0.5187987685203552,0.3662109076976776,80.0,10422.0,1.0,O,F,O,0
251847.21875,251968.640625,252187.6875,252066.453125,252189.375,252434.984375,252262.0625,252380.171875,-0.513427734375,0.00048828125,-0.8154296875,-0.8239745497703552,0.5187987685203552,0.2746581733226776,80.0,10423.0,1.0,O,F,O,0
251550.828125,251672.515625,251891.390625,251770.515625,251893.359375,252138.859375,251966.125,252084.421875,-0.513916015625,-0.000244140625,-0.814453125,-0.7324218153953552,0.5187987685203552,0.3662109076976776,80.0,10424.0,1.0,O,F,O,0
252296.125,252418.265625,252637.21875,252515.984375,252638.734375,252885.140625,252711.78125,252830.25,-0.5146484375,0.000732421875,-0.810546875,-0.7019042372703552,0.5493163466453552,0.3967284858226776,80.0,10425.0,1.0,O,F,O,0
252669.40625,252791.359375,253010.40625,252889.078125,253011.75,253258.15625,253084.796875,253203.53125,-0.51416015625,0.001953125,-0.810546875,-0.6713866591453552,0.6103515028953552,0.4272460639476776,80.0,10426.0,1.0,O,F,O,0
251969.34375,252091.296875,252310.4375,252189.203125,252311.875,252557.828125,252384.640625,252503.28125,-0.51318359375,0.00048828125,-0.814453125,-0.6408690810203552,0.4882812201976776,0.4272460639476776,80.0,10427.0,1.0,O,F,O,0
251533.3125,251654.71875,251874.125,251752.984375,251875.828125,252121.515625,251948.515625,252066.71875,-0.512939453125,-0.000244140625,-0.812744140625,-0.7019042372703552,0.4577636420726776,0.4272460639476776,80.0,10428.0,1.0,O,F,O,0
252231.046875,252352.453125,252571.5,252450.53125,252573.296875,252819.34375,252645.984375,252764.453125,-0.513916015625,0.0009765625,-0.81201171875,-0.8239745497703552,0.3967284858226776,0.4577636420726776,80.0,10429.0,1.0,O,F,O,0
252829.171875,252950.765625,253170.0,253048.765625,253171.421875,253417.828125,253244.203125,253362.9375,-0.515380859375,-0.000244140625,-0.810302734375,-0.7629393935203552,0.3967284858226776,0.4882812201976776,80.0,10430.0,1.0,O,F,O,0
252298.09375,252419.875,252639.09375,252517.765625,252640.078125,252886.578125,252713.03125,252831.859375,-0.515380859375,0.000732421875,-0.81298828125,-0.7019042372703552,0.4577636420726776,0.3967284858226776,80.0,10431.0,1.0,O,F,O,0
251713.640625,251834.609375,252053.921875,251933.140625,252055.53125,252301.3125,252128.40625,252246.875,-0.5146484375,0.00146484375,-0.810546875,-0.7629393935203552,0.3662109076976776,0.3356933295726776,80.0,10432.0,1.0,O,F,O,0
252245.625,252366.765625,252585.71875,252465.015625,252587.6875,252833.640625,252660.109375,252778.9375,-0.51416015625,0.002685546875,-0.809814453125,-0.6713866591453552,0.4272460639476776,0.4272460639476776,80.0,10433.0,1.0,O,F,O,0
252962.65625,253084.078125,253303.03125,253182.0625,253304.734375,253551.3125,253377.59375,253496.15625,-0.512939453125,0.001953125,-0.8076171875,-0.6103515028953552,0.4272460639476776,0.4882812201976776,80.0,10434.0,1.0,O,F,O,0
252578.296875,252699.625,252918.859375,252798.0625,252920.375,253167.046875,252993.421875,253111.609375,-0.51318359375,0.003173828125,-0.810546875,-0.5798339247703552,0.4882812201976776,0.4272460639476776,80.0,10435.0,1.0,O,F,O,0
251861.171875,251982.3125,252201.71875,252080.84375,252203.328125,252449.640625,252276.1875,252394.125,-0.513427734375,0.002685546875,-0.8134765625,-0.6408690810203552,0.5187987685203552,0.3967284858226776,80.0,10436.0,1.0,O,F,O,0
252197.96875,252319.203125,252538.6875,252417.8125,252539.9375,252786.4375,252612.90625,252731.359375,-0.513427734375,0.000732421875,-0.812744140625,-0.5493163466453552,0.4272460639476776,0.3967284858226776,80.0,10437.0,1.0,O,F,O,0
252994.9375,253116.4375,253335.671875,253214.875,253337.015625,253583.59375,253410.046875,253528.609375,-0.512939453125,0.001708984375,-0.81396484375,-0.6713866591453552,0.4272460639476776,0.4577636420726776,80.0,10438.0,1.0,O,F,O,0
252795.828125,252917.0625,253136.296875,253015.59375,253137.8125,253383.953125,253210.40625,253329.234375,-0.513671875,0.001708984375,-0.8125,-0.7324218153953552,0.4577636420726776,0.4577636420726776,80.0,10439.0,1.0,O,F,O,0
252002.609375,252123.75,252343.25,252222.28125,252344.59375,252590.546875,252417.453125,252535.921875,-0.513916015625,0.002685546875,-0.812744140625,-0.7934569716453552,0.5493163466453552,0.3967284858226776,80.0,10440.0,1.0,O,F,O,0
252130.375,252251.421875,252471.109375,252350.046875,252472.4375,252718.765625,252545.484375,252663.59375,-0.513427734375,0.00341796875,-0.8115234375,-0.7629393935203552,0.4272460639476776,0.4577636420726776,80.0,10441.0,1.0,O,F,O,0
252967.21875,253088.453125,253307.765625,253186.984375,253309.109375,253555.609375,253382.0625,253500.890625,-0.513671875,0.00390625,-0.812255859375,-0.7324218153953552,0.4272460639476776,0.4272460639476776,80.0,10442.0,1.0,O,F,O,0
252974.46875,253095.4375,253314.5625,253193.875,253316.0,253562.578125,253388.859375,253507.78125,-0.515380859375,-0.000244140625,-0.81201171875,-0.6713866591453552,0.4882812201976776,0.3967284858226776,80.0,10443.0,1.0,O,F,O,0
252161.75,252283.34375,252502.125,252381.25,252503.734375,252750.046875,252576.609375,252695.25,-0.515625,0.000732421875,-0.81005859375,-0.7324218153953552,0.4577636420726776,0.4882812201976776,80.0,10444.0,1.0,O,F,O,0
252074.84375,252196.4375,252415.484375,252294.34375,252416.828125,252663.328125,252489.78125,252608.703125,-0.5146484375,0.001708984375,-0.81201171875,-0.7324218153953552,0.3967284858226776,0.4882812201976776,80.0,10445.0,1.0,O,F,O,0
252900.34375,253021.84375,253240.984375,253119.84375,253242.5,253489.265625,253315.546875,253434.46875,-0.514404296875,0.001220703125,-0.80908203125,-0.7629393935203552,0.4577636420726776,0.4272460639476776,80.0,10446.0,1.0,O,F,O,0
253112.6875,253234.453125,253453.6875,253332.53125,253455.03125,253701.515625,253528.078125,253646.265625,-0.513671875,0.001220703125,-0.811767578125,-0.7629393935203552,0.4882812201976776,0.4272460639476776,80.0,10447.0,1.0,O,F,O,0
252338.59375,252460.109375,252679.234375,252558.546875,252680.765625,252926.890625,252754.078125,252871.640625,-0.51318359375,0.00048828125,-0.81005859375,-0.7629393935203552,0.5493163466453552,0.4272460639476776,80.0,10448.0,1.0,O,F,O,0
252048.125,252169.359375,252388.578125,252267.515625,252390.1875,252636.234375,252463.234375,252581.34375,-0.51318359375,-0.001953125,-0.809814453125,-0.7324218153953552,0.4272460639476776,0.3967284858226776,80.0,10449.0,1.0,O,F,O,0
252807.09375,252928.78125,253148.09375,253026.765625,253149.078125,253395.75,253222.296875,253340.859375,-0.51416015625,0.0009765625,-0.80908203125,-0.7019042372703552,0.5493163466453552,0.3662109076976776,80.0,10450.0,1.0,O,F,O,0
253216.125,253338.078125,253556.953125,253435.71875,253558.109375,253804.703125,253631.25,253750.515625,-0.514892578125,0.00341796875,-0.8134765625,-0.7934569716453552,0.5493163466453552,0.3662109076976776,80.0,10451.0,1.0,O,F,O,0
252534.140625,252655.734375,252874.859375,252753.890625,252876.296875,253122.96875,252949.15625,253068.25,-0.513671875,0.0009765625,-0.81298828125,-0.7324218153953552,0.5798339247703552,0.4272460639476776,80.0,10452.0,1.0,O,F,O,0
252059.828125,252181.328125,252400.46875,252279.765625,252401.984375,252648.75,252474.953125,252593.765625,-0.511962890625,0.000732421875,-0.812744140625,-0.6713866591453552,0.5493163466453552,0.4272460639476776,80.0,10453.0,1.0,O,F,O,0
252702.9375,252824.265625,253043.578125,252922.78125,253045.09375,253291.859375,253118.140625,253237.140625,-0.512451171875,-0.000244140625,-0.814697265625,-0.7019042372703552,0.4272460639476776,0.4577636420726776,80.0,10454.0,1.0,O,F,O,0
253277.546875,253399.234375,253618.1875,253497.3125,253619.71875,253866.5625,253693.03125,253811.9375,-0.513916015625,0.000732421875,-0.814453125,-0.7629393935203552,0.4577636420726776,0.4882812201976776,80.0,10455.0,1.0,O,F,O,0
252723.234375,252844.828125,253063.609375,252942.90625,253065.390625,253312.0625,253138.25,253257.078125,-0.513427734375,0.001708984375,-0.81298828125,-0.8239745497703552,0.4272460639476776,0.4272460639476776,80.0,10456.0,1.0,O,F,O,0
252094.609375,252216.46875,252435.34375,252314.734375,252436.59375,252683.625,252509.71875,252628.28125,-0.51220703125,0.0,-0.812255859375,-0.7629393935203552,0.4577636420726776,0.4577636420726776,80.0,10457.0,1.0,O,F,O,0
252587.328125,252709.109375,252928.328125,252806.921875,252929.3125,253176.25,253002.359375,253121.265625,-0.51318359375,0.00048828125,-0.810791015625,-0.7629393935203552,0.3662109076976776,0.4272460639476776,80.0,10458.0,1.0,O,F,O,0
253295.4375,253417.203125,253636.515625,253515.109375,253637.6875,253884.625,253710.546875,253830.0,-0.513916015625,0.0,-0.812744140625,-0.7629393935203552,0.4577636420726776,0.4577636420726776,80.0,10459.0,1.0,O,F,O,0
252911.609375,253033.203125,253252.25,253130.921875,253253.59375,253500.625,253326.90625,253445.640625,-0.511962890625,0.00048828125,-0.812255859375,-0.7324218153953552,0.4272460639476776,0.4882812201976776,80.0,10460.0,1.0,O,F,O,0
252170.34375,252292.109375,252510.703125,252389.921875,252512.3125,252759.171875,252585.71875,252704.0,-0.512939453125,0.00244140625,-0.811279296875,-0.7324218153953552,0.4882812201976776,0.4882812201976776,80.0,10461.0,1.0,O,F,O,0
252477.0,252598.6875,252817.640625,252696.671875,252819.078125,253065.5625,252892.125,253010.859375,-0.51318359375,0.00048828125,-0.810546875,-0.6408690810203552,0.4882812201976776,0.3662109076976776,80.0,10462.0,1.0,O,F,O,0
253272.71875,253394.234375,253613.453125,253492.046875,253614.4375,253861.296875,253687.75,253806.75,-0.512451171875,0.00048828125,-0.8115234375,-0.7019042372703552,0.4577636420726776,0.3967284858226776,80.0,10463.0,1.0,O,F,O,0
253085.421875,253206.390625,253425.96875,253304.546875,253427.125,253674.078125,253500.0,253619.171875,-0.51318359375,0.0009765625,-0.813720703125,-0.7019042372703552,0.4882812201976776,0.3356933295726776,80.0,10464.0,1.0,O,F,O,0
252283.25,252404.40625,252623.359375,252502.578125,252625.0625,252871.5625,252697.921875,252816.484375,-0.51416015625,0.001708984375,-0.81201171875,-0.6408690810203552,0.5493163466453552,0.4577636420726776,80.0,10465.0,1.0,O,F,O,0
252384.828125,252506.328125,252725.828125,252604.5,252726.8125,252973.390625,252799.9375,252918.765625,-0.512451171875,0.001708984375,-0.810546875,-0.7629393935203552,0.4272460639476776,0.4577636420726776,80.0,10466.0,1.0,O,F,O,0
253219.078125,253340.140625,253559.8125,253438.21875,253560.796875,253807.734375,253633.578125,253752.921875,-0.5126953125,0.001220703125,-0.810791015625,-0.7629393935203552,0.3967284858226776,0.4882812201976776,80.0,10467.0,1.0,O,F,O,0
253241.515625,253362.84375,253582.15625,253460.5625,253583.5,253829.734375,253656.1875,253775.015625,-0.513916015625,0.0,-0.812255859375,-0.7324218153953552,0.5187987685203552,0.4882812201976776,80.0,10468.0,1.0,O,F,O,0
252428.0,252549.59375,252768.828125,252647.328125,252770.4375,253016.578125,252842.859375,252961.40625,-0.51513671875,0.001953125,-0.812255859375,-0.7629393935203552,0.4272460639476776,0.4577636420726776,80.0,10469.0,1.0,O,F,O,0
252319.203125,252440.875,252660.015625,252538.78125,252661.71875,252907.9375,252734.140625,252852.875,-0.5166015625,0.0029296875,-0.8095703125,-0.7324218153953552,0.4272460639476776,0.5187987685203552,80.0,10470.0,1.0,O,F,O,0
253134.234375,253255.828125,253474.6875,253353.734375,253476.390625,253722.890625,253549.171875,253668.265625,-0.514404296875,0.00146484375,-0.81103515625,-0.7019042372703552,0.3356933295726776,0.4882812201976776,80.0,10471.0,1.0,O,F,O,0
253363.109375,253484.796875,253703.75,253582.703125,253705.359375,253951.859375,253778.046875,253897.140625,-0.511962890625,0.001220703125,-0.811767578125,-0.6408690810203552,0.4882812201976776,0.4577636420726776,80.0,10472.0,1.0,O,F,O,0
252594.296875,252716.171875,252934.859375,252813.890625,252936.640625,253182.953125,253009.15625,253127.796875,-0.51416015625,0.00244140625,-0.81201171875,-0.7019042372703552,0.3967284858226776,0.4577636420726776,80.0,10473.0,1.0,O,F,O,0
252286.65625,252408.0625,252626.9375,252506.15625,252629.171875,252874.859375,252701.40625,252820.0625,-0.51318359375,0.000732421875,-0.811279296875,-0.7019042372703552,0.3967284858226776,0.4882812201976776,80.0,10474.0,1.0,O,F,O,0
253037.765625,253159.359375,253378.578125,253257.609375,253380.1875,253626.328125,253452.796875,253572.0625,-0.51220703125,0.000244140625,-0.81005859375,-0.7324218153953552,0.4272460639476776,0.4882812201976776,80.0,10475.0,1.0,O,F,O,0
253459.671875,253581.265625,253800.3125,253679.171875,253801.75,254048.421875,253874.609375,253993.875,-0.51318359375,0.0009765625,-0.809814453125,-0.7934569716453552,0.4577636420726776,0.4272460639476776,80.0,10476.0,1.0,O,F,O,0
252783.484375,252905.4375,253124.40625,253003.15625,253126.0,253372.328125,253198.609375,253317.609375,-0.51220703125,0.000732421875,-0.8095703125,-0.7019042372703552,0.3967284858226776,0.3967284858226776,80.0,10477.0,1.0,O,F,O,0
252295.953125,252417.453125,252636.953125,252515.625,252638.203125,252884.875,252711.0625,252829.890625,-0.51318359375,0.0,-0.810546875,-0.7629393935203552,0.4577636420726776,0.4577636420726776,80.0,10478.0,1.0,O,F,O,0
252930.75,253052.515625,253271.5625,253149.96875,253272.90625,253519.9375,253345.765625,253464.59375,-0.51318359375,-0.001220703125,-0.812255859375,-0.7934569716453552,0.4577636420726776,0.5187987685203552,80.0,10479.0,1.0,O,F,O,0
253519.75,253642.15625,253860.9375,253739.421875,253862.28125,254109.3125,253935.046875,254054.046875,-0.51318359375,0.000732421875,-0.813232421875,-0.8544921278953552,0.4577636420726776,0.5187987685203552,80.0,10480.0,1.0,O,F,O,0
252981.171875,253103.390625,253322.078125,253200.75,253323.421875,253570.359375,253396.28125,253515.015625,-0.51416015625,-0.000732421875,-0.81396484375,-0.7629393935203552,0.5187987685203552,0.5187987685203552,80.0,10481.0,1.0,O,F,O,0
252341.109375,252462.96875,252681.921875,252560.78125,252683.4375,252929.9375,252756.125,252874.5,-0.512939453125,0.00146484375,-0.813232421875,-0.7324218153953552,0.4577636420726776,0.5187987685203552,80.0,10482.0,1.0,O,F,O,0
252820.0625,252942.453125,253161.140625,253040.0,253162.671875,253409.25,253235.359375,253354.265625,-0.512939453125,0.000244140625,-0.81396484375,-0.7934569716453552,0.4882812201976776,0.5493163466453552,80.0,10483.0,1.0,O,F,O,0
253542.203125,253664.234375,253883.28125,253761.953125,253884.71875,254131.75,253957.21875,254076.578125,-0.51171875,0.00146484375,-0.8125,-0.7934569716453552,0.5493163466453552,0.4272460639476776,80.0,10484.0,1.0,O,F,O,0
253180.28125,253302.140625,253521.1875,253400.125,253522.796875,253769.734375,253595.3125,253714.578125,-0.513916015625,0.001220703125,-0.81201171875,-0.7629393935203552,0.6103515028953552,0.3662109076976776,80.0,10485.0,1.0,O,F,O,0
252434.359375,252555.765625,252775.0,252653.765625,252776.875,253023.015625,252849.296875,252968.03125,-0.5146484375,0.00146484375,-0.8125,-0.7324218153953552,0.5187987685203552,0.4577636420726776,80.0,10486.0,1.0,O,F,O,0
252724.296875,252845.984375,253065.03125,252943.625,253066.375,253313.046875,253139.234375,253257.96875,-0.515625,0.0,-0.81201171875,-0.7019042372703552,0.4882812201976776,0.5493163466453552,80.0,10487.0,1.0,O,F,O,0
253530.84375,253652.796875,253871.65625,253750.0625,253872.828125,254119.671875,253945.609375,254065.140625,-0.514892578125,0.001953125,-0.8125,-0.7324218153953552,0.5187987685203552,0.4577636420726776,80.0,10488.0,1.0,O,F,O,0
253368.75,253490.25,253709.203125,253587.609375,253710.46875,253957.21875,253783.328125,253902.78125,-0.513671875,0.000244140625,-0.811767578125,-0.6408690810203552,0.4577636420726776,0.4272460639476776,80.0,10489.0,1.0,O,F,O,0
252565.609375,252686.84375,252905.984375,252784.65625,252907.59375,253153.8125,252980.0,253099.0,-0.512451171875,0.000732421875,-0.81005859375,-0.6713866591453552,0.4272460639476776,0.4577636420726776,80.0,10490.0,1.0,O,F,O,0
252647.328125,252768.828125,252987.6875,252866.453125,252989.296875,253235.703125,253062.0,253180.90625,-0.513916015625,0.00244140625,-0.810546875,-0.7324218153953552,0.3662109076976776,0.4882812201976776,80.0,10491.0,1.0,O,F,O,0
253482.46875,253603.890625,253822.75,253701.4375,253824.453125,254071.046875,253896.703125,254016.140625,-0.513671875,0.00244140625,-0.810302734375,-0.7019042372703552,0.3662109076976776,0.5187987685203552,80.0,10492.0,1.0,O,F,O,0
253528.96875,253650.46875,253869.25,253747.828125,253870.953125,254117.703125,253943.453125,254062.8125,-0.5126953125,0.003662109375,-0.81103515625,-0.7629393935203552,0.3967284858226776,0.5187987685203552,80.0,10493.0,1.0,O,F,O,0
252721.265625,252842.5,253061.8125,252940.3125,253063.421875,253309.46875,253136.015625,253255.203125,-0.514892578125,0.004150390625,-0.810546875,-0.7629393935203552,0.4577636420726776,0.4577636420726776,80.0,10494.0,1.0,O,F,O,0
252594.03125,252715.546875,252934.671875,252813.4375,252936.28125,253182.328125,253008.609375,253127.96875,-0.515380859375,0.0029296875,-0.809814453125,-0.7324218153953552,0.4577636420726776,0.4272460639476776,80.0,10495.0,1.0,O,F,O,0
253406.484375,253528.078125,253746.9375,253625.703125,253748.453125,253995.21875,253821.140625,253940.5,-0.51611328125,0.0009765625,-0.813720703125,-0.8544921278953552,0.5187987685203552,0.3051757514476776,80.0,10496.0,1.0,O,F,O,0
253659.5,253781.359375,254000.40625,253878.90625,254001.75,254248.328125,254074.34375,254193.96875,-0.51611328125,0.0,-0.8134765625,-0.7324218153953552,0.4882812201976776,0.4272460639476776,80.0,10497.0,1.0,O,F,O,0
252901.421875,253023.1875,253242.59375,253121.265625,253244.03125,253490.15625,253316.796875,253435.625,-0.514892578125,0.001953125,-0.81201171875,-0.6713866591453552,0.4882812201976776,0.4272460639476776,80.0,10498.0,1.0,O,F,O,0
252571.6875,252693.375,252912.765625,252791.453125,252913.75,253160.078125,252986.796875,253105.71875,-0.515625,-0.000244140625,-0.8095703125,-0.6408690810203552,0.5493163466453552,0.3967284858226776,80.0,10499.0,1.0,O,F,O,0
253309.296875,253430.890625,253649.9375,253528.515625,253651.28125,253898.03125,253724.140625,253843.3125,-0.513671875,0.000732421875,-0.810791015625,-0.6713866591453552,0.5187987685203552,0.4272460639476776,80.0,10500.0,1.0,O,F,O,0
253750.609375,253872.28125,254090.890625,253970.1875,254092.3125,254339.4375,254165.546875,254284.71875,-0.512939453125,0.000244140625,-0.811767578125,-0.7629393935203552,0.4882812201976776,0.4577636420726776,80.0,10501.0,1.0,O,F,O,0
253089.796875,253211.84375,253430.171875,253309.46875,253431.953125,253678.359375,253504.46875,253624.1875,-0.5146484375,0.001953125,-0.8125,-0.7019042372703552,0.6103515028953552,0.4577636420726776,80.0,10502.0,1.0,O,F,O,0
252582.765625,252704.71875,252923.328125,252802.359375,252925.015625,253171.515625,252997.625,253116.984375,-0.51416015625,0.001708984375,-0.813232421875,-0.6713866591453552,0.4272460639476776,0.4272460639476776,80.0,10503.0,1.0,O,F,O,0
253201.375,253323.421875,253542.015625,253420.515625,253543.625,253790.296875,253616.21875,253735.765625,-0.51513671875,0.00146484375,-0.8134765625,-0.6408690810203552,0.3967284858226776,0.4882812201976776,80.0,10504.0,1.0,O,F,O,0
253810.15625,253932.1875,254151.234375,254029.640625,254152.21875,254399.34375,254225.265625,254344.796875,-0.515380859375,0.002197265625,-0.81005859375,-0.7019042372703552,0.4577636420726776,0.5798339247703552,80.0,10505.0,1.0,O,F,O,0
253295.078125,253417.03125,253635.890625,253514.484375,253637.0625,253883.90625,253710.1875,253829.28125,-0.513916015625,0.00244140625,-0.809814453125,-0.7629393935203552,0.5187987685203552,0.4882812201976776,80.0,10506.0,1.0,O,F,O,0
252642.140625,252764.171875,252983.046875,252861.984375,252984.75,253230.96875,253057.4375,253176.34375,-0.51513671875,0.002197265625,-0.810791015625,-0.7324218153953552,0.4577636420726776,0.5187987685203552,80.0,10507.0,1.0,O,F,O,0
253095.875,253217.65625,253436.875,253315.546875,253438.21875,253684.53125,253510.90625,253630.078125,-0.515869140625,0.000732421875,-0.8134765625,-0.7629393935203552,0.5493163466453552,0.4882812201976776,80.0,10508.0,1.0,O,F,O,0
253826.6875,253948.640625,254167.421875,254046.1875,254168.9375,254415.53125,254241.625,254360.890625,-0.513427734375,0.00048828125,-0.813720703125,-0.7019042372703552,0.5493163466453552,0.3662109076976776,80.0,10509.0,1.0,O,F,O,0
253481.84375,253603.890625,253822.671875,253701.609375,253824.359375,254070.59375,253896.96875,254015.875,-0.512451171875,0.002685546875,-0.813720703125,-0.7629393935203552,0.5798339247703552,0.4272460639476776,80.0,10510.0,1.0,O,F,O,0
252724.578125,252846.609375,253065.484375,252944.6875,253067.171875,253312.953125,253139.59375,253258.515625,-0.514892578125,0.00048828125,-0.814208984375,-0.7019042372703552,0.5187987685203552,0.3662109076976776,80.0,10511.0,1.0,O,F,O,0
252986.359375,253108.3125,253327.4375,253206.5625,253328.6875,253574.921875,253401.203125,253520.46875,-0.51513671875,0.001708984375,-0.8154296875,-0.6713866591453552,0.4882812201976776,0.4272460639476776,80.0,10512.0,1.0,O,F,O,0
253793.703125,253915.46875,254134.609375,254013.8125,254135.6875,254382.359375,254208.546875,254327.90625,-0.51318359375,0.000244140625,-0.814697265625,-0.6713866591453552,0.5493163466453552,0.4577636420726776,80.0,10513.0,1.0,O,F,O,0
253651.0,253772.421875,253991.734375,253870.59375,253993.078125,254239.65625,254066.21875,254185.03125,-0.514404296875,0.0009765625,-0.815185546875,-0.7934569716453552,0.4577636420726776,0.4882812201976776,80.0,10514.0,1.0,O,F,O,0
252840.703125,252962.296875,253181.078125,253060.109375,253182.515625,253429.09375,253255.921875,253374.46875,-0.51220703125,-0.00048828125,-0.811279296875,-0.8544921278953552,0.4272460639476776,0.4272460639476776,80.0,10515.0,1.0,O,F,O,0
252895.78125,253017.828125,253236.515625,253115.453125,253237.765625,253484.265625,253311.078125,253429.8125,-0.5146484375,0.000732421875,-0.811279296875,-0.7629393935203552,0.4272460639476776,0.3662109076976776,80.0,10516.0,1.0,O,F,O,0
253726.109375,253847.796875,254067.1875,253945.609375,254068.09375,254314.5,254141.140625,254260.40625,-0.517333984375,0.0,-0.812744140625,-0.7629393935203552,0.4272460639476776,0.4577636420726776,80.0,10517.0,1.0,O,F,O,0
253791.90625,253913.59375,254132.8125,254011.859375,254133.890625,254380.75,254206.765625,254326.296875,-0.515380859375,0.000732421875,-0.8134765625,-0.7934569716453552,0.4577636420726776,0.4272460639476776,80.0,10518.0,1.0,O,F,O,0
252982.234375,253103.484375,253322.96875,253201.734375,253324.140625,253570.8125,253397.171875,253516.265625,-0.5166015625,0.0029296875,-0.8125,-0.7324218153953552,0.3967284858226776,0.4882812201976776,80.0,10519.0,1.0,O,F,O,0
252829.4375,252950.953125,253170.265625,253049.03125,253171.421875,253417.75,253244.65625,253363.65625,-0.513916015625,0.0009765625,-0.810546875,-0.7324218153953552,0.3967284858226776,0.4272460639476776,80.0,10520.0,1.0,O,F,O,0
253634.46875,253755.875,253975.546875,253854.046875,253976.265625,254223.03125,254049.40625,254169.125,-0.514892578125,0.0029296875,-0.8115234375,-0.7019042372703552,0.5493163466453552,0.4577636420726776,80.0,10521.0,1.0,O,F,O,0
253906.4375,254027.59375,254247.0,254125.75,254248.0625,254494.828125,254320.84375,254440.46875,-0.51220703125,0.0009765625,-0.811279296875,-0.7019042372703552,0.5187987685203552,0.5187987685203552,80.0,10522.0,1.0,O,F,O,0
253154.265625,253275.671875,253494.8125,253374.015625,253495.796875,253742.375,253569.203125,253688.28125,-0.51318359375,0.0009765625,-0.809814453125,-0.7324218153953552,0.5493163466453552,0.4882812201976776,80.0,10523.0,1.0,O,F,O,0
252803.515625,252924.84375,253144.0625,253023.1875,253145.3125,253391.71875,253218.28125,253337.359375,-0.513916015625,0.001220703125,-0.810791015625,-0.7629393935203552,0.4272460639476776,0.4577636420726776,80.0,10524.0,1.0,O,F,O,0
253525.296875,253647.078125,253866.03125,253744.96875,253867.109375,254113.859375,253940.234375,254059.59375,-0.5126953125,0.00048828125,-0.8115234375,-0.7324218153953552,0.5187987685203552,0.4882812201976776,80.0,10525.0,1.0,O,F,O,0
253984.765625,254107.078125,254325.84375,254204.703125,254326.75,254573.59375,254399.875,254519.421875,-0.5126953125,0.001708984375,-0.814453125,-0.7629393935203552,0.5187987685203552,0.4272460639476776,80.0,10526.0,1.0,O,F,O,0
253336.46875,253458.609375,253677.734375,253556.234375,253678.546875,253925.21875,253751.5,253870.671875,-0.51171875,0.00146484375,-0.812744140625,-0.8544921278953552,0.4577636420726776,0.4577636420726776,80.0,10527.0,1.0,O,F,O,0
252808.796875,252930.75,253149.875,253028.46875,253151.125,253397.265625,253223.46875,253342.8125,-0.51318359375,0.000244140625,-0.813232421875,-0.7324218153953552,0.4577636420726776,0.3967284858226776,80.0,10528.0,1.0,O,F,O,0
253405.859375,253527.4375,253746.9375,253625.53125,253748.1875,253994.328125,253820.796875,253940.0625,-0.51416015625,0.0009765625,-0.81201171875,-0.7019042372703552,0.4272460639476776,0.4272460639476776,80.0,10529.0,1.0,O,F,O,0
254026.875,254148.5625,254367.609375,254246.546875,254368.9375,254615.796875,254441.90625,254561.265625,-0.513671875,-0.0009765625,-0.811767578125,-0.7019042372703552,0.4272460639476776,0.4577636420726776,80.0,10530.0,1.0,O,F,O,0
253527.625,253649.3125,253868.359375,253747.203125,253869.421875,254116.453125,253942.46875,254062.09375,-0.512939453125,0.001220703125,-0.8134765625,-0.7629393935203552,0.4882812201976776,0.4882812201976776,80.0,10531.0,1.0,O,F,O,0
252862.796875,252984.390625,253203.609375,253082.5625,253204.78125,253451.53125,253277.90625,253396.828125,-0.513427734375,0.001220703125,-0.81591796875,-0.7934569716453552,0.4882812201976776,0.4882812201976776,80.0,10532.0,1.0,O,F,O,0
253300.078125,253421.765625,253641.34375,253519.9375,253642.328125,253888.5625,253715.375,253834.296875,-0.51416015625,0.00048828125,-0.81591796875,-0.7019042372703552,0.4882812201976776,0.4272460639476776,80.0,10533.0,1.0,O,F,O,0
254040.015625,254161.609375,254380.828125,254259.421875,254382.0,254628.765625,254455.046875,254574.21875,-0.51416015625,-0.000244140625,-0.8134765625,-0.8239745497703552,0.5187987685203552,0.4577636420726776,80.0,10534.0,1.0,O,F,O,0
253716.265625,253838.046875,254057.265625,253936.296875,254058.703125,254305.28125,254131.390625,254250.5625,-0.514892578125,-0.00048828125,-0.814208984375,-0.7324218153953552,0.4882812201976776,0.3356933295726776,80.0,10535.0,1.0,O,F,O,0
252955.234375,253077.1875,253296.234375,253175.359375,253297.84375,253544.34375,253370.53125,253489.453125,-0.513671875,-0.000732421875,-0.811767578125,-0.6713866591453552,0.4577636420726776,0.4272460639476776,80.0,10536.0,1.0,O,F,O,0
253202.265625,253324.046875,253543.265625,253422.125,253544.4375,253791.015625,253617.203125,253736.65625,-0.515625,0.001953125,-0.8134765625,-0.7019042372703552,0.4577636420726776,0.3967284858226776,80.0,10537.0,1.0,O,F,O,0
254016.859375,254138.71875,254357.765625,254236.625,254359.203125,254606.140625,254431.796875,254551.421875,-0.515625,0.001220703125,-0.81103515625,-0.7629393935203552,0.3967284858226776,0.3662109076976776,80.0,10538.0,1.0,O,F,O,0
253897.5,254019.625,254238.5,254117.53125,254239.75,254486.875,254312.703125,254432.328125,-0.5146484375,0.0009765625,-0.812744140625,-0.7019042372703552,0.4882812201976776,0.4272460639476776,80.0,10539.0,1.0,O,F,O,0
253088.375,253210.5,253429.09375,253308.3125,253430.625,253677.015625,253503.484375,253622.484375,-0.512939453125,-0.00048828125,-0.81494140625,-0.7629393935203552,0.5187987685203552,0.4272460639476776,80.0,10540.0,1.0,O,F,O,0
253123.765625,253245.8125,253464.40625,253343.625,253465.84375,253712.25,253538.4375,253657.53125,-0.513916015625,0.00048828125,-0.815673828125,-0.7934569716453552,0.6408690810203552,0.4272460639476776,80.0,10541.0,1.0,O,F,O,0
253955.53125,254077.65625,254296.609375,254175.46875,254297.6875,254544.53125,254370.375,254489.90625,-0.51318359375,0.00146484375,-0.812744140625,-0.8850097060203552,0.5187987685203552,0.3967284858226776,80.0,10542.0,1.0,O,F,O,0
254046.8125,254168.5,254387.71875,254266.390625,254388.875,254635.46875,254461.65625,254580.921875,-0.51416015625,0.000732421875,-0.810546875,-0.8850097060203552,0.3967284858226776,0.3662109076976776,80.0,10543.0,1.0,O,F,O,0
253245.640625,253367.3125,253586.359375,253465.484375,253587.34375,253834.109375,253660.578125,253779.578125,-0.514892578125,0.0009765625,-0.810791015625,-0.7629393935203552,0.4577636420726776,0.3967284858226776,80.0,10544.0,1.0,O,F,O,0
253074.234375,253196.109375,253415.0625,253294.453125,253416.40625,253663.171875,253489.359375,253608.359375,-0.5146484375,-0.00048828125,-0.8115234375,-0.7324218153953552,0.5187987685203552,0.4272460639476776,80.0,10545.0,1.0,O,F,O,0
253875.78125,253997.640625,254216.5,254095.8125,254218.109375,254464.875,254290.984375,254410.25,-0.51416015625,-0.00048828125,-0.810791015625,-0.8544921278953552,0.4577636420726776,0.4272460639476776,80.0,10546.0,1.0,O,F,O,0
254170.546875,254292.046875,254511.09375,254389.78125,254512.703125,254759.65625,254585.484375,254704.578125,-0.512451171875,0.001220703125,-0.814208984375,-0.7019042372703552,0.3662109076976776,0.5187987685203552,80.0,10547.0,1.0,O,F,O,0
253428.65625,253549.796875,253769.296875,253648.0625,253770.453125,254017.21875,253843.5,253962.671875,-0.512939453125,-0.002197265625,-0.811279296875,-0.8239745497703552,0.4272460639476776,0.4272460639476776,80.0,10548.0,1.0,O,F,O,0
253057.703125,253179.296875,253398.34375,253277.109375,253399.328125,253646.265625,253472.734375,253591.640625,-0.51416015625,-0.0009765625,-0.809326171875,-0.7629393935203552,0.5187987685203552,0.4272460639476776,80.0,10549.0,1.0,O,F,O,0
253772.421875,253894.453125,254113.0625,253991.921875,254114.21875,254361.4375,254187.453125,254306.890625,-0.515869140625,0.000732421875,-0.81103515625,-0.6408690810203552,0.5493163466453552,0.4882812201976776,80.0,10550.0,1.0,O,F,O,0
254253.34375,254375.296875,254594.25,254473.015625,254595.40625,254842.890625,254668.28125,254788.078125,-0.513427734375,-0.00048828125,-0.810302734375,-0.6713866591453552,0.5798339247703552,0.4882812201976776,80.0,10551.0,1.0,O,F,O,0
253621.40625,253743.546875,253962.40625,253841.078125,253963.65625,254210.421875,254035.984375,254155.53125,-0.51318359375,-0.0009765625,-0.81103515625,-0.7324218153953552,0.4577636420726776,0.3967284858226776,80.0,10552.0,1.0,O,F,O,0
253080.671875,253202.265625,253421.3125,253300.265625,253422.75,253669.328125,253495.34375,253614.34375,-0.51318359375,0.00048828125,-0.8125,-0.7019042372703552,0.4577636420726776,0.4272460639476776,80.0,10553.0,1.0,O,F,O,0
253662.453125,253784.21875,254003.453125,253882.125,254004.4375,254251.015625,254077.125,254196.65625,-0.513671875,0.00244140625,-0.8125,-0.7019042372703552,0.3662109076976776,0.4577636420726776,80.0,10554.0,1.0,O,F,O,0
254298.578125,254420.625,254639.3125,254518.25,254640.390625,254887.328125,254713.15625,254832.78125,-0.515869140625,0.00146484375,-0.811767578125,-0.7324218153953552,0.4272460639476776,0.4272460639476776,80.0,10555.0,1.0,O,F,O,0
253815.609375,253937.640625,254156.328125,254035.640625,254157.5,254404.796875,254230.453125,254350.25,-0.5146484375,0.002197265625,-0.810302734375,-0.8850097060203552,0.3967284858226776,0.5187987685203552,80.0,10556.0,1.0,O,F,O,0
253138.609375,253260.390625,253479.34375,253358.28125,253480.6875,253727.1875,253553.375,253672.640625,-0.51416015625,0.003662109375,-0.811279296875,-0.7629393935203552,0.3662109076976776,0.5187987685203552,80.0,10557.0,1.0,O,F,O,0
253556.953125,253678.90625,253897.765625,253776.71875,253898.9375,254145.609375,253971.796875,254091.15625,-0.51416015625,0.001953125,-0.8115234375,-0.7324218153953552,0.4882812201976776,0.5187987685203552,80.0,10558.0,1.0,O,F,O,0
254307.875,254429.734375,254648.34375,254527.28125,254649.5,254896.796875,254722.375,254841.8125,-0.513916015625,0.0,-0.8115234375,-0.7019042372703552,0.3967284858226776,0.4882812201976776,80.0,10559.0,1.0,O,F,O,0
254006.84375,254128.890625,254347.390625,254226.15625,254348.921875,254595.953125,254421.515625,254541.046875,-0.513916015625,0.001220703125,-0.8115234375,-0.7019042372703552,0.3967284858226776,0.5798339247703552,80.0,10560.0,1.0,O,F,O,0
253239.015625,253360.96875,253580.28125,253458.875,253581.53125,253828.203125,253654.140625,253773.5,-0.513671875,0.000732421875,-0.81103515625,-0.7019042372703552,0.4577636420726776,0.5187987685203552,80.0,10561.0,1.0,O,F,O,0
253465.484375,253587.609375,253806.9375,253685.421875,253807.734375,254054.5,253880.78125,253999.875,-0.514404296875,0.001708984375,-0.81005859375,-0.6713866591453552,0.4882812201976776,0.4882812201976776,80.0,10562.0,1.0,O,F,O,0
254284.546875,254406.21875,254625.546875,254504.390625,254626.609375,254873.28125,254699.390625,254818.921875,-0.513427734375,0.00048828125,-0.812255859375,-0.6408690810203552,0.5493163466453552,0.3356933295726776,80.0,10563.0,1.0,O,F,O,0
254184.40625,254305.828125,254524.953125,254404.078125,254526.203125,254773.0625,254599.25,254718.609375,-0.5146484375,0.00146484375,-0.814208984375,-0.7019042372703552,0.4272460639476776,0.3356933295726776,80.0,10564.0,1.0,O,F,O,0
253373.671875,253494.984375,253714.03125,253592.984375,253715.828125,253962.234375,253788.609375,253907.609375,-0.515380859375,0.00048828125,-0.813232421875,-0.7324218153953552,0.3662109076976776,0.3662109076976776,80.0,10565.0,1.0,O,F,O,0
253387.609375,253509.203125,253728.4375,253607.46875,253730.046875,253976.53125,253802.8125,253921.640625,-0.5146484375,-0.00048828125,-0.812744140625,-0.7019042372703552,0.4272460639476776,0.3662109076976776,80.0,10566.0,1.0,O,F,O,0
254218.734375,254340.609375,254560.09375,254438.5,254560.984375,254808.015625,254634.296875,254753.21875,-0.513916015625,0.000244140625,-0.813232421875,-0.6408690810203552,0.3967284858226776,0.3662109076976776,80.0,10567.0,1.0,O,F,O,0
254327.90625,254449.671875,254668.90625,254547.125,254669.796875,254916.828125,254743.015625,254862.296875,-0.512939453125,0.0009765625,-0.8125,-0.6713866591453552,0.3967284858226776,0.4272460639476776,80.0,10568.0,1.0,O,F,O,0
253528.703125,253650.109375,253868.890625,253747.65625,253870.59375,254116.90625,253943.09375,254062.640625,-0.514892578125,-0.00048828125,-0.80859375,-0.7019042372703552,0.5187987685203552,0.4272460639476776,80.0,10569.0,1.0,O,F,O,0
253334.234375,253455.734375,253674.515625,253553.28125,253676.046875,253922.625,253748.453125,253868.0,-0.5146484375,0.001220703125,-0.810546875,-0.7324218153953552,0.4272460639476776,0.4272460639476776,80.0,10570.0,1.0,O,F,O,0
254123.875,254245.828125,254464.703125,254343.375,254465.953125,254712.984375,254538.546875,254658.171875,-0.514892578125,0.001708984375,-0.80859375,-0.7324218153953552,0.4577636420726776,0.4272460639476776,80.0,10571.0,1.0,O,F,O,0
254434.65625,254556.515625,254775.390625,254654.234375,254777.09375,255023.765625,254849.859375,254969.125,-0.513427734375,0.001708984375,-0.810546875,-0.7019042372703552,0.4577636420726776,0.4882812201976776,80.0,10572.0,1.0,O,F,O,0
253699.734375,253821.421875,254040.546875,253919.140625,254041.796875,254288.5625,254114.84375,254233.765625,-0.513916015625,0.0,-0.810546875,-0.8239745497703552,0.4882812201976776,0.4577636420726776,80.0,10573.0,1.0,O,F,O,0
253312.15625,253434.015625,253652.96875,253531.828125,253654.21875,253900.8125,253726.734375,253845.734375,-0.5146484375,0.001708984375,-0.81298828125,-0.8239745497703552,0.4882812201976776,0.3662109076976776,80.0,10574.0,1.0,O,F,O,0
254013.8125,254135.40625,254354.375,254233.3125,254355.4375,254602.65625,254428.21875,254547.75,-0.514404296875,0.00048828125,-0.8134765625,-0.8239745497703552,0.4272460639476776,0.4272460639476776,80.0,10575.0,1.0,O,F,O,0
254508.859375,254631.0,254850.046875,254728.625,254851.03125,255098.5,254923.984375,255043.4375,-0.515380859375,0.000244140625,-0.810546875,-0.7934569716453552,0.4577636420726776,0.4577636420726776,80.0,10576.0,1.0,O,F,O,0
253889.8125,254011.859375,254230.8125,254109.65625,254232.15625,254479.0,254305.109375,254424.203125,-0.514892578125,-0.000732421875,-0.812744140625,-0.7324218153953552,0.4577636420726776,0.4577636420726776,80.0,10577.0,1.0,O,F,O,0
253334.140625,253455.5625,253674.78125,253553.90625,253676.125,253922.890625,253749.359375,253867.8125,-0.512451171875,-0.001953125,-0.812744140625,-0.7934569716453552,0.4882812201976776,0.3662109076976776,80.0,10578.0,1.0,O,F,O,0
253906.703125,254028.578125,254247.796875,254126.65625,254248.6875,254495.8125,254321.921875,254440.921875,-0.51171875,-0.000732421875,-0.8125,-0.7019042372703552,0.5187987685203552,0.3967284858226776,80.0,10579.0,1.0,O,F,O,0
254566.984375,254689.109375,254907.984375,254786.75,254908.96875,255156.34375,254981.734375,255101.28125,-0.5126953125,-0.000244140625,-0.810791015625,-0.7629393935203552,0.3967284858226776,0.3967284858226776,80.0,10580.0,1.0,O,F,O,0
254116.09375,254237.96875,254456.65625,254335.234375,254457.640625,254704.75,254530.859375,254649.859375,-0.51318359375,-0.000732421875,-0.8095703125,-0.7019042372703552,0.3967284858226776,0.3967284858226776,80.0,10581.0,1.0,O,F,O,0
253426.953125,253548.453125,253767.40625,253646.09375,253768.75,254015.421875,253841.703125,253960.890625,-0.51513671875,-0.000244140625,-0.809326171875,-0.7629393935203552,0.4577636420726776,0.3967284858226776,80.0,10582.0,1.0,O,F,O,0
253812.75,253934.0625,254153.109375,254031.875,254154.453125,254401.21875,254227.328125,254346.6875,-0.514892578125,-0.00048828125,-0.810302734375,-0.7629393935203552,0.3662109076976776,0.4272460639476776,80.0,10583.0,1.0,O,F,O,0
254553.21875,254674.890625,254893.859375,254772.96875,254895.546875,255142.21875,254968.234375,255087.5,-0.5146484375,0.0009765625,-0.81201171875,-0.7324218153953552,0.3967284858226776,0.5798339247703552,80.0,10584.0,1.0,O,F,O,0
254255.21875,254376.625,254595.859375,254474.71875,254597.296875,254844.140625,254669.890625,254789.15625,-0.513671875,0.00146484375,-0.810546875,-0.8544921278953552,0.4272460639476776,0.5798339247703552,80.0,10585.0,1.0,O,F,O,0
253468.171875,253589.3125,253808.71875,253687.484375,253809.96875,254056.734375,253882.390625,254001.65625,-0.511962890625,0.001708984375,-0.8125,-0.7629393935203552,0.4882812201976776,0.5798339247703552,80.0,10586.0,1.0,O,F,O,0
253661.28125,253782.515625,254002.203125,253880.78125,254003.0,254250.03125,254075.953125,254195.046875,-0.512451171875,-0.000244140625,-0.810546875,-0.6713866591453552,0.4272460639476776,0.6103515028953552,80.0,10587.0,1.0,O,F,O,0
254475.96875,254597.5625,254817.140625,254695.640625,254817.671875,255065.0625,254891.171875,255010.4375,-0.514892578125,-0.00048828125,-0.808837890625,-0.7324218153953552,0.4882812201976776,0.4577636420726776,80.0,10588.0,1.0,O,F,O,0
254393.625,254515.125,254734.703125,254612.9375,254735.0625,254982.1875,254808.375,254927.734375,-0.5166015625,0.000732421875,-0.81005859375,-0.6408690810203552,0.5187987685203552,0.4577636420726776,80.0,10589.0,1.0,O,F,O,0
253580.375,253702.140625,253921.375,253800.3125,253922.359375,254169.203125,253995.578125,254114.484375,-0.515625,0.0009765625,-0.809814453125,-0.6713866591453552,0.4882812201976776,0.3662109076976776,80.0,10590.0,1.0,O,F,O,0
253575.640625,253697.5,253916.453125,253795.578125,253917.796875,254164.734375,253991.015625,254109.84375,-0.51318359375,0.00146484375,-0.8115234375,-0.7324218153953552,0.4577636420726776,0.4272460639476776,80.0,10591.0,1.0,O,F,O,0
254404.34375,254526.296875,254745.4375,254623.84375,254746.234375,254993.71875,254819.109375,254938.734375,-0.51025390625,0.0,-0.81298828125,-0.7019042372703552,0.5187987685203552,0.4882812201976776,80.0,10592.0,1.0,O,F,O,0
254534.34375,254656.390625,254875.4375,254753.9375,254876.234375,255123.8125,254949.109375,255069.171875,-0.513427734375,0.0,-0.813720703125,-0.7324218153953552,0.5187987685203552,0.4272460639476776,80.0,10593.0,1.0,O,F,O,0
253740.59375,253862.359375,254081.59375,253960.53125,254082.65625,254329.6875,254155.703125,254274.796875,-0.512451171875,-0.000244140625,-0.811767578125,-0.7934569716453552,0.4577636420726776,0.3662109076976776,80.0,10594.0,1.0,O,F,O,0
253531.640625,253653.6875,253872.734375,253751.671875,253873.71875,254120.84375,253947.03125,254065.671875,-0.512939453125,0.000244140625,-0.813232421875,-0.7934569716453552,0.3967284858226776,0.3662109076976776,80.0,10595.0,1.0,O,F,O,0
254320.390625,254442.171875,254661.84375,254539.984375,254662.640625,254909.9375,254735.515625,254854.953125,-0.5126953125,0.0009765625,-0.812744140625,-0.7934569716453552,0.5493163466453552,0.4577636420726776,80.0,10596.0,1.0,O,F,O,0
254652.359375,254774.046875,254993.8125,254872.125,254994.53125,255242.1875,255067.21875,255187.109375,-0.513916015625,0.000732421875,-0.8115234375,-0.7324218153953552,0.4577636420726776,0.5187987685203552,80.0,10597.0,1.0,O,F,O,0
253928.25,254050.03125,254269.34375,254147.921875,254270.15625,254517.359375,254343.28125,254462.46875,-0.5146484375,0.0,-0.814453125,-0.7019042372703552,0.5493163466453552,0.4577636420726776,80.0,10598.0,1.0,O,F,O,0
253526.28125,253647.875,253867.109375,253745.59375,253868.078125,254115.03125,253941.40625,254060.40625,-0.5146484375,-0.00146484375,-0.8134765625,-0.7629393935203552,0.4882812201976776,0.5187987685203552,80.0,10599.0,1.0,O,F,O,0
254218.46875,254340.15625,254559.46875,254438.0625,254560.546875,254807.484375,254633.59375,254753.03125,-0.513916015625,-0.000732421875,-0.81494140625,-0.7629393935203552,0.5798339247703552,0.3662109076976776,80.0,10600.0,1.0,O,F,O,0
254730.421875,254851.828125,255071.234375,254949.734375,255072.578125,255319.78125,255145.359375,255265.25,-0.5146484375,-0.000732421875,-0.81396484375,-0.7934569716453552,0.5493163466453552,0.3967284858226776,80.0,10601.0,1.0,O,F,O,0
254124.421875,254246.28125,254465.59375,254344.0,254466.9375,254714.140625,254539.796875,254659.15625,-0.5146484375,0.00048828125,-0.813720703125,-0.7019042372703552,0.4882812201976776,0.4272460639476776,80.0,10602.0,1.0,O,F,O,0
253554.171875,253676.3125,253895.625,253774.03125,253896.96875,254143.8125,253969.5625,254089.09375,-0.51416015625,0.00048828125,-0.81298828125,-0.6408690810203552,0.4272460639476776,0.3967284858226776,80.0,10603.0,1.0,O,F,O,0
254108.59375,254230.453125,254449.5,254328.0,254451.015625,254697.96875,254523.4375,254643.25,-0.51416015625,0.000244140625,-0.8154296875,-0.6408690810203552,0.4577636420726776,0.4577636420726776,80.0,10604.0,1.0,O,F,O,0
254769.484375,254891.078125,255110.125,254988.53125,255111.015625,255358.859375,255183.984375,255303.78125,-0.51611328125,0.00048828125,-0.812744140625,-0.7629393935203552,0.4882812201976776,0.5187987685203552,80.0,10605.0,1.0,O,F,O,0
254318.25,254439.84375,254659.0625,254537.75,254660.046875,254907.4375,254732.734375,254852.375,-0.515625,0.0,-0.810302734375,-0.7324218153953552,0.5493163466453552,0.4882812201976776,80.0,10606.0,1.0,O,F,O,0
253618.46875,253740.140625,253959.28125,253838.3125,253960.625,254207.65625,254033.21875,254152.21875,-0.515625,0.00244140625,-0.813232421875,-0.7629393935203552,0.5493163466453552,0.4577636420726776,80.0,10607.0,1.0,O,F,O,0
253998.796875,254120.65625,254339.265625,254218.65625,254340.609375,254588.265625,254413.5625,254533.0,-0.513916015625,0.002197265625,-0.8115234375,-0.7629393935203552,0.3967284858226776,0.4577636420726776,80.0,10608.0,1.0,O,F,O,0
254764.84375,254886.515625,255105.5625,254984.78125,255106.640625,255354.296875,255179.859375,255299.671875,-0.513427734375,0.001953125,-0.81201171875,-0.7019042372703552,0.5187987685203552,0.4272460639476776,80.0,10609.0,1.0,O,F,O,0
254503.140625,254624.640625,254843.96875,254722.8125,254845.125,255092.6875,254917.90625,255037.625,-0.514892578125,0.001220703125,-0.814697265625,-0.7324218153953552,0.3967284858226776,0.4882812201976776,80.0,10610.0,1.0,O,F,O,0
253722.796875,253844.03125,254063.53125,253942.109375,254064.609375,254311.71875,254137.109375,254256.828125,-0.51513671875,0.00390625,-0.813232421875,-0.7324218153953552,0.5187987685203552,0.4577636420726776,80.0,10611.0,1.0,O,F,O,0
253904.75,254026.515625,254245.734375,254124.0625,254246.640625,254493.84375,254319.59375,254438.953125,-0.513671875,0.001953125,-0.814453125,-0.6713866591453552,0.5187987685203552,0.3967284858226776,80.0,10612.0,1.0,O,F,O,0
254727.5625,254849.421875,255068.375,254947.046875,255069.53125,255316.84375,255142.40625,255262.03125,-0.51171875,0.000732421875,-0.81298828125,-0.6713866591453552,0.4577636420726776,0.3967284858226776,80.0,10613.0,1.0,O,F,O,0
254667.5625,254789.25,255008.46875,254887.421875,255009.546875,255256.578125,255082.5,255202.03125,-0.514892578125,0.000244140625,-0.809814453125,-0.8239745497703552,0.4882812201976776,0.4272460639476776,80.0,10614.0,1.0,O,F,O,0
253854.671875,253976.53125,254195.5,254074.34375,254196.65625,254443.515625,254269.515625,254388.875,-0.5126953125,-0.000732421875,-0.8125,-0.6408690810203552,0.4577636420726776,0.4882812201976776,80.0,10615.0,1.0,O,F,O,0
253831.609375,253953.015625,254172.515625,254050.921875,254173.234375,254420.4375,254246.015625,254365.546875,-0.5146484375,0.000244140625,-0.81103515625,-0.5493163466453552,0.4577636420726776,0.4272460639476776,80.0,10616.0,1.0,O,F,O,0
254660.671875,254782.1875,255001.765625,254880.265625,255002.65625,255249.953125,255075.53125,255195.421875,-0.516357421875,0.000732421875,-0.811767578125,-0.6713866591453552,0.4882812201976776,0.4577636420726776,80.0,10617.0,1.0,O,F,O,0
254810.609375,254932.46875,255151.703125,255030.203125,255152.59375,255399.8125,255225.546875,255345.359375,-0.515869140625,0.003173828125,-0.813720703125,-0.6713866591453552,0.5493163466453552,0.4272460639476776,80.0,10618.0,1.0,O,F,O,0
254021.234375,254142.75,254361.609375,254240.640625,254362.953125,254609.984375,254435.8125,254555.265625,-0.5146484375,0.0009765625,-0.812744140625,-0.6713866591453552,0.4577636420726776,0.5187987685203552,80.0,10619.0,1.0,O,F,O,0
253789.5,253911.453125,254130.3125,254009.171875,254131.296875,254378.515625,254204.796875,254323.609375,-0.51416015625,-0.00048828125,-0.810302734375,-0.7629393935203552,0.3662109076976776,0.4882812201976776,80.0,10620.0,1.0,O,F,O,0
254569.84375,254691.34375,254910.578125,254789.421875,254911.46875,255158.9375,254984.953125,255104.140625,-0.513916015625,0.00146484375,-0.81005859375,-0.7324218153953552,0.3967284858226776,0.5798339247703552,80.0,10621.0,1.0,O,F,O,0
254919.78125,255041.1875,255260.421875,255139.1875,255261.3125,255508.96875,255334.625,255454.34375,-0.512451171875,0.001220703125,-0.8125,-0.6713866591453552,0.3662109076976776,0.5493163466453552,80.0,10622.0,1.0,O,F,O,0
254205.5,254326.46875,254546.0625,254424.640625,254546.859375,254794.515625,254620.0,254739.53125,-0.514404296875,0.001220703125,-0.809814453125,-0.7019042372703552,0.3662109076976776,0.5187987685203552,80.0,10623.0,1.0,O,F,O,0
253780.46875,253901.875,254121.375,253999.6875,254122.265625,254369.21875,254195.5,254314.578125,-0.516357421875,0.001708984375,-0.8134765625,-0.7019042372703552,0.4577636420726776,0.4272460639476776,80.0,10624.0,1.0,O,F,O,0
254462.109375,254583.515625,254802.75,254681.328125,254803.28125,255050.9375,254876.78125,254996.21875,-0.51513671875,0.001708984375,-0.813232421875,-0.7934569716453552,0.5187987685203552,0.4272460639476776,80.0,10625.0,1.0,O,F,O,0
254991.3125,255112.90625,255332.296875,255210.625,255332.578125,255580.5,255406.25,255525.953125,-0.513671875,0.001220703125,-0.814453125,-0.7934569716453552,0.5187987685203552,0.4272460639476776,80.0,10626.0,1.0,O,F,O,0
254396.296875,254518.078125,254737.296875,254615.890625,254737.75,254985.21875,254811.328125,254930.6875,-0.513671875,-0.000732421875,-0.812744140625,-0.7019042372703552,0.4882812201976776,0.3967284858226776,80.0,10627.0,1.0,O,F,O,0
253810.859375,253932.546875,254151.78125,254030.53125,254152.3125,254399.4375,254225.796875,254344.984375,-0.513427734375,0.00048828125,-0.810546875,-0.7019042372703552,0.5187987685203552,0.4272460639476776,80.0,10628.0,1.0,O,F,O,0
254348.921875,254470.421875,254689.921875,254568.671875,254690.625,254938.015625,254763.9375,254883.484375,-0.51318359375,0.002685546875,-0.81103515625,-0.5798339247703552,0.5798339247703552,0.4272460639476776,80.0,10629.0,1.0,O,F,O,0
255020.71875,255142.21875,255361.8125,255240.484375,255362.609375,255610.1875,255435.84375,255555.46875,-0.513671875,0.000732421875,-0.811767578125,-0.7019042372703552,0.5187987685203552,0.4272460639476776,80.0,10630.0,1.0,O,F,O,0
254586.734375,254708.0625,254927.109375,254806.234375,254928.359375,255175.84375,255001.9375,255121.125,-0.513916015625,0.00146484375,-0.813232421875,-0.8239745497703552,0.5187987685203552,0.4577636420726776,80.0,10631.0,1.0,O,F,O,0
253878.015625,253999.25,254218.203125,254097.328125,254219.015625,254466.671875,254292.59375,254411.765625,-0.51513671875,-0.00048828125,-0.811279296875,-0.7629393935203552,0.4577636420726776,0.5493163466453552,80.0,10632.0,1.0,O,F,O,0
254236.4375,254357.859375,254577.078125,254456.03125,254577.703125,254825.71875,254651.296875,254770.65625,-0.515380859375,0.00146484375,-0.810791015625,-0.7324218153953552,0.4272460639476776,0.5798339247703552,80.0,10633.0,1.0,O,F,O,0
255012.859375,255134.359375,255353.578125,255232.4375,255354.484375,255602.40625,255428.0625,255547.6875,-0.5126953125,0.00146484375,-0.813232421875,-0.7324218153953552,0.4577636420726776,0.4882812201976776,80.0,10634.0,1.0,O,F,O,0
254770.46875,254892.0625,255111.015625,254989.875,255112.0,255359.75,255185.3125,255304.953125,-0.513671875,0.000244140625,-0.8115234375,-0.7629393935203552,0.4882812201976776,0.5187987685203552,80.0,10635.0,1.0,O,F,O,0
253985.5625,254107.421875,254326.203125,254205.59375,254327.453125,254574.578125,254400.765625,254519.5,-0.512939453125,0.001220703125,-0.8115234375,-0.7629393935203552,0.4577636420726776,0.4882812201976776,80.0,10636.0,1.0,O,F,O,0
254146.59375,254268.359375,254487.40625,254366.703125,254488.5625,254735.609375,254561.703125,254680.890625,-0.513671875,0.000732421875,-0.812255859375,-0.7324218153953552,0.4272460639476776,0.3662109076976776,80.0,10637.0,1.0,O,F,O,0
254972.796875,255094.125,255313.53125,255192.375,255314.515625,255561.90625,255387.5625,255506.921875,-0.51416015625,0.001220703125,-0.8125,-0.7019042372703552,0.5187987685203552,0.4882812201976776,80.0,10638.0,1.0,O,F,O,0
254936.234375,255057.46875,255276.78125,255155.546875,255277.671875,255525.25,255350.90625,255470.078125,-0.515869140625,0.002685546875,-0.81298828125,-0.6103515028953552,0.5798339247703552,0.4577636420726776,80.0,10639.0,1.0,O,F,O,0
254125.125,254246.8125,254465.59375,254344.53125,254466.484375,254713.875,254540.15625,254658.890625,-0.512939453125,0.001708984375,-0.81201171875,-0.7324218153953552,0.4882812201976776,0.4882812201976776,80.0,10640.0,1.0,O,F,O,0
254077.921875,254199.609375,254418.5625,254297.421875,254419.734375,254666.671875,254492.953125,254611.765625,-0.513427734375,0.002197265625,-0.8095703125,-0.7019042372703552,0.4577636420726776,0.4577636420726776,80.0,10641.0,1.0,O,F,O,0
254900.921875,255022.59375,255241.90625,255120.3125,255242.71875,255490.203125,255315.859375,255435.390625,-0.513427734375,0.0009765625,-0.81201171875,-0.6408690810203552,0.3967284858226776,0.4882812201976776,80.0,10642.0,1.0,O,F,O,0
255070.609375,255192.109375,255411.15625,255289.65625,255412.40625,255659.4375,255485.375,255604.90625,-0.51171875,0.0,-0.81103515625,-0.6713866591453552,0.5187987685203552,0.5187987685203552,80.0,10643.0,1.0,O,F,O,0
254286.875,254408.28125,254627.15625,254506.265625,254628.671875,254875.34375,254701.625,254820.984375,-0.513916015625,0.0,-0.812255859375,-0.6408690810203552,0.5798339247703552,0.4272460639476776,80.0,10644.0,1.0,O,F,O,0
254035.09375,254156.421875,254375.375,254254.765625,254377.078125,254623.84375,254449.859375,254568.859375,-0.515380859375,0.00048828125,-0.809326171875,-0.7934569716453552,0.4272460639476776,0.3662109076976776,80.0,10645.0,1.0,O,F,O,0
254805.25,254926.75,255145.4375,255024.5625,255147.046875,255394.4375,255219.5625,255339.28125,-0.513671875,0.0,-0.809326171875,-0.7629393935203552,0.4882812201976776,0.3356933295726776,80.0,10646.0,1.0,O,F,O,0
255173.34375,255294.75,255513.796875,255392.03125,255514.78125,255762.53125,255587.921875,255707.71875,-0.5146484375,0.001220703125,-0.81201171875,-0.7629393935203552,0.5187987685203552,0.3967284858226776,80.0,10647.0,1.0,O,F,O,0
254467.828125,254589.328125,254808.46875,254687.234375,254809.546875,255056.75,254882.9375,255002.296875,-0.51416015625,0.00048828125,-0.81201171875,-0.7629393935203552,0.5187987685203552,0.4272460639476776,80.0,10648.0,1.0,O,F,O,0
254026.0625,254147.296875,254366.703125,254245.734375,254367.78125,254614.90625,254441.0,254560.28125,-0.514892578125,0.0009765625,-0.810302734375,-0.7324218153953552,0.4272460639476776,0.3967284858226776,80.0,10649.0,1.0,O,F,O,0
254692.59375,254814.28125,255033.421875,254912.1875,255034.578125,255282.328125,255107.53125,255227.34375,-0.51416015625,0.0009765625,-0.81201171875,-0.7019042372703552,0.4577636420726776,0.4577636420726776,80.0,10650.0,1.0,O,F,O,0
255238.0625,255359.578125,255578.796875,255457.65625,255580.046875,255828.0625,255652.828125,255772.90625,-0.513671875,-0.000244140625,-0.812255859375,-0.7629393935203552,0.4272460639476776,0.4272460639476776,80.0,10651.0,1.0,O,F,O,0
254660.671875,254782.0,255001.3125,254880.078125,255002.390625,255250.046875,255075.34375,255194.890625,-0.5126953125,0.00146484375,-0.808837890625,-0.7629393935203552,0.5493163466453552,0.3967284858226776,80.0,10652.0,1.0,O,F,O,0
254060.3125,254182.078125,254401.3125,254279.984375,254402.203125,254649.234375,254475.15625,254594.34375,-0.512451171875,0.00146484375,-0.811279296875,-0.5798339247703552,0.4882812201976776,0.4577636420726776,80.0,10653.0,1.0,O,F,O,0
254581.640625,254703.421875,254922.546875,254801.3125,254923.71875,255170.921875,254996.40625,255115.765625,-0.512939453125,0.001220703125,-0.810791015625,-0.6713866591453552,0.4577636420726776,0.5187987685203552,80.0,10654.0,1.0,O,F,O,0
255267.21875,255389.34375,255608.03125,255487.15625,255609.375,255856.59375,255682.15625,255801.953125,-0.513427734375,0.000244140625,-0.812255859375,-0.6103515028953552,0.4272460639476776,0.4882812201976776,80.0,10655.0,1.0,O,F,O,0
254852.71875,254974.671875,255193.8125,255072.390625,255194.609375,255442.0,255267.21875,255387.109375,-0.5146484375,0.000244140625,-0.8125,-0.6713866591453552,0.4882812201976776,0.6103515028953552,80.0,10656.0,1.0,O,F,O,0
254134.15625,254255.484375,254474.984375,254353.390625,254475.78125,254722.90625,254548.65625,254668.015625,-0.51318359375,0.000244140625,-0.81298828125,-0.7019042372703552,0.3356933295726776,0.4577636420726776,80.0,10657.0,1.0,O,F,O,0
254476.234375,254597.640625,254816.875,254695.71875,254818.03125,255065.421875,254890.90625,255010.625,-0.516357421875,0.000732421875,-0.814453125,-0.7019042372703552,0.3662109076976776,0.4577636420726776,80.0,10658.0,1.0,O,F,O,0
255257.296875,255379.0625,255598.203125,255476.78125,255599.09375,255846.9375,255672.140625,255792.03125,-0.514404296875,0.00146484375,-0.811279296875,-0.7324218153953552,0.4577636420726776,0.3967284858226776,80.0,10659.0,1.0,O,F,O,0
255034.40625,255156.171875,255375.21875,255253.984375,255376.203125,255623.59375,255449.25,255568.78125,-0.515869140625,0.001220703125,-0.812744140625,-0.7629393935203552,0.5187987685203552,0.4272460639476776,80.0,10660.0,1.0,O,F,O,0
254244.40625,254365.90625,254584.953125,254463.71875,254585.9375,254833.0625,254658.796875,254778.0625,-0.514404296875,0.00341796875,-0.813232421875,-0.6408690810203552,0.3967284858226776,0.3967284858226776,80.0,10661.0,1.0,O,F,O,0
254385.3125,254507.171875,254726.390625,254604.796875,254727.109375,254974.3125,254800.328125,254919.515625,-0.51611328125,0.002685546875,-0.8095703125,-0.6713866591453552,0.3662109076976776,0.4272460639476776,80.0,10662.0,1.0,O,F,O,0
255212.953125,255334.8125,255554.390625,255432.4375,255554.75,255802.234375,255628.234375,255747.515625,-0.514404296875,0.000244140625,-0.810791015625,-0.5798339247703552,0.4577636420726776,0.3967284858226776,80.0,10663.0,1.0,O,F,O,0
255197.296875,255318.890625,255538.390625,255417.0625,255539.109375,255786.765625,255612.5,255731.953125,-0.514892578125,0.000732421875,-0.8095703125,-0.7934569716453552,0.4882812201976776,0.4577636420726776,80.0,10664.0,1.0,O,F,O,0
254386.921875,254508.515625,254727.90625,254606.59375,254728.890625,254975.921875,254801.9375,254921.203125,-0.51318359375,0.001708984375,-0.810546875,-0.7629393935203552,0.4577636420726776,0.3967284858226776,80.0,10665.0,1.0,O,F,O,0
254317.890625,254439.21875,254658.890625,254537.296875,254659.515625,254906.375,254732.734375,254852.015625,-0.512451171875,0.0009765625,-0.811767578125,-0.8544921278953552,0.4577636420726776,0.4272460639476776,80.0,10666.0,1.0,O,F,O,0
255138.5625,255260.234375,255479.28125,255357.96875,255480.265625,255727.75,255553.234375,255673.21875,-0.5146484375,0.001953125,-0.812744140625,-0.7629393935203552,0.5187987685203552,0.5187987685203552,80.0,10667.0,1.0,O,F,O,0
255332.484375,255453.890625,255673.125,255551.796875,255674.015625,255921.578125,255747.0625,255867.046875,-0.51513671875,0.001220703125,-0.814697265625,-0.7324218153953552,0.4577636420726776,0.4577636420726776,80.0,10668.0,1.0,O,F,O,0
254554.90625,254676.328125,254895.640625,254774.046875,254896.71875,255144.015625,254969.21875,255089.109375,-0.513427734375,0.000732421875,-0.81396484375,-0.7934569716453552,0.5493163466453552,0.3967284858226776,80.0,10669.0,1.0,O,F,O,0
254283.65625,254404.96875,254624.296875,254503.046875,254625.453125,254872.3125,254698.40625,254817.765625,-0.514404296875,0.000732421875,-0.815185546875,-0.7019042372703552,0.4882812201976776,0.5187987685203552,80.0,10670.0,1.0,O,F,O,0
255044.328125,255166.28125,255385.59375,255263.90625,255386.3125,255633.609375,255459.703125,255579.0625,-0.512451171875,-0.00048828125,-0.81396484375,-0.6713866591453552,0.4272460639476776,0.5493163466453552,80.0,10671.0,1.0,O,F,O,0
255432.078125,255554.125,255773.265625,255651.578125,255773.96875,256021.359375,255847.109375,255966.828125,-0.510986328125,0.001953125,-0.81396484375,-0.7019042372703552,0.4577636420726776,0.4882812201976776,80.0,10672.0,1.0,O,F,O,0
254738.1875,254859.875,255079.109375,254957.6875,255079.90625,255327.390625,255153.125,255272.84375,-0.512451171875,-0.000732421875,-0.814697265625,-0.7324218153953552,0.4577636420726776,0.4577636420726776,80.0,10673.0,1.0,O,F,O,0
254277.390625,254398.984375,254618.390625,254496.890625,254619.015625,254866.578125,254692.328125,254811.953125,-0.51416015625,0.000732421875,-0.814453125,-0.6713866591453552,0.5187987685203552,0.4577636420726776,80.0,10674.0,1.0,O,F,O,0
254931.140625,255052.90625,255271.953125,255150.453125,255273.03125,255520.234375,255346.078125,255465.609375,-0.513916015625,0.00146484375,-0.81298828125,-0.7629393935203552,0.4577636420726776,0.4577636420726776,80.0,10675.0,1.0,O,F,O,0
255491.53125,255613.484375,255832.625,255710.765625,255833.515625,256080.90625,255906.828125,256026.1875,-0.513916015625,0.00048828125,-0.8134765625,-0.7324218153953552,0.4272460639476776,0.4882812201976776,80.0,10676.0,1.0,O,F,O,0
254926.484375,255047.8125,255267.3125,255145.890625,255268.46875,255515.40625,255341.328125,255460.953125,-0.514404296875,0.001708984375,-0.811279296875,-0.7019042372703552,0.4577636420726776,0.5798339247703552,80.0,10677.0,1.0,O,F,O,0
254312.53125,254433.859375,254653.078125,254532.203125,254654.515625,254901.359375,254727.28125,254847.0,-0.515380859375,0.00244140625,-0.808349609375,-0.7934569716453552,0.4577636420726776,0.5493163466453552,80.0,10678.0,1.0,O,F,O,0
254818.296875,254940.34375,255159.296875,255038.0625,255160.734375,255407.5,255233.15625,255353.21875,-0.51513671875,0.001220703125,-0.8125,-0.7324218153953552,0.4272460639476776,0.4577636420726776,80.0,10679.0,1.0,O,F,O,0
255516.921875,255638.796875,255857.84375,255736.6875,255858.734375,256106.203125,255931.59375,256051.84375,-0.514404296875,0.0009765625,-0.81298828125,-0.7019042372703552,0.3662109076976776,0.5493163466453552,80.0,10680.0,1.0,O,F,O,0
255123.8125,255245.046875,255464.8125,255343.21875,255465.78125,255713.0,255538.921875,255658.28125,-0.514404296875,0.001708984375,-0.81591796875,-0.7629393935203552,0.4882812201976776,0.5187987685203552,80.0,10681.0,1.0,O,F,O,0
254394.6875,254516.109375,254735.78125,254613.828125,254736.765625,254983.890625,254809.71875,254928.71875,-0.512939453125,0.00244140625,-0.81396484375,-0.6713866591453552,0.4882812201976776,0.4272460639476776,80.0,10682.0,1.0,O,F,O,0
254716.296875,254837.96875,255057.46875,254935.515625,255058.09375,255305.484375,255131.40625,255250.765625,-0.513671875,0.001708984375,-0.81298828125,-0.7019042372703552,0.4882812201976776,0.3967284858226776,80.0,10683.0,1.0,O,F,O,0
255504.140625,255626.0,255845.59375,255723.734375,255846.03125,256093.6875,255919.265625,256039.0625,-0.51318359375,0.00146484375,-0.812255859375,-0.7019042372703552,0.4577636420726776,0.3662109076976776,80.0,10684.0,1.0,O,F,O,0
255300.203125,255421.703125,255641.203125,255519.4375,255641.734375,255889.578125,255715.234375,255834.765625,-0.514404296875,0.0009765625,-0.81103515625,-0.7629393935203552,0.4577636420726776,0.4272460639476776,80.0,10685.0,1.0,O,F,O,0
254505.640625,254627.15625,254846.375,254724.78125,254847.546875,255094.578125,254920.5,255039.578125,-0.51416015625,0.001953125,-0.810546875,-0.7629393935203552,0.4882812201976776,0.4272460639476776,80.0,10686.0,1.0,O,F,O,0
254626.703125,254748.390625,254967.609375,254846.203125,254968.859375,255215.890625,255041.546875,255161.171875,-0.51416015625,0.00048828125,-0.81103515625,-0.6713866591453552,0.5493163466453552,0.3662109076976776,80.0,10687.0,1.0,O,F,O,0
255455.234375,255577.28125,255796.421875,255675.171875,255797.3125,256044.875,255870.4375,255990.421875,-0.512939453125,0.001220703125,-0.8125,-0.7629393935203552,0.4882812201976776,0.4272460639476776,80.0,10688.0,1.0,O,F,O,0
255458.71875,255580.671875,255800.171875,255678.75,255800.890625,256048.546875,255873.9375,255994.09375,-0.51318359375,0.001708984375,-0.81298828125,-0.7934569716453552,0.4272460639476776,0.4577636420726776,80.0,10689.0,1.0,O,F,O,0
254648.078125,254769.9375,254989.15625,254867.921875,254990.140625,255237.359375,255063.375,255182.8125,-0.512939453125,0.001953125,-0.813232421875,-0.7324218153953552,0.4577636420726776,0.4577636420726776,80.0,10690.0,1.0,O,F,O,0
254556.96875,254678.5625,254897.78125,254776.546875,254898.6875,255145.890625,254971.8125,255091.359375,-0.513671875,0.000244140625,-0.81103515625,-0.7019042372703552,0.3967284858226776,0.3967284858226776,80.0,10691.0,1.0,O,F,O,0
255375.578125,255497.078125,255716.125,255594.890625,255717.109375,255964.671875,255790.15625,255909.875,-0.51513671875,0.0009765625,-0.812255859375,-0.7629393935203552,0.3967284858226776,0.4577636420726776,80.0,10692.0,1.0,O,F,O,0
255588.90625,255710.140625,255929.453125,255807.765625,255930.25,256177.921875,256003.390625,256123.640625,-0.5126953125,-0.001220703125,-0.81005859375,-0.7019042372703552,0.3967284858226776,0.5187987685203552,80.0,10693.0,1.0,O,F,O,0
254816.6875,254938.28125,255157.515625,255035.921875,255158.046875,255405.890625,255231.359375,255351.4375,-0.513427734375,0.0,-0.81201171875,-0.7019042372703552,0.4272460639476776,0.5187987685203552,80.0,10694.0,1.0,O,F,O,0
254525.40625,254647.453125,254866.578125,254745.34375,254866.9375,255114.953125,254940.34375,255060.15625,-0.51416015625,0.0009765625,-0.80908203125,-0.7324218153953552,0.4272460639476776,0.4272460639476776,80.0,10695.0,1.0,O,F,O,0
255278.921875,255400.796875,255620.015625,255498.59375,255620.734375,255868.484375,255693.59375,255813.765625,-0.512939453125,0.000732421875,-0.811279296875,-0.7629393935203552,0.4882812201976776,0.4577636420726776,80.0,10696.0,1.0,O,F,O,0
255685.46875,255807.234375,256026.640625,255905.046875,256027.4375,256274.921875,256100.40625,256220.5625,-0.514404296875,0.00048828125,-0.812255859375,-0.7019042372703552,0.4577636420726776,0.3967284858226776,80.0,10697.0,1.0,O,F,O,0
255002.65625,255124.515625,255343.84375,255222.15625,255344.546875,255591.859375,255417.6875,255537.5,-0.514892578125,-0.000244140625,-0.812255859375,-0.6408690810203552,0.4882812201976776,0.5187987685203552,80.0,10698.0,1.0,O,F,O,0
254527.90625,254649.5,254868.734375,254747.140625,254869.53125,255116.65625,254942.75,255062.109375,-0.51416015625,0.000732421875,-0.810302734375,-0.6408690810203552,0.5493163466453552,0.3967284858226776,80.0,10699.0,1.0,O,F,O,0
255172.4375,255294.3125,255513.625,255392.46875,255514.25,255761.90625,255587.203125,255707.359375,-0.51318359375,0.00146484375,-0.8095703125,-0.7324218153953552,0.5798339247703552,0.4577636420726776,80.0,10700.0,1.0,O,F,O,0
255751.171875,255872.765625,256092.171875,255970.671875,256092.984375,256340.640625,256165.84375,256286.015625,-0.51220703125,0.002197265625,-0.810791015625,-0.5798339247703552,0.5493163466453552,0.4577636420726776,80.0,10701.0,1.0,O,F,O,0
255202.84375,255324.796875,255544.015625,255422.421875,255544.46875,255792.484375,255617.953125,255737.5,-0.512939453125,0.000244140625,-0.809814453125,-0.6713866591453552,0.5493163466453552,0.3662109076976776,80.0,10702.0,1.0,O,F,O,0
254573.5,254695.375,254914.421875,254793.09375,254915.046875,255162.875,254988.4375,255108.078125,-0.513916015625,-0.00048828125,-0.810791015625,-0.7019042372703552,0.4577636420726776,0.4577636420726776,80.0,10703.0,1.0,O,F,O,0
255061.046875,255182.546875,255401.6875,255280.265625,255402.75,255650.40625,255476.0625,255595.25,-0.513671875,0.000732421875,-0.811279296875,-0.7324218153953552,0.5493163466453552,0.3967284858226776,80.0,10704.0,1.0,O,F,O,0
255766.203125,255887.875,256107.109375,255985.875,256107.640625,256355.65625,256181.3125,256300.84375,-0.51220703125,0.001220703125,-0.8115234375,-0.7324218153953552,0.5187987685203552,0.4577636420726776,80.0,10705.0,1.0,O,F,O,0
255384.875,255506.734375,255726.140625,255605.078125,255727.03125,255974.515625,255800.171875,255919.890625,-0.512939453125,0.002197265625,-0.814697265625,-0.7629393935203552,0.5493163466453552,0.4577636420726776,80.0,10706.0,1.0,O,F,O,0
254647.984375,254769.9375,254989.25,254867.921875,254989.96875,255237.71875,255063.71875,255182.640625,-0.512451171875,0.001708984375,-0.8115234375,-0.7629393935203552,0.4272460639476776,0.4577636420726776,80.0,10707.0,1.0,O,F,O,0
254950.796875,255072.84375,255291.984375,255170.484375,255292.609375,255540.4375,255366.375,255485.71875,-0.51171875,0.001220703125,-0.813232421875,-0.7934569716453552,0.4577636420726776,0.4577636420726776,80.0,10708.0,1.0,O,F,O,0
255745.359375,255867.671875,256086.546875,255964.953125,256087.25,256335.09375,256160.75,256280.546875,-0.51220703125,0.000244140625,-0.814453125,-0.8239745497703552,0.4577636420726776,0.4272460639476776,80.0,10709.0,1.0,O,F,O,0
255561.359375,255683.21875,255902.09375,255780.59375,255903.34375,256150.640625,255976.390625,256096.015625,-0.512939453125,0.002197265625,-0.811279296875,-0.8544921278953552,0.4272460639476776,0.4577636420726776,80.0,10710.0,1.0,O,F,O,0
254762.6875,254884.46875,255103.515625,254982.09375,255104.578125,255352.234375,255177.71875,255296.90625,-0.513427734375,0.001220703125,-0.81298828125,-0.8544921278953552,0.4577636420726776,0.4577636420726776,80.0,10711.0,1.0,O,F,O,0
254865.59375,254986.828125,255206.234375,255084.734375,255207.140625,255454.796875,255280.09375,255399.890625,-0.5146484375,0.000732421875,-0.811767578125,-0.7629393935203552,0.5187987685203552,0.4882812201976776,80.0,10712.0,1.0,O,F,O,0
255699.59375,255821.453125,256040.40625,255918.71875,256040.859375,256288.875,256114.25,256234.234375,-0.513916015625,-0.000244140625,-0.812255859375,-0.6713866591453552,0.4882812201976776,0.5187987685203552,80.0,10713.0,1.0,O,F,O,0
255723.546875,255845.5,256064.546875,255942.59375,256065.0,256312.734375,256138.578125,256258.375,-0.513916015625,-0.0029296875,-0.8115234375,-0.6713866591453552,0.5493163466453552,0.5187987685203552,80.0,10714.0,1.0,O,F,O,0
254913.515625,255035.390625,255254.4375,255132.84375,255255.40625,255502.625,255328.375,255448.078125,-0.5126953125,-0.001220703125,-0.81201171875,-0.7629393935203552,0.5187987685203552,0.4882812201976776,80.0,10715.0,1.0,O,F,O,0
254804.171875,254926.03125,255144.8125,255023.484375,255145.984375,255393.28125,255218.84375,255338.5625,-0.5126953125,0.000732421875,-0.810302734375,-0.7934569716453552,0.4882812201976776,0.4882812201976776,80.0,10716.0,1.0,O,F,O,0
255618.859375,255740.53125,255959.578125,255838.078125,255960.390625,256208.5,256033.796875,256153.59375,-0.51318359375,0.000244140625,-0.810791015625,-0.7629393935203552,0.5187987685203552,0.4882812201976776,80.0,10717.0,1.0,O,F,O,0
255849.34375,255971.203125,256190.15625,256068.484375,256191.140625,256438.8125,256264.1875,256384.265625,-0.512939453125,0.000244140625,-0.807861328125,-0.7629393935203552,0.4272460639476776,0.4882812201976776,80.0,10718.0,1.0,O,F,O,0
255080.796875,255202.484375,255421.703125,255300.125,255422.6875,255670.265625,255495.921875,255615.359375,-0.514892578125,0.000244140625,-0.8115234375,-0.7934569716453552,0.4272460639476776,0.3967284858226776,80.0,10719.0,1.0,O,F,O,0
254771.359375,254892.6875,255112.0,254990.328125,255113.25,255360.46875,255186.125,255305.75,-0.514404296875,0.0009765625,-0.812255859375,-0.7324218153953552,0.4882812201976776,0.4272460639476776,80.0,10720.0,1.0,O,F,O,0
255517.46875,255638.96875,255858.28125,255736.421875,255859.265625,256106.484375,255932.3125,256051.9375,-0.515625,0.00146484375,-0.814208984375,-0.7934569716453552,0.4272460639476776,0.4882812201976776,80.0,10721.0,1.0,O,F,O,0
255943.40625,256065.0,256284.046875,256162.53125,256284.9375,256532.765625,256358.515625,256478.140625,-0.515380859375,0.000732421875,-0.8134765625,-0.7934569716453552,0.4882812201976776,0.5493163466453552,80.0,10722.0,1.0,O,F,O,0
255273.5625,255395.15625,255614.203125,255493.234375,255615.015625,255862.484375,255688.6875,255808.21875,-0.515869140625,-0.000732421875,-0.812744140625,-0.7324218153953552,0.3662109076976776,0.4882812201976776,80.0,10723.0,1.0,O,F,O,0
254781.46875,254902.53125,255121.578125,255000.609375,255122.375,255369.765625,255195.6875,255314.953125,-0.51416015625,0.000244140625,-0.812255859375,-0.7934569716453552,0.3662109076976776,0.5187987685203552,80.0,10724.0,1.0,O,F,O,0
255407.234375,255528.546875,255747.875,255626.1875,255748.671875,255996.421875,255821.625,255941.34375,-0.513427734375,0.000732421875,-0.81005859375,-0.7629393935203552,0.4272460639476776,0.4882812201976776,80.0,10725.0,1.0,O,F,O,0
256000.265625,256121.859375,256341.0,256219.21875,256341.796875,256589.640625,256414.578125,256534.5625,-0.513427734375,0.002197265625,-0.81103515625,-0.7324218153953552,0.3356933295726776,0.5493163466453552,80.0,10726.0,1.0,O,F,O,0
255468.5625,255590.515625,255809.46875,255687.78125,255810.09375,256058.109375,255883.5,256003.296875,-0.515380859375,0.001953125,-0.8115234375,-0.7629393935203552,0.3356933295726776,0.5187987685203552,80.0,10727.0,1.0,O,F,O,0
254826.703125,254948.21875,255167.171875,255046.109375,255168.234375,255415.90625,255241.5625,255360.734375,-0.51416015625,0.00048828125,-0.810302734375,-0.7019042372703552,0.4577636420726776,0.4882812201976776,80.0,10728.0,1.0,O,F,O,0
255294.578125,255415.8125,255634.59375,255513.4375,255635.75,255883.140625,255709.15625,255828.6875,-0.515380859375,0.0009765625,-0.8115234375,-0.7934569716453552,0.5187987685203552,0.4577636420726776,80.0,10729.0,1.0,O,F,O,0
256014.296875,256135.71875,256354.765625,256233.4375,256355.65625,256603.671875,256429.0625,256548.5,-0.513916015625,0.0009765625,-0.812255859375,-0.7629393935203552,0.4577636420726776,0.4882812201976776,80.0,10730.0,1.0,O,F,O,0
255657.125,255778.890625,255997.9375,255876.34375,255998.46875,256246.671875,256071.96875,256191.765625,-0.5146484375,0.002197265625,-0.8115234375,-0.7019042372703552,0.4577636420726776,0.5493163466453552,80.0,10731.0,1.0,O,F,O,0
254910.84375,255032.25,255251.390625,255130.0625,255252.28125,255500.03125,255325.421875,255445.3125,-0.5146484375,0.0009765625,-0.810791015625,-0.7629393935203552,0.4577636420726776,0.5493163466453552,80.0,10732.0,1.0,O,F,O,0
255193.546875,255315.140625,255534.0,255412.765625,255535.078125,255782.46875,255608.21875,255727.9375,-0.5146484375,0.000244140625,-0.811767578125,-0.7629393935203552,0.4882812201976776,0.4272460639476776,80.0,10733.0,1.0,O,F,O,0
255995.703125,256117.5625,256336.34375,256214.75,256337.234375,256584.984375,256410.375,256530.359375,-0.51318359375,0.001220703125,-0.811767578125,-0.7324218153953552,0.5187987685203552,0.4272460639476776,80.0,10734.0,1.0,O,F,O,0
255836.375,255958.59375,256177.203125,256055.609375,256178.359375,256426.015625,256251.671875,256371.21875,-0.514404296875,-0.000732421875,-0.81103515625,-0.7324218153953552,0.4882812201976776,0.3967284858226776,80.0,10735.0,1.0,O,F,O,0
255033.5,255155.640625,255374.140625,255252.828125,255375.3125,255622.78125,255448.53125,255568.15625,-0.51416015625,-0.0009765625,-0.810546875,-0.7629393935203552,0.4882812201976776,0.4882812201976776,80.0,10736.0,1.0,O,F,O,0
255107.359375,255229.578125,255448.078125,255326.765625,255449.0625,255696.734375,255522.734375,255642.015625,-0.51611328125,-0.00146484375,-0.810546875,-0.6408690810203552,0.4272460639476776,0.4272460639476776,80.0,10737.0,1.0,O,F,O,0
255939.734375,256061.59375,256280.375,256159.046875,256281.453125,256528.5625,256354.9375,256474.484375,-0.5146484375,-0.000244140625,-0.810302734375,-0.6408690810203552,0.4577636420726776,0.3967284858226776,80.0,10738.0,1.0,O,F,O,0
255990.15625,256112.109375,256330.796875,256209.46875,256331.96875,256579.359375,256405.015625,256525.0,-0.512939453125,0.0009765625,-0.809326171875,-0.6713866591453552,0.3967284858226776,0.4272460639476776,80.0,10739.0,1.0,O,F,O,0
255183.359375,255305.125,255524.34375,255403.03125,255525.15625,255773.078125,255598.5625,255718.0,-0.51416015625,0.0,-0.810546875,-0.6408690810203552,0.4272460639476776,0.5798339247703552,80.0,10740.0,1.0,O,F,O,0
255050.5,255172.09375,255391.484375,255269.984375,255392.109375,255639.859375,255465.609375,255584.875,-0.513427734375,0.00048828125,-0.810546875,-0.7324218153953552,0.4882812201976776,0.4882812201976776,80.0,10741.0,1.0,O,F,O,0
255859.890625,255981.484375,256200.890625,256079.390625,256201.421875,256449.265625,256274.921875,256394.546875,-0.51171875,0.000732421875,-0.81103515625,-0.7324218153953552,0.5493163466453552,0.4882812201976776,80.0,10742.0,1.0,O,F,O,0
256113.359375,256234.875,256454.8125,256332.859375,256455.078125,256703.09375,256528.390625,256648.28125,-0.512939453125,0.001708984375,-0.81103515625,-0.7324218153953552,0.4577636420726776,0.3967284858226776,80.0,10743.0,1.0,O,F,O,0
255356.53125,255478.3125,255697.984375,255576.203125,255698.25,255946.265625,255771.46875,255891.28125,-0.514404296875,-0.000244140625,-0.8125,-0.8239745497703552,0.4577636420726776,0.4882812201976776,80.0,10744.0,1.0,O,F,O,0
255023.3125,255145.265625,255364.484375,255242.71875,255364.765625,255612.59375,255438.4375,255557.875,-0.5126953125,0.001220703125,-0.81396484375,-0.7629393935203552,0.3967284858226776,0.4577636420726776,80.0,10745.0,1.0,O,F,O,0
255755.921875,255877.859375,256096.828125,255975.5,256097.71875,256345.546875,256170.9375,256290.84375,-0.513671875,0.002685546875,-0.812255859375,-0.7629393935203552,0.4577636420726776,0.4882812201976776,80.0,10746.0,1.0,O,F,O,0
256201.15625,256322.75,256541.796875,256420.203125,256542.515625,256790.703125,256615.734375,256735.90625,-0.512939453125,0.00146484375,-0.8125,-0.7019042372703552,0.5187987685203552,0.4882812201976776,80.0,10747.0,1.0,O,F,O,0
255543.21875,255665.078125,255884.03125,255762.4375,255884.84375,256132.765625,255958.328125,256078.21875,-0.51416015625,-0.000244140625,-0.809814453125,-0.7629393935203552,0.5187987685203552,0.4882812201976776,80.0,10748.0,1.0,O,F,O,0
255036.640625,255158.5,255377.546875,255255.953125,255378.078125,255625.640625,255451.75,255571.28125,-0.513916015625,0.001953125,-0.809814453125,-0.7629393935203552,0.4882812201976776,0.5187987685203552,80.0,10749.0,1.0,O,F,O,0
255650.40625,255772.1875,255991.046875,255869.734375,255991.765625,256239.78125,256065.359375,256185.328125,-0.51318359375,0.00146484375,-0.811279296875,-0.7324218153953552,0.4882812201976776,0.4272460639476776,80.0,10750.0,1.0,O,F,O,0
256252.5625,256374.25,256593.203125,256471.796875,256594.28125,256842.03125,256667.421875,256787.671875,-0.513671875,0.00048828125,-0.810546875,-0.7324218153953552,0.4882812201976776,0.4577636420726776,80.0,10751.0,1.0,O,F,O,0
255732.21875,255853.640625,256073.3125,255951.71875,256074.109375,256321.40625,256147.421875,256267.140625,-0.51318359375,0.0,-0.81005859375,-0.7019042372703552,0.4272460639476776,0.4272460639476776,80.0,10752.0,1.0,O,F,O,0
255076.25,255198.015625,255417.328125,255296.265625,255418.140625,255665.703125,255492.15625,255611.4375,-0.514892578125,-0.00048828125,-0.81005859375,-0.7934569716453552,0.3662109076976776,0.4272460639476776,80.0,10753.0,1.0,O,F,O,0
255528.734375,255650.59375,255870.09375,255748.671875,255870.53125,256118.453125,255944.203125,256063.65625,-0.5146484375,-0.000244140625,-0.8076171875,-0.7324218153953552,0.3967284858226776,0.4882812201976776,80.0,10754.0,1.0,O,F,O,0
256262.3125,256383.8125,256603.3125,256481.71875,256603.765625,256851.859375,256677.515625,256797.234375,-0.51611328125,0.00146484375,-0.8076171875,-0.7324218153953552,0.3967284858226776,0.5187987685203552,80.0,10755.0,1.0,O,F,O,0
255923.546875,256044.875,256264.546875,256142.953125,256265.09375,256513.015625,256338.84375,256458.65625,-0.514892578125,0.0009765625,-0.813720703125,-0.7324218153953552,0.3051757514476776,0.4272460639476776,80.0,10756.0,1.0,O,F,O,0
255169.140625,255290.734375,255509.78125,255388.546875,255511.125,255758.421875,255584.25,255703.875,-0.5146484375,-0.00048828125,-0.8134765625,-0.7324218153953552,0.3356933295726776,0.3967284858226776,80.0,10757.0,1.0,O,F,O,0
255430.921875,255552.609375,255772.0,255650.40625,255772.90625,256020.109375,255846.21875,255965.84375,-0.51220703125,0.000732421875,-0.81103515625,-0.7324218153953552,0.3356933295726776,0.4577636420726776,80.0,10758.0,1.0,O,F,O,0
256237.453125,256359.140625,256578.546875,256456.6875,256579.265625,256827.09375,256652.390625,256772.65625,-0.513671875,0.000732421875,-0.8125,-0.7629393935203552,0.4577636420726776,0.4272460639476776,80.0,10759.0,1.0,O,F,O,0
256098.703125,256220.296875,256439.875,256318.1875,256440.59375,256688.15625,256514.078125,256634.0625,-0.51318359375,0.0009765625,-0.812744140625,-0.7019042372703552,0.5187987685203552,0.4577636420726776,80.0,10760.0,1.0,O,F,O,0
255294.125,255415.453125,255634.765625,255513.4375,255635.84375,255883.046875,255708.96875,255828.6875,-0.51318359375,0.0009765625,-0.811279296875,-0.7629393935203552,0.4882812201976776,0.4882812201976776,80.0,10761.0,1.0,O,F,O,0
255350.0,255471.78125,255690.734375,255569.328125,255691.625,255938.84375,255765.03125,255884.65625,-0.51171875,0.00048828125,-0.81103515625,-0.7629393935203552,0.4577636420726776,0.4272460639476776,80.0,10762.0,1.0,O,F,O,0
256182.390625,256304.25,256523.46875,256401.703125,256524.1875,256771.578125,256597.6875,256717.578125,-0.51318359375,0.002197265625,-0.812744140625,-0.6713866591453552,0.5187987685203552,0.4577636420726776,80.0,10763.0,1.0,O,F,O,0
256251.859375,256373.71875,256592.671875,256470.90625,256593.390625,256841.40625,256666.703125,256787.046875,-0.513427734375,0.001220703125,-0.80859375,-0.7019042372703552,0.4577636420726776,0.4577636420726776,80.0,10764.0,1.0,O,F,O,0
255447.375,255569.046875,255787.828125,255666.6875,255789.0,256036.46875,255862.3125,255981.9375,-0.515380859375,0.00048828125,-0.809326171875,-0.7019042372703552,0.3967284858226776,0.5493163466453552,80.0,10765.0,1.0,O,F,O,0
255292.421875,255413.9375,255632.984375,255512.015625,255634.046875,255881.53125,255707.453125,255827.171875,-0.51513671875,0.001220703125,-0.810791015625,-0.7934569716453552,0.3967284858226776,0.4272460639476776,80.0,10766.0,1.0,O,F,O,0
256097.453125,256218.59375,256437.90625,256316.9375,256438.8125,256686.46875,256512.296875,256632.375,-0.51416015625,0.001220703125,-0.8125,-0.7324218153953552,0.4882812201976776,0.4882812201976776,80.0,10767.0,1.0,O,F,O,0
256371.75,256493.609375,256712.5625,256591.328125,256713.734375,256961.203125,256786.78125,256906.671875,-0.515625,0.0009765625,-0.8134765625,-0.7019042372703552,0.5493163466453552,0.4882812201976776,80.0,10768.0,1.0,O,F,O,0
255621.53125,255743.125,255962.4375,255841.125,255963.34375,256210.90625,256036.390625,256156.28125,-0.5146484375,0.002197265625,-0.812255859375,-0.6713866591453552,0.4882812201976776,0.4882812201976776,80.0,10769.0,1.0,O,F,O,0
255269.984375,255391.765625,255611.25,255489.921875,255611.796875,255859.359375,255685.1875,255805.265625,-0.51171875,0.00341796875,-0.808837890625,-0.7019042372703552,0.4272460639476776,0.3967284858226776,80.0,10770.0,1.0,O,F,O,0
255992.75,256114.609375,256333.75,256212.609375,256334.828125,256582.21875,256408.3125,256528.21875,-0.512451171875,0.00146484375,-0.812744140625,-0.6713866591453552,0.5187987685203552,0.4272460639476776,80.0,10771.0,1.0,O,F,O,0
256454.546875,256576.3125,256795.890625,256674.390625,256796.171875,257044.09375,256870.015625,256989.90625,-0.5146484375,-0.00048828125,-0.81298828125,-0.5493163466453552,0.4272460639476776,0.3967284858226776,80.0,10772.0,1.0,O,F,O,0
255807.328125,255929.09375,256148.40625,256027.078125,256148.953125,256396.78125,256222.4375,256342.421875,-0.515625,-0.000244140625,-0.810302734375,-0.6103515028953552,0.4882812201976776,0.3967284858226776,80.0,10773.0,1.0,O,F,O,0
255281.25,255402.9375,255622.25,255500.921875,255622.96875,255870.625,255696.1875,255816.078125,-0.513916015625,-0.000244140625,-0.810546875,-0.7019042372703552,0.5187987685203552,0.5493163466453552,80.0,10774.0,1.0,O,F,O,0
255877.5,255999.09375,256218.78125,256097.0,256219.21875,256467.234375,256292.796875,256412.78125,-0.51513671875,0.00146484375,-0.811767578125,-0.7629393935203552,0.4882812201976776,0.5187987685203552,80.0,10775.0,1.0,O,F,O,0
256499.15625,256620.921875,256840.6875,256719.1875,256841.40625,257089.15625,256914.890625,257034.875,-0.5146484375,0.000244140625,-0.81103515625,-0.7324218153953552,0.3967284858226776,0.4882812201976776,80.0,10776.0,1.0,O,F,O,0
256001.34375,256123.375,256342.6875,256221.453125,256343.9375,256591.25,256416.8125,256536.890625,-0.51416015625,0.00048828125,-0.811279296875,-0.7629393935203552,0.4577636420726776,0.5493163466453552,80.0,10777.0,1.0,O,F,O,0
255332.75,255454.4375,255673.390625,255552.328125,255674.734375,255921.859375,255747.78125,255867.40625,-0.5146484375,-0.000732421875,-0.8125,-0.7324218153953552,0.4272460639476776,0.4577636420726776,80.0,10778.0,1.0,O,F,O,0
255762.890625,255884.21875,256103.53125,255982.375,256104.515625,256352.078125,256178.09375,256297.453125,-0.511962890625,0.001220703125,-0.811279296875,-0.8239745497703552,0.4272460639476776,0.4272460639476776,80.0,10779.0,1.0,O,F,O,0
256501.75,256623.703125,256842.75,256721.234375,256843.8125,257091.390625,256917.046875,257036.9375,-0.51318359375,0.00146484375,-0.810791015625,-0.7934569716453552,0.3967284858226776,0.3967284858226776,80.0,10780.0,1.0,O,F,O,0
256184.0,256306.125,256525.0,256403.578125,256525.96875,256773.90625,256599.203125,256719.453125,-0.515380859375,0.0009765625,-0.81201171875,-0.7629393935203552,0.4882812201976776,0.3662109076976776,80.0,10781.0,1.0,O,F,O,0
255423.40625,255545.359375,255764.671875,255643.078125,255765.484375,256012.953125,255838.609375,255958.6875,-0.513427734375,0.001220703125,-0.810546875,-0.8544921278953552,0.4272460639476776,0.4577636420726776,80.0,10782.0,1.0,O,F,O,0
255663.921875,255786.046875,256005.09375,255883.59375,256005.890625,256253.46875,256079.390625,256199.375,-0.511962890625,0.001220703125,-0.811279296875,-0.6408690810203552,0.4577636420726776,0.4272460639476776,80.0,10783.0,1.0,O,F,O,0
256473.859375,256596.34375,256815.46875,256693.609375,256815.828125,257063.671875,256889.328125,257009.578125,-0.510986328125,0.0009765625,-0.8115234375,-0.6103515028953552,0.4882812201976776,0.4272460639476776,80.0,10784.0,1.0,O,F,O,0
256357.796875,256479.65625,256698.890625,256577.03125,256699.78125,256947.53125,256772.734375,256893.171875,-0.51171875,0.001953125,-0.811279296875,-0.6713866591453552,0.4272460639476776,0.3967284858226776,80.0,10785.0,1.0,O,F,O,0
255552.0625,255673.84375,255892.96875,255771.203125,255894.046875,256141.53125,255967.265625,256086.8125,-0.513427734375,0.00146484375,-0.8095703125,-0.6713866591453552,0.3662109076976776,0.3662109076976776,80.0,10786.0,1.0,O,F,O,0
255587.828125,255709.421875,255928.65625,255807.140625,255929.546875,256177.203125,256002.671875,256122.296875,-0.512939453125,0.000732421875,-0.8115234375,-0.7019042372703552,0.4577636420726776,0.3967284858226776,80.0,10787.0,1.0,O,F,O,0
256419.84375,256541.796875,256761.03125,256639.703125,256761.5625,257009.578125,256835.234375,256955.046875,-0.512451171875,0.000732421875,-0.812255859375,-0.8239745497703552,0.4272460639476776,0.5187987685203552,80.0,10788.0,1.0,O,F,O,0
256511.40625,256633.4375,256852.578125,256731.171875,256853.203125,257101.125,256926.78125,257046.6875,-0.51318359375,0.000732421875,-0.808837890625,-0.7629393935203552,0.4272460639476776,0.4577636420726776,80.0,10789.0,1.0,O,F,O,0
255709.875,255831.546875,256050.78125,255929.28125,256052.03125,256299.328125,256125.34375,256244.796875,-0.512939453125,0.002197265625,-0.8095703125,-0.8544921278953552,0.3662109076976776,0.3967284858226776,80.0,10790.0,1.0,O,F,O,0
255533.203125,255655.0625,255874.015625,255752.515625,255875.359375,256122.75,255948.3125,256067.671875,-0.51416015625,0.001220703125,-0.813232421875,-0.7324218153953552,0.4577636420726776,0.3356933295726776,80.0,10791.0,1.0,O,F,O,0
256328.75,256450.78125,256669.921875,256548.328125,256671.171875,256918.921875,256743.859375,256863.84375,-0.51318359375,0.001953125,-0.815673828125,-0.8544921278953552,0.4272460639476776,0.4577636420726776,80.0,10792.0,1.0,O,F,O,0
256625.578125,256747.703125,256966.75,256845.15625,256968.09375,257215.75,257040.953125,257161.296875,-0.512939453125,0.0,-0.81396484375,-0.8544921278953552,0.3967284858226776,0.4882812201976776,80.0,10793.0,1.0,O,F,O,0
255884.921875,256006.96875,256226.28125,256104.875,256227.453125,256475.109375,256300.84375,256420.5625,-0.515625,0.0,-0.8134765625,-0.7934569716453552,0.3662109076976776,0.4882812201976776,80.0,10794.0,1.0,O,F,O,0
255513.890625,255635.65625,255854.984375,255734.015625,255856.046875,256103.4375,255929.546875,256048.90625,-0.51513671875,0.001220703125,-0.813720703125,-0.7934569716453552,0.4272460639476776,0.3967284858226776,80.0,10795.0,1.0,O,F,O,0
256227.265625,256348.6875,256567.90625,256447.03125,256568.890625,256816.453125,256642.390625,256761.921875,-0.513671875,0.000732421875,-0.811767578125,-0.8544921278953552,0.5187987685203552,0.3662109076976776,80.0,10796.0,1.0,O,F,O,0
256708.359375,256830.046875,257049.1875,256927.859375,257050.078125,257298.28125,257123.65625,257243.375,-0.5146484375,0.000732421875,-0.813232421875,-0.7629393935203552,0.4882812201976776,0.3967284858226776,80.0,10797.0,1.0,O,F,O,0
256077.328125,256199.109375,256418.15625,256297.0,256419.3125,256667.328125,256492.625,256612.34375,-0.513427734375,0.0009765625,-0.81103515625,-0.7324218153953552,0.4882812201976776,0.3662109076976776,80.0,10798.0,1.0,O,F,O,0
255536.15625,255657.5625,255876.796875,255755.203125,255877.78125,256125.515625,255951.265625,256070.453125,-0.511962890625,0.000732421875,-0.81298828125,-0.7019042372703552,0.4882812201976776,0.4577636420726776,80.0,10799.0,1.0,O,F,O,0
256116.40625,256237.640625,256456.859375,256335.453125,256457.9375,256705.59375,256531.25,256650.96875,-0.511474609375,0.00048828125,-0.812744140625,-0.6713866591453552,0.4882812201976776,0.4882812201976776,80.0,10800.0,1.0,O,F,O,0
256751.015625,256872.421875,257091.390625,256970.234375,257092.453125,257340.390625,257165.6875,257285.9375,-0.512939453125,0.000244140625,-0.81298828125,-0.7019042372703552,0.4882812201976776,0.3967284858226776,80.0,10801.0,1.0,O,F,O,0
256271.078125,256392.9375,256611.71875,256490.484375,256612.703125,256860.53125,256686.28125,256806.53125,-0.514404296875,-0.00048828125,-0.8095703125,-0.7019042372703552,0.4577636420726776,0.3967284858226776,80.0,10802.0,1.0,O,F,O,0
255594.4375,255716.21875,255935.0,255813.84375,255936.25,256183.734375,256009.65625,256129.453125,-0.5146484375,0.001220703125,-0.810302734375,-0.6408690810203552,0.5187987685203552,0.3662109076976776,80.0,10803.0,1.0,O,F,O,0
256008.75,256130.171875,256349.484375,256228.15625,256350.296875,256597.859375,256423.875,256543.765625,-0.513671875,0.0009765625,-0.81005859375,-0.7934569716453552,0.4272460639476776,0.3662109076976776,80.0,10804.0,1.0,O,F,O,0
256757.265625,256878.953125,257098.265625,256976.59375,257098.984375,257346.90625,257172.65625,257292.640625,-0.515380859375,0.000244140625,-0.80908203125,-0.7629393935203552,0.4272460639476776,0.3662109076976776,80.0,10805.0,1.0,O,F,O,0
256456.859375,256578.640625,256797.6875,256675.828125,256798.671875,257046.421875,256871.984375,256992.0625,-0.514892578125,0.001220703125,-0.809814453125,-0.7934569716453552,0.5187987685203552,0.4577636420726776,80.0,10806.0,1.0,O,F,O,0
255686.890625,255808.484375,256027.53125,255906.296875,256028.515625,256276.53125,256101.65625,256221.453125,-0.513671875,-0.000244140625,-0.810546875,-0.7934569716453552,0.4577636420726776,0.4272460639476776,80.0,10807.0,1.0,O,F,O,0
255909.78125,256031.46875,256250.328125,256129.640625,256251.3125,256499.421875,256324.625,256444.171875,-0.514404296875,-0.000244140625,-0.808837890625,-0.7324218153953552,0.3967284858226776,0.5187987685203552,80.0,10808.0,1.0,O,F,O,0
256725.265625,256847.3125,257065.90625,256945.03125,257066.796875,257314.640625,257140.203125,257260.359375,-0.514892578125,0.001708984375,-0.811767578125,-0.7324218153953552,0.4272460639476776,0.4272460639476776,80.0,10809.0,1.0,O,F,O,0
256626.734375,256748.59375,256967.296875,256846.328125,256968.546875,257216.109375,257041.9375,257161.84375,-0.515380859375,0.001953125,-0.811279296875,-0.6713866591453552,0.4577636420726776,0.3967284858226776,80.0,10810.0,1.0,O,F,O,0
255817.96875,255939.375,256158.328125,256037.28125,256159.59375,256407.328125,256233.171875,256352.53125,-0.515869140625,0.000244140625,-0.809814453125,-0.7019042372703552,0.4882812201976776,0.3051757514476776,80.0,10811.0,1.0,O,F,O,0
255831.640625,255953.140625,256171.921875,256050.875,256173.265625,256421.109375,256246.578125,256366.5625,-0.515869140625,0.00048828125,-0.808837890625,-0.7629393935203552,0.4577636420726776,0.2746581733226776,80.0,10812.0,1.0,O,F,O,0
256660.984375,256782.75,257001.625,256880.390625,257002.6875,257250.984375,257076.1875,257196.265625,-0.51318359375,0.001953125,-0.80859375,-0.7019042372703552,0.3662109076976776,0.3967284858226776,80.0,10813.0,1.0,O,F,O,0
256770.953125,256892.90625,257111.765625,256990.625,257112.484375,257360.59375,257186.15625,257306.046875,-0.513916015625,0.001708984375,-0.813232421875,-0.7324218153953552,0.4882812201976776,0.3356933295726776,80.0,10814.0,1.0,O,F,O,0
255973.890625,256095.84375,256314.703125,256193.65625,256315.609375,256563.078125,256388.921875,256508.71875,-0.511474609375,0.001953125,-0.81396484375,-0.6408690810203552,0.5798339247703552,0.3356933295726776,80.0,10815.0,1.0,O,F,O,0
255778.890625,255901.015625,256119.796875,255998.65625,256120.609375,256368.359375,256194.359375,256314.078125,-0.5146484375,0.0009765625,-0.810546875,-0.7019042372703552,0.5493163466453552,0.3051757514476776,80.0,10816.0,1.0,O,F,O,0
256571.9375,256694.421875,256913.015625,256791.96875,256913.5625,257161.84375,256987.765625,257107.75,-0.514892578125,0.00146484375,-0.810302734375,-0.7019042372703552,0.4882812201976776,0.2441406100988388,80.0,10817.0,1.0,O,F,O,0
256886.015625,257007.96875,257226.84375,257105.421875,257227.375,257475.5625,257301.046875,257421.484375,-0.51416015625,0.001708984375,-0.8134765625,-0.7324218153953552,0.4577636420726776,0.3967284858226776,80.0,10818.0,1.0,O,F,O,0
256152.96875,256274.75,256493.796875,256372.203125,256494.421875,256742.515625,256567.90625,256687.796875,-0.51318359375,-0.0009765625,-0.812255859375,-0.8239745497703552,0.4882812201976776,0.4577636420726776,80.0,10819.0,1.0,O,F,O,0
255764.3125,255886.453125,256105.140625,255983.640625,256106.203125,256353.78125,256179.4375,256299.234375,-0.513427734375,-0.001708984375,-0.8115234375,-0.7019042372703552,0.4577636420726776,0.4272460639476776,80.0,10820.0,1.0,O,F,O,0
256466.515625,256588.734375,256807.515625,256686.015625,256808.0625,257056.15625,256881.640625,257001.625,-0.51171875,-0.0009765625,-0.811279296875,-0.7324218153953552,0.3662109076976776,0.4577636420726776,80.0,10821.0,1.0,O,F,O,0
256962.90625,257084.5,257303.640625,257182.21875,257304.359375,257552.375,257377.578125,257498.1875,-0.5126953125,-0.00048828125,-0.811767578125,-0.7324218153953552,0.4272460639476776,0.4577636420726776,80.0,10822.0,1.0,O,F,O,0
256344.5625,256466.25,256685.125,256563.796875,256686.109375,256933.84375,256759.328125,256879.671875,-0.512451171875,-0.000732421875,-0.810791015625,-0.6408690810203552,0.5798339247703552,0.5187987685203552,80.0,10823.0,1.0,O,F,O,0
255786.40625,255908.171875,256126.953125,256005.890625,256128.109375,256375.6875,256201.34375,256321.5,-0.5146484375,-0.001220703125,-0.810791015625,-0.7324218153953552,0.5187987685203552,0.4272460639476776,80.0,10824.0,1.0,O,F,O,0
256353.421875,256475.015625,256693.875,256573.0,256694.953125,256942.609375,256768.53125,256888.703125,-0.51171875,0.000732421875,-0.812744140625,-0.8544921278953552,0.4272460639476776,0.5187987685203552,80.0,10825.0,1.0,O,F,O,0
257002.15625,257124.28125,257342.703125,257221.921875,257343.6875,257591.703125,257417.359375,257537.796875,-0.512451171875,0.00146484375,-0.810791015625,-0.7629393935203552,0.4577636420726776,0.5798339247703552,80.0,10826.0,1.0,O,F,O,0
256537.421875,256659.1875,256877.96875,256757.359375,256878.953125,257126.96875,256952.53125,257072.875,-0.515625,-0.0009765625,-0.812255859375,-0.8544921278953552,0.5187987685203552,0.4577636420726776,80.0,10827.0,1.0,O,F,O,0
255843.71875,255965.484375,256184.625,256063.46875,256185.328125,256433.0,256258.65625,256378.90625,-0.513427734375,0.000244140625,-0.811279296875,-0.7324218153953552,0.4577636420726776,0.5187987685203552,80.0,10828.0,1.0,O,F,O,0
256233.53125,256355.484375,256573.984375,256453.28125,256575.234375,256822.984375,256648.90625,256768.71875,-0.513916015625,0.0009765625,-0.81103515625,-0.6713866591453552,0.4577636420726776,0.4272460639476776,80.0,10829.0,1.0,O,F,O,0
256993.75,257115.890625,257334.390625,257213.25,257335.5625,257583.578125,257409.140625,257529.296875,-0.513916015625,0.00341796875,-0.81005859375,-0.7629393935203552,0.4577636420726776,0.3967284858226776,80.0,10830.0,1.0,O,F,O,0
256720.171875,256842.125,257060.90625,256939.484375,257061.875,257309.625,257135.28125,257255.453125,-0.5146484375,0.001953125,-0.811279296875,-0.6408690810203552,0.4882812201976776,0.4882812201976776,80.0,10831.0,1.0,O,F,O,0
255945.28125,256067.234375,256286.1875,256164.6875,256286.984375,256534.734375,256360.3125,256479.9375,-0.514892578125,0.00048828125,-0.81494140625,-0.6713866591453552,0.5187987685203552,0.4272460639476776,80.0,10832.0,1.0,O,F,O,0
256139.921875,256262.40625,256481.1875,256359.765625,256481.90625,256729.90625,256555.390625,256675.203125,-0.516357421875,-0.0009765625,-0.81591796875,-0.6713866591453552,0.5187987685203552,0.4577636420726776,80.0,10833.0,1.0,O,F,O,0
256959.15625,257081.28125,257300.234375,257178.5625,257300.859375,257549.15625,257374.453125,257494.703125,-0.51318359375,-0.000732421875,-0.814208984375,-0.7629393935203552,0.5187987685203552,0.4882812201976776,80.0,10834.0,1.0,O,F,O,0
256886.828125,257009.21875,257228.265625,257106.40625,257228.625,257477.265625,257302.296875,257422.734375,-0.513427734375,0.00048828125,-0.813232421875,-0.7934569716453552,0.5187987685203552,0.4577636420726776,80.0,10835.0,1.0,O,F,O,0
256077.515625,256199.546875,256418.59375,256297.265625,256419.3125,256667.5,256492.8125,256612.609375,-0.51416015625,-0.001220703125,-0.8125,-0.7934569716453552,0.5493163466453552,0.5187987685203552,80.0,10836.0,1.0,O,F,O,0
256063.75,256185.328125,256404.5625,256283.0625,256405.453125,256653.375,256478.765625,256598.84375,-0.513916015625,0.001220703125,-0.8115234375,-0.7019042372703552,0.4577636420726776,0.3967284858226776,80.0,10837.0,1.0,O,F,O,0
256891.734375,257013.328125,257232.375,257110.96875,257233.0,257481.296875,257306.59375,257427.015625,-0.51416015625,-0.00146484375,-0.81103515625,-0.8239745497703552,0.4577636420726776,0.4272460639476776,80.0,10838.0,1.0,O,F,O,0
257028.71875,257150.03125,257368.90625,257247.578125,257370.15625,257618.0,257443.203125,257563.71875,-0.51318359375,-0.000244140625,-0.81396484375,-0.7324218153953552,0.4577636420726776,0.4577636420726776,80.0,10839.0,1.0,O,F,O,0
256236.65625,256358.15625,256577.203125,256455.703125,256578.1875,256825.9375,256651.234375,256771.578125,-0.515380859375,0.00146484375,-0.81005859375,-0.7934569716453552,0.3967284858226776,0.5493163466453552,80.0,10840.0,1.0,O,F,O,0
256017.515625,256139.296875,256358.515625,256236.921875,256359.140625,256607.15625,256432.546875,256552.796875,-0.517333984375,0.000732421875,-0.812744140625,-0.7324218153953552,0.5187987685203552,0.4577636420726776,80.0,10841.0,1.0,O,F,O,0
256800.015625,256922.5,257141.984375,257019.953125,257142.265625,257390.546875,257215.84375,257336.09375,-0.514892578125,0.0,-0.815673828125,-0.6408690810203552,0.5187987685203552,0.4272460639476776,80.0,10842.0,1.0,O,F,O,0
257137.4375,257259.296875,257478.609375,257356.921875,257478.96875,257727.515625,257552.546875,257673.0625,-0.515625,0.00244140625,-0.8134765625,-0.6408690810203552,0.5798339247703552,0.3967284858226776,80.0,10843.0,1.0,O,F,O,0
256416.71875,256538.3125,256757.1875,256635.859375,256757.890625,257005.5625,256831.296875,256951.546875,-0.5146484375,0.00146484375,-0.814208984375,-0.6408690810203552,0.5798339247703552,0.3967284858226776,80.0,10844.0,1.0,O,F,O,0
256008.046875,256130.078125,256348.953125,256227.796875,256349.390625,256597.40625,256423.15625,256543.046875,-0.51513671875,0.002197265625,-0.812744140625,-0.7324218153953552,0.5187987685203552,0.4272460639476776,80.0,10845.0,1.0,O,F,O,0
256696.828125,256818.515625,257037.390625,256915.875,257037.921875,257286.296875,257111.953125,257232.109375,-0.5126953125,0.00244140625,-0.811767578125,-0.7324218153953552,0.5798339247703552,0.3967284858226776,80.0,10846.0,1.0,O,F,O,0
257210.5625,257332.609375,257551.46875,257429.796875,257552.09375,257800.203125,257625.859375,257746.296875,-0.513916015625,0.000732421875,-0.813232421875,-0.7019042372703552,0.5798339247703552,0.4577636420726776,80.0,10847.0,1.0,O,F,O,0
256606.625,256728.75,256947.625,256825.84375,256948.515625,257196.171875,257022.0,257142.078125,-0.5126953125,0.003173828125,-0.814208984375,-0.6713866591453552,0.5187987685203552,0.4577636420726776,80.0,10848.0,1.0,O,F,O,0
256031.734375,256154.046875,256373.0,256251.234375,256373.53125,256621.375,256447.125,256567.46875,-0.515869140625,0.000244140625,-0.8134765625,-0.7019042372703552,0.4882812201976776,0.4272460639476776,80.0,10849.0,1.0,O,F,O,0
256580.609375,256702.640625,256921.78125,256800.28125,256922.5,257170.515625,256995.984375,257116.328125,-0.513916015625,0.000732421875,-0.80908203125,-0.7629393935203552,0.4272460639476776,0.4272460639476776,80.0,10850.0,1.0,O,F,O,0
257245.25,257367.125,257586.171875,257464.125,257586.796875,257835.25,257659.828125,257780.890625,-0.51416015625,-0.00048828125,-0.81298828125,-0.7019042372703552,0.4882812201976776,0.3662109076976776,80.0,10851.0,1.0,O,F,O,0
256802.0625,256924.015625,257143.0625,257021.203125,257143.953125,257391.96875,257216.828125,257337.53125,-0.51318359375,0.000732421875,-0.811279296875,-0.7934569716453552,0.4577636420726776,0.4272460639476776,80.0,10852.0,1.0,O,F,O,0
256100.3125,256222.34375,256441.3125,256319.625,256441.9375,256689.6875,256514.796875,256635.234375,-0.51318359375,0.00048828125,-0.811767578125,-0.7934569716453552,0.4272460639476776,0.4577636420726776,80.0,10853.0,1.0,O,F,O,0
256472.25,256594.46875,256813.421875,256691.203125,256813.953125,257061.703125,256887.1875,257007.515625,-0.51220703125,0.000732421875,-0.812744140625,-0.7934569716453552,0.4272460639476776,0.4882812201976776,80.0,10854.0,1.0,O,F,O,0
257239.984375,257362.015625,257581.25,257458.9375,257581.421875,257829.703125,257655.359375,257775.53125,-0.515380859375,0.00048828125,-0.81103515625,-0.7324218153953552,0.4272460639476776,0.4882812201976776,80.0,10855.0,1.0,O,F,O,0
256981.6875,257103.71875,257322.859375,257200.90625,257323.3125,257571.59375,257396.890625,257517.328125,-0.514892578125,0.001708984375,-0.81298828125,-0.7324218153953552,0.3662109076976776,0.4577636420726776,80.0,10856.0,1.0,O,F,O,0
256200.359375,256322.75,256541.890625,256419.765625,256542.515625,256790.625,256615.828125,256735.8125,-0.514404296875,0.00244140625,-0.81103515625,-0.7324218153953552,0.4577636420726776,0.3051757514476776,80.0,10857.0,1.0,O,F,O,0
256377.296875,256499.78125,256719.09375,256596.875,256719.453125,256967.640625,256793.125,256913.015625,-0.513671875,0.0009765625,-0.810546875,-0.7324218153953552,0.4882812201976776,0.3356933295726776,80.0,10858.0,1.0,O,F,O,0
257200.90625,257323.390625,257542.4375,257420.5,257542.984375,257791.53125,257616.5625,257736.90625,-0.512451171875,0.00048828125,-0.813232421875,-0.7934569716453552,0.5187987685203552,0.2746581733226776,80.0,10859.0,1.0,O,F,O,0
257148.421875,257270.640625,257489.515625,257367.828125,257490.140625,257738.328125,257563.8125,257684.328125,-0.51171875,0.00048828125,-0.814697265625,-0.7934569716453552,0.4577636420726776,0.3356933295726776,80.0,10860.0,1.0,O,F,O,0
256338.21875,256460.359375,256679.484375,256557.625,256679.9375,256927.6875,256753.421875,256873.6875,-0.511962890625,0.00146484375,-0.81103515625,-0.7019042372703552,0.5187987685203552,0.3662109076976776,80.0,10861.0,1.0,O,F,O,0
256307.109375,256429.78125,256648.734375,256526.78125,256649.265625,256897.015625,256722.578125,256843.109375,-0.514404296875,0.002197265625,-0.81396484375,-0.7324218153953552,0.5187987685203552,0.4577636420726776,80.0,10862.0,1.0,O,F,O,0
257133.671875,257256.15625,257474.9375,257352.90625,257475.484375,257723.578125,257548.96875,257669.671875,-0.513427734375,0.001708984375,-0.813232421875,-0.7629393935203552,0.5187987685203552,0.4577636420726776,80.0,10863.0,1.0,O,F,O,0
257289.25,257411.46875,257630.515625,257508.296875,257631.046875,257879.15625,257704.546875,257824.703125,-0.514892578125,-0.000732421875,-0.81103515625,-0.7324218153953552,0.4577636420726776,0.5187987685203552,80.0,10864.0,1.0,O,F,O,0
256500.40625,256622.171875,256841.5,256719.625,256842.203125,257089.78125,256915.515625,257035.59375,-0.514404296875,0.00048828125,-0.809326171875,-0.6713866591453552,0.4272460639476776,0.5187987685203552,80.0,10865.0,1.0,O,F,O,0
256263.75,256385.875,256604.5625,256483.234375,256605.734375,256853.5625,256679.3125,256799.109375,-0.5146484375,0.001220703125,-0.813232421875,-0.7019042372703552,0.4272460639476776,0.3967284858226776,80.0,10866.0,1.0,O,F,O,0
257039.625,257162.015625,257380.96875,257259.296875,257381.421875,257629.890625,257455.1875,257575.4375,-0.513671875,0.00048828125,-0.809814453125,-0.7629393935203552,0.4882812201976776,0.3967284858226776,80.0,10867.0,1.0,O,F,O,0
257394.03125,257516.78125,257735.65625,257613.609375,257736.375,257984.734375,257809.140625,257930.46875,-0.513427734375,0.000732421875,-0.80859375,-0.7629393935203552,0.4577636420726776,0.4272460639476776,80.0,10868.0,1.0,O,F,O,0
256682.53125,256805.015625,257023.890625,256901.9375,257024.78125,257272.53125,257097.5625,257218.34375,-0.51708984375,0.002685546875,-0.810791015625,-0.7324218153953552,0.5187987685203552,0.4272460639476776,80.0,10869.0,1.0,O,F,O,0
256254.09375,256376.578125,256595.53125,256473.671875,256596.34375,256844.0,256669.46875,256789.546875,-0.515380859375,0.001953125,-0.812255859375,-0.7324218153953552,0.5493163466453552,0.4272460639476776,80.0,10870.0,1.0,O,F,O,0
256929.65625,257052.3125,257270.921875,257149.328125,257271.984375,257520.09375,257345.21875,257465.546875,-0.5146484375,-0.000244140625,-0.811767578125,-0.7934569716453552,0.5493163466453552,0.4272460639476776,80.0,10871.0,1.0,O,F,O,0
257463.671875,257586.25,257805.21875,257683.078125,257805.75,258053.9375,257878.703125,257999.765625,-0.515380859375,0.000244140625,-0.812744140625,-0.8239745497703552,0.5493163466453552,0.3662109076976776,80.0,10872.0,1.0,O,F,O,0
256875.734375,256997.953125,257217.265625,257094.96875,257217.265625,257465.28125,257290.3125,257411.28125,-0.513671875,0.00048828125,-0.811279296875,-0.7324218153953552,0.4577636420726776,0.4272460639476776,80.0,10873.0,1.0,O,F,O,0
256286.1875,256408.3125,256627.546875,256505.40625,256627.984375,256875.734375,256701.296875,256821.46875,-0.51220703125,0.001220703125,-0.812744140625,-0.7934569716453552,0.4577636420726776,0.4577636420726776,80.0,10874.0,1.0,O,F,O,0
256820.484375,256942.609375,257161.390625,257039.703125,257162.109375,257410.21875,257235.59375,257355.9375,-0.512451171875,0.001953125,-0.811279296875,-0.7629393935203552,0.5798339247703552,0.4577636420726776,80.0,10875.0,1.0,O,F,O,0
257498.453125,257620.40625,257839.359375,257717.6875,257839.984375,258088.359375,257913.03125,258034.1875,-0.513671875,0.001708984375,-0.810791015625,-0.8239745497703552,0.5493163466453552,0.3662109076976776,80.0,10876.0,1.0,O,F,O,0
257072.078125,257194.203125,257413.15625,257291.484375,257413.4375,257662.078125,257487.09375,257607.796875,-0.51318359375,0.0009765625,-0.810546875,-0.7934569716453552,0.4577636420726776,0.4577636420726776,80.0,10877.0,1.0,O,F,O,0
256358.703125,256480.828125,256700.046875,256578.28125,256700.234375,256948.328125,256774.265625,256894.6875,-0.51220703125,0.001708984375,-0.812744140625,-0.7934569716453552,0.4272460639476776,0.4577636420726776,80.0,10878.0,1.0,O,F,O,0
256713.640625,256835.5,257054.8125,256932.953125,257055.171875,257303.015625,257128.671875,257249.28125,-0.51416015625,0.00048828125,-0.814208984375,-0.7934569716453552,0.4577636420726776,0.4577636420726776,80.0,10879.0,1.0,O,F,O,0
257488.359375,257610.21875,257829.4375,257707.578125,257829.984375,258078.265625,257903.375,258024.171875,-0.513427734375,0.001220703125,-0.810791015625,-0.7934569716453552,0.3967284858226776,0.4577636420726776,80.0,10880.0,1.0,O,F,O,0
257249.28125,257371.234375,257590.546875,257468.5,257590.8125,257839.0,257664.3125,257784.734375,-0.5146484375,0.00048828125,-0.810546875,-0.8239745497703552,0.4272460639476776,0.4882812201976776,80.0,10881.0,1.0,O,F,O,0
256460.625,256582.84375,256802.421875,256680.5625,256802.78125,257050.53125,256876.0,256996.34375,-0.51318359375,0.0,-0.81103515625,-0.8239745497703552,0.5187987685203552,0.5493163466453552,80.0,10882.0,1.0,O,F,O,0
256616.640625,256738.765625,256957.984375,256836.125,256958.265625,257206.359375,257031.578125,257152.453125,-0.51318359375,0.001708984375,-0.81298828125,-0.7934569716453552,0.5493163466453552,0.4577636420726776,80.0,10883.0,1.0,O,F,O,0
257443.46875,257565.953125,257784.828125,257663.234375,257785.09375,258033.734375,257858.671875,257979.828125,-0.511474609375,0.0,-0.8134765625,-0.7629393935203552,0.5187987685203552,0.3967284858226776,80.0,10884.0,1.0,O,F,O,0
257411.28125,257533.5,257752.375,257630.78125,257752.8125,258001.546875,257826.3125,257947.453125,-0.512939453125,-0.001953125,-0.81689453125,-0.7019042372703552,0.4882812201976776,0.4272460639476776,80.0,10885.0,1.0,O,F,O,0
256599.203125,256720.890625,256940.375,256818.34375,256940.5625,257188.75,257013.6875,257134.75,-0.5126953125,0.0009765625,-0.814208984375,-0.7019042372703552,0.4577636420726776,0.4272460639476776,80.0,10886.0,1.0,O,F,O,0
256546.0,256668.046875,256887.265625,256765.671875,256887.53125,257136.0,256960.9375,257081.546875,-0.512451171875,0.001220703125,-0.8115234375,-0.6713866591453552,0.4882812201976776,0.4272460639476776,80.0,10887.0,1.0,O,F,O,0
257370.609375,257493.0,257712.234375,257590.28125,257712.3125,257960.6875,257785.8125,257906.953125,-0.5146484375,0.0009765625,-0.8115234375,-0.6408690810203552,0.4577636420726776,0.3967284858226776,80.0,10888.0,1.0,O,F,O,0
257542.71875,257665.015625,257884.15625,257762.203125,257884.421875,258133.0625,257957.921875,258079.15625,-0.512939453125,-0.000244140625,-0.811767578125,-0.8239745497703552,0.4272460639476776,0.4882812201976776,80.0,10889.0,1.0,O,F,O,0
256758.34375,256880.296875,257099.25,256977.296875,257100.328125,257347.890625,257173.1875,257294.15625,-0.512451171875,0.001220703125,-0.810302734375,-0.7629393935203552,0.4272460639476776,0.4272460639476776,80.0,10890.0,1.0,O,F,O,0
256502.1875,256624.328125,256843.546875,256721.515625,256844.265625,257092.015625,256917.21875,257038.1875,-0.515380859375,0.001220703125,-0.8125,-0.6408690810203552,0.4577636420726776,0.5187987685203552,80.0,10891.0,1.0,O,F,O,0
257271.625,257393.84375,257612.890625,257491.03125,257613.171875,257861.71875,257686.65625,257807.453125,-0.513916015625,0.00048828125,-0.813232421875,-0.6713866591453552,0.4882812201976776,0.3967284858226776,80.0,10892.0,1.0,O,F,O,0
257645.265625,257767.578125,257986.625,257864.84375,257987.0625,258235.4375,258060.296875,258181.25,-0.513671875,-0.000244140625,-0.8134765625,-0.6103515028953552,0.4882812201976776,0.4577636420726776,80.0,10893.0,1.0,O,F,O,0
256941.984375,257063.9375,257283.25,257161.484375,257283.703125,257531.984375,257357.015625,257477.71875,-0.51171875,-0.001220703125,-0.8134765625,-0.6713866591453552,0.4577636420726776,0.3967284858226776,80.0,10894.0,1.0,O,F,O,0
256497.8125,256620.03125,256838.90625,256717.3125,256839.265625,257088.25,256913.109375,257033.265625,-0.5146484375,-0.000244140625,-0.8115234375,-0.6408690810203552,0.4577636420726776,0.3662109076976776,80.0,10895.0,1.0,O,F,O,0
257160.9375,257283.171875,257502.125,257380.4375,257502.65625,257751.296875,257576.0625,257696.765625,-0.5146484375,-0.00048828125,-0.814208984375,-0.6408690810203552,0.5187987685203552,0.4272460639476776,80.0,10896.0,1.0,O,F,O,0
257708.5625,257830.875,258049.828125,257928.0625,258050.015625,258298.828125,258123.234375,258244.375,-0.51513671875,0.0009765625,-0.81396484375,-0.6408690810203552,0.4882812201976776,0.3967284858226776,80.0,10897.0,1.0,O,F,O,0
257133.234375,257255.09375,257474.046875,257352.71875,257474.5,257723.40625,257547.984375,257668.953125,-0.513916015625,0.001220703125,-0.810791015625,-0.7019042372703552,0.5493163466453552,0.4272460639476776,80.0,10898.0,1.0,O,F,O,0
256531.25,256653.203125,256871.796875,256750.5625,256872.421875,257120.796875,256945.921875,257066.703125,-0.5126953125,0.000244140625,-0.809326171875,-0.7324218153953552,0.5187987685203552,0.4577636420726776,80.0,10899.0,1.0,O,F,O,0
257048.921875,257170.6875,257389.640625,257267.875,257390.0,257638.5625,257463.59375,257584.375,-0.5126953125,0.000244140625,-0.813232421875,-0.7324218153953552,0.4577636420726776,0.3662109076976776,80.0,10900.0,1.0,O,F,O,0
257735.75,257857.6875,258076.828125,257955.0625,258077.359375,258325.921875,258150.765625,258271.640625,-0.513671875,0.000732421875,-0.810302734375,-0.7629393935203552,0.4577636420726776,0.3967284858226776,80.0,10901.0,1.0,O,F,O,0
257326.796875,257448.65625,257668.15625,257546.28125,257668.421875,257917.0625,257741.90625,257862.609375,-0.513671875,0.001953125,-0.8115234375,-0.6713866591453552,0.4577636420726776,0.3662109076976776,80.0,10902.0,1.0,O,F,O,0
256606.0,256728.21875,256947.703125,256825.765625,256947.890625,257196.265625,257021.109375,257141.8125,-0.514404296875,0.001220703125,-0.81201171875,-0.7629393935203552,0.4577636420726776,0.4272460639476776,80.0,10903.0,1.0,O,F,O,0
256944.3125,257066.625,257285.84375,257163.8125,257286.296875,257534.671875,257359.421875,257480.390625,-0.5146484375,0.00048828125,-0.81103515625,-0.7629393935203552,0.4577636420726776,0.5187987685203552,80.0,10904.0,1.0,O,F,O,0
257727.0625,257849.109375,258068.421875,257946.203125,258068.609375,258317.328125,258142.0,258263.15625,-0.513671875,0.001708984375,-0.811279296875,-0.7934569716453552,0.4272460639476776,0.4882812201976776,80.0,10905.0,1.0,O,F,O,0
257509.1875,257631.5,257850.546875,257728.40625,257850.546875,258099.546875,257924.390625,258045.359375,-0.512939453125,0.002685546875,-0.810546875,-0.7019042372703552,0.3662109076976776,0.4577636420726776,80.0,10906.0,1.0,O,F,O,0
256716.953125,256839.265625,257058.3125,256936.53125,257058.9375,257307.03125,257132.328125,257252.859375,-0.513427734375,0.00390625,-0.810546875,-0.7629393935203552,0.4272460639476776,0.4882812201976776,80.0,10907.0,1.0,O,F,O,0
256850.609375,256972.921875,257192.0625,257070.546875,257192.78125,257440.96875,257266.4375,257386.703125,-0.51318359375,0.001220703125,-0.810791015625,-0.7324218153953552,0.4882812201976776,0.4882812201976776,80.0,10908.0,1.0,O,F,O,0
257678.609375,257800.65625,258019.875,257898.28125,258020.140625,258269.234375,258094.171875,258214.609375,-0.51416015625,0.001953125,-0.813720703125,-0.7019042372703552,0.5187987685203552,0.3967284858226776,80.0,10909.0,1.0,O,F,O,0
257669.84375,257791.890625,258011.03125,257889.609375,258011.46875,258260.375,258084.96875,258205.9375,-0.514892578125,0.000732421875,-0.812255859375,-0.6408690810203552,0.5187987685203552,0.4577636420726776,80.0,10910.0,1.0,O,F,O,0
256860.09375,256982.40625,257201.71875,257080.03125,257202.078125,257450.359375,257275.65625,257396.078125,-0.515625,0.000732421875,-0.810302734375,-0.7019042372703552,0.4882812201976776,0.4882812201976776,80.0,10911.0,1.0,O,F,O,0
256786.0625,256908.28125,257127.5,257005.828125,257127.953125,257376.234375,257201.09375,257321.875,-0.514892578125,0.00146484375,-0.810546875,-0.7019042372703552,0.3967284858226776,0.4577636420726776,80.0,10912.0,1.0,O,F,O,0
257608.421875,257730.46875,257949.6875,257827.65625,257949.78125,258198.15625,258022.828125,258143.96875,-0.513916015625,0.002685546875,-0.812255859375,-0.7324218153953552,0.4882812201976776,0.4882812201976776,80.0,10913.0,1.0,O,F,O,0
257804.765625,257926.625,258146.03125,258023.8125,258146.125,258394.765625,258219.53125,258340.40625,-0.51513671875,0.0009765625,-0.81103515625,-0.7019042372703552,0.3967284858226776,0.5493163466453552,80.0,10914.0,1.0,O,F,O,0
257028.796875,257150.84375,257369.890625,257248.296875,257370.15625,257618.890625,257444.09375,257564.4375,-0.515625,0.000732421875,-0.811279296875,-0.8239745497703552,0.4272460639476776,0.5187987685203552,80.0,10915.0,1.0,O,F,O,0
256750.203125,256872.421875,257091.46875,256969.96875,257091.921875,257340.203125,257165.59375,257285.671875,-0.512451171875,0.001953125,-0.812744140625,-0.8239745497703552,0.4882812201976776,0.5493163466453552,80.0,10916.0,1.0,O,F,O,0
257509.90625,257632.296875,257851.4375,257730.015625,257852.15625,258100.34375,257925.375,258046.078125,-0.513671875,0.00146484375,-0.8125,-0.6713866591453552,0.4577636420726776,0.4882812201976776,80.0,10917.0,1.0,O,F,O,0
257902.84375,258025.234375,258244.828125,258123.140625,258245.625,258493.640625,258318.3125,258439.734375,-0.514892578125,0.001708984375,-0.8125,-0.7934569716453552,0.4882812201976776,0.4577636420726776,80.0,10918.0,1.0,O,F,O,0
257210.5625,257332.34375,257551.65625,257430.5,257552.546875,257800.65625,257625.765625,257746.828125,-0.514404296875,0.000732421875,-0.81396484375,-0.7019042372703552,0.4272460639476776,0.3967284858226776,80.0,10919.0,1.0,O,F,O,0
256745.921875,256867.875,257087.0,256965.953125,257087.71875,257336.265625,257161.125,257282.0,-0.51513671875,0.002197265625,-0.810791015625,-0.7019042372703552,0.5187987685203552,0.4272460639476776,80.0,10920.0,1.0,O,F,O,0
257397.15625,257519.46875,257738.25,257616.921875,257738.6875,257987.421875,257811.921875,257933.15625,-0.51416015625,0.001953125,-0.81298828125,-0.7934569716453552,0.5187987685203552,0.4272460639476776,80.0,10921.0,1.0,O,F,O,0
257962.484375,258084.78125,258303.5625,258182.15625,258304.109375,258553.015625,258377.0625,258498.296875,-0.5146484375,0.00146484375,-0.812744140625,-0.7629393935203552,0.4882812201976776,0.4272460639476776,80.0,10922.0,1.0,O,F,O,0
257405.46875,257527.875,257746.734375,257625.234375,257747.28125,257996.0,257820.5,257941.640625,-0.513427734375,0.001953125,-0.8154296875,-0.7629393935203552,0.4272460639476776,0.3967284858226776,80.0,10923.0,1.0,O,F,O,0
256789.640625,256911.671875,257131.0,257009.21875,257131.265625,257379.546875,257204.578125,257325.71875,-0.5146484375,0.002197265625,-0.814208984375,-0.7324218153953552,0.3967284858226776,0.3662109076976776,80.0,10924.0,1.0,O,F,O,0
257289.0625,257411.1875,257630.515625,257508.203125,257630.953125,257879.328125,257704.265625,257825.15625,-0.51416015625,0.003173828125,-0.81298828125,-0.7629393935203552,0.4882812201976776,0.4882812201976776,80.0,10925.0,1.0,O,F,O,0
257986.796875,258108.921875,258328.0625,258205.9375,258328.421875,258577.328125,258402.1875,258523.328125,-0.512939453125,0.002685546875,-0.812255859375,-0.5493163466453552,0.4882812201976776,0.4577636420726776,80.0,10926.0,1.0,O,F,O,0
257594.84375,257716.78125,257936.109375,257814.328125,257936.109375,258185.28125,258010.046875,258131.1875,-0.514404296875,0.000244140625,-0.8134765625,-0.6408690810203552,0.4577636420726776,0.4577636420726776,80.0,10927.0,1.0,O,F,O,0
256863.046875,256985.078125,257204.3125,257082.625,257204.390625,257453.3125,257278.0625,257398.765625,-0.51220703125,0.001708984375,-0.811279296875,-0.6408690810203552,0.4272460639476776,0.3967284858226776,80.0,10928.0,1.0,O,F,O,0
257180.25,257302.5625,257521.703125,257399.84375,257521.703125,257770.609375,257595.28125,257716.15625,-0.5146484375,0.0,-0.810302734375,-0.7324218153953552,0.4577636420726776,0.3967284858226776,80.0,10929.0,1.0,O,F,O,0
257972.046875,258094.4375,258313.40625,258191.625,258313.765625,258562.578125,258387.34375,258508.484375,-0.515869140625,-0.0009765625,-0.81201171875,-0.6713866591453552,0.5493163466453552,0.4272460639476776,80.0,10930.0,1.0,O,F,O,0
257773.375,257895.6875,258114.375,257992.875,258115.09375,258364.09375,258188.59375,258309.734375,-0.514404296875,0.000244140625,-0.814453125,-0.6408690810203552,0.5798339247703552,0.4577636420726776,80.0,10931.0,1.0,O,F,O,0
256975.0625,257097.375,257316.421875,257194.921875,257316.953125,257565.6875,257390.546875,257510.96875,-0.513916015625,0.001708984375,-0.810791015625,-0.6713866591453552,0.5187987685203552,0.3967284858226776,80.0,10932.0,1.0,O,F,O,0
257091.125,257213.34375,257432.65625,257310.875,257433.015625,257681.65625,257506.6875,257627.203125,-0.514404296875,0.002197265625,-0.8125,-0.7934569716453552,0.5187987685203552,0.4577636420726776,80.0,10933.0,1.0,O,F,O,0
257921.625,258043.84375,258263.328125,258141.46875,258263.78125,258512.328125,258337.265625,258458.15625,-0.514892578125,0.001708984375,-0.812255859375,-0.7019042372703552,0.4577636420726776,0.4882812201976776,80.0,10934.0,1.0,O,F,O,0
257930.296875,258052.78125,258272.28125,258150.328125,258272.8125,258521.453125,258346.21875,258467.1875,-0.515869140625,0.001953125,-0.811279296875,-0.7934569716453552,0.3967284858226776,0.3967284858226776,80.0,10935.0,1.0,O,F,O,0
257119.28125,257241.140625,257460.640625,257338.6875,257461.359375,257709.71875,257534.578125,257654.921875,-0.514892578125,0.000732421875,-0.8095703125,-0.7019042372703552,0.4272460639476776,0.3967284858226776,80.0,10936.0,1.0,O,F,O,0
257025.046875,257146.90625,257365.859375,257244.09375,257366.40625,257614.953125,257440.078125,257560.59375,-0.515625,0.00048828125,-0.80908203125,-0.7324218153953552,0.4272460639476776,0.4882812201976776,80.0,10937.0,1.0,O,F,O,0
257843.203125,257965.15625,258184.203125,258062.609375,258184.46875,258433.5625,258258.328125,258379.109375,-0.513671875,0.001953125,-0.810791015625,-0.7934569716453552,0.3967284858226776,0.4577636420726776,80.0,10938.0,1.0,O,F,O,0
258060.5625,258182.78125,258401.640625,258280.046875,258402.09375,258651.1875,258476.125,258597.0,-0.516357421875,-0.0009765625,-0.81201171875,-0.7019042372703552,0.4272460639476776,0.4272460639476776,80.0,10939.0,1.0,O,F,O,0
257290.140625,257412.625,257631.9375,257509.984375,257632.203125,257881.03125,257706.15625,257826.765625,-0.517578125,-0.00048828125,-0.808349609375,-0.7324218153953552,0.3967284858226776,0.4882812201976776,80.0,10940.0,1.0,O,F,O,0
256994.828125,257117.21875,257336.625,257214.40625,257336.71875,257585.53125,257410.84375,257530.828125,-0.514892578125,0.001220703125,-0.8115234375,-0.7629393935203552,0.4882812201976776,0.4882812201976776,80.0,10941.0,1.0,O,F,O,0
257746.921875,257868.875,258088.359375,257966.140625,258088.359375,258337.09375,258162.296875,258282.5625,-0.513671875,0.001220703125,-0.81201171875,-0.7019042372703552,0.4882812201976776,0.4882812201976776,80.0,10942.0,1.0,O,F,O,0
258158.09375,258280.40625,258499.8125,258377.6875,258499.546875,258748.28125,258573.671875,258694.359375,-0.5146484375,0.001220703125,-0.8125,-0.7019042372703552,0.5493163466453552,0.4577636420726776,80.0,10943.0,1.0,O,F,O,0
257477.09375,257599.9375,257819.0625,257697.390625,257819.15625,258067.53125,257892.921875,258013.625,-0.514404296875,0.00048828125,-0.811767578125,-0.6408690810203552,0.5493163466453552,0.4272460639476776,80.0,10944.0,1.0,O,F,O,0
256997.0625,257119.546875,257338.6875,257216.828125,257338.59375,257587.140625,257412.453125,257532.875,-0.512939453125,0.00048828125,-0.811767578125,-0.7019042372703552,0.6408690810203552,0.4577636420726776,80.0,10945.0,1.0,O,F,O,0
257634.0,257756.578125,257975.703125,257853.578125,257975.625,258224.265625,258049.296875,258169.984375,-0.513671875,-0.00146484375,-0.812744140625,-0.6713866591453552,0.5187987685203552,0.4272460639476776,80.0,10946.0,1.0,O,F,O,0
258215.328125,258337.8125,258556.953125,258434.8125,258556.765625,258805.765625,258630.53125,258751.671875,-0.5146484375,-0.000244140625,-0.810546875,-0.6408690810203552,0.4882812201976776,0.3967284858226776,80.0,10947.0,1.0,O,F,O,0
257672.703125,257795.015625,258013.703125,257892.46875,258014.421875,258263.0625,258087.921875,258208.890625,-0.51416015625,0.000244140625,-0.8115234375,-0.7629393935203552,0.4882812201976776,0.5187987685203552,80.0,10948.0,1.0,O,F,O,0
257040.875,257162.734375,257381.59375,257260.1875,257382.40625,257630.515625,257455.90625,257576.234375,-0.512451171875,0.00146484375,-0.81201171875,-0.6713866591453552,0.3967284858226776,0.4882812201976776,80.0,10949.0,1.0,O,F,O,0
257522.328125,257644.375,257863.0625,257741.375,257863.6875,258112.0625,257937.359375,258057.875,-0.513916015625,-0.000732421875,-0.810791015625,-0.7019042372703552,0.3967284858226776,0.4272460639476776,80.0,10950.0,1.0,O,F,O,0
258234.90625,258356.859375,258575.8125,258453.859375,258575.984375,258825.078125,258649.296875,258770.71875,-0.51513671875,-0.000244140625,-0.812255859375,-0.7019042372703552,0.3967284858226776,0.3967284858226776,80.0,10951.0,1.0,O,F,O,0
257863.5,257985.453125,258204.5,258082.90625,258204.953125,258453.6875,258278.171875,258399.40625,-0.51513671875,-0.001708984375,-0.808837890625,-0.6408690810203552,0.4882812201976776,0.4577636420726776,80.0,10952.0,1.0,O,F,O,0
257124.015625,257246.15625,257464.921875,257343.515625,257465.546875,257714.109375,257538.6875,257659.65625,-0.513916015625,0.00146484375,-0.812744140625,-0.7324218153953552,0.4577636420726776,0.4577636420726776,80.0,10953.0,1.0,O,F,O,0
257418.890625,257541.46875,257760.421875,257638.828125,257761.046875,258009.5,257834.09375,257955.421875,-0.5126953125,0.0,-0.813232421875,-0.7629393935203552,0.6103515028953552,0.4882812201976776,80.0,10954.0,1.0,O,F,O,0
258217.375,258339.59375,258559.1875,258437.234375,258559.625,258808.171875,258632.765625,258754.0,-0.513671875,0.00048828125,-0.809814453125,-0.7324218153953552,0.5187987685203552,0.4882812201976776,80.0,10955.0,1.0,O,F,O,0
258043.390625,258165.796875,258385.1875,258262.890625,258385.546875,258633.921875,258458.859375,258579.65625,-0.514404296875,0.001220703125,-0.81201171875,-0.6713866591453552,0.5798339247703552,0.4272460639476776,80.0,10956.0,1.0,O,F,O,0
257242.125,257364.53125,257583.65625,257461.890625,257584.28125,257832.484375,257657.59375,257777.859375,-0.51220703125,0.000244140625,-0.81103515625,-0.7324218153953552,0.4577636420726776,0.4577636420726776,80.0,10957.0,1.0,O,F,O,0
257333.671875,257456.171875,257674.859375,257553.4375,257675.921875,257924.03125,257749.15625,257869.578125,-0.51318359375,0.00048828125,-0.815185546875,-0.7324218153953552,0.4577636420726776,0.3967284858226776,80.0,10958.0,1.0,O,F,O,0
258166.140625,258288.90625,258507.859375,258386.0,258508.125,258756.859375,258581.71875,258702.59375,-0.513671875,0.001220703125,-0.812744140625,-0.7324218153953552,0.5493163466453552,0.3662109076976776,80.0,10959.0,1.0,O,F,O,0
258199.3125,258321.890625,258541.390625,258419.34375,258541.296875,258790.203125,258614.796875,258735.578125,-0.514404296875,0.00048828125,-0.81396484375,-0.7324218153953552,0.4577636420726776,0.3356933295726776,80.0,10960.0,1.0,O,F,O,0
257391.796875,257514.109375,257733.328125,257611.5625,257733.78125,257982.140625,257807.171875,257927.4375,-0.514404296875,0.002197265625,-0.813720703125,-0.7934569716453552,0.3662109076976776,0.2441406100988388,80.0,10961.0,1.0,O,F,O,0
257272.53125,257394.65625,257613.96875,257492.203125,257614.5,257862.796875,257687.640625,257808.4375,-0.5146484375,0.002685546875,-0.8125,-0.8239745497703552,0.4882812201976776,0.3662109076976776,80.0,10962.0,1.0,O,F,O,0
258083.171875,258205.75,258424.890625,258302.84375,258424.890625,258673.71875,258498.296875,258619.0,-0.511474609375,0.0009765625,-0.810546875,-0.7629393935203552,0.4577636420726776,0.3662109076976776,80.0,10963.0,1.0,O,F,O,0
258321.625,258444.109375,258663.34375,258541.203125,258663.609375,258912.34375,258737.015625,258857.703125,-0.512451171875,0.000732421875,-0.811279296875,-0.7629393935203552,0.4577636420726776,0.4272460639476776,80.0,10964.0,1.0,O,F,O,0
257561.75,257684.609375,257903.375,257781.421875,257903.734375,258152.296875,257977.3125,258097.9375,-0.513427734375,0.001953125,-0.81201171875,-0.7934569716453552,0.4272460639476776,0.4272460639476776,80.0,10965.0,1.0,O,F,O,0
257243.109375,257365.953125,257584.734375,257462.6875,257585.0,257833.640625,257658.578125,257779.28125,-0.5146484375,0.001708984375,-0.81103515625,-0.8850097060203552,0.4577636420726776,0.4577636420726776,80.0,10966.0,1.0,O,F,O,0
257983.125,258106.0625,258324.671875,258202.984375,258325.203125,258573.84375,258398.15625,258519.484375,-0.515869140625,0.00244140625,-0.8115234375,-0.7934569716453552,0.3662109076976776,0.4577636420726776,80.0,10967.0,1.0,O,F,O,0
258413.453125,258535.84375,258754.890625,258632.578125,258755.078125,259003.796875,258828.65625,258949.625,-0.51513671875,0.00341796875,-0.81005859375,-0.7019042372703552,0.3967284858226776,0.3967284858226776,80.0,10968.0,1.0,O,F,O,0
257744.140625,257866.453125,258085.40625,257963.109375,258085.6875,258334.234375,258159.4375,258279.875,-0.513427734375,0.00244140625,-0.81201171875,-0.7019042372703552,0.5798339247703552,0.4882812201976776,80.0,10969.0,1.0,O,F,O,0
257246.0625,257368.1875,257587.421875,257465.375,257587.859375,257836.328125,257661.359375,257781.609375,-0.51318359375,0.0,-0.81396484375,-0.6408690810203552,0.4882812201976776,0.4272460639476776,80.0,10970.0,1.0,O,F,O,0
257869.3125,257991.796875,258210.578125,258088.984375,258211.125,258459.671875,258284.4375,258405.484375,-0.5126953125,0.002197265625,-0.8115234375,-0.6713866591453552,0.4272460639476776,0.4272460639476776,80.0,10971.0,1.0,O,F,O,0
258464.953125,258587.609375,258806.21875,258684.625,258806.84375,259055.5625,258880.0625,259001.484375,-0.51318359375,0.001953125,-0.8115234375,-0.6408690810203552,0.4882812201976776,0.4577636420726776,80.0,10972.0,1.0,O,F,O,0
257937.625,258060.109375,258279.0625,258157.296875,258279.421875,258528.421875,258353.015625,258473.625,-0.514404296875,-0.0009765625,-0.813232421875,-0.6713866591453552,0.4882812201976776,0.4577636420726776,80.0,10973.0,1.0,O,F,O,0
257293.890625,257416.015625,257634.984375,257513.484375,257635.515625,257884.0625,257709.015625,257829.53125,-0.512939453125,0.000732421875,-0.813232421875,-0.7019042372703552,0.5187987685203552,0.4577636420726776,80.0,10974.0,1.0,O,F,O,0
257756.84375,257879.15625,258097.9375,257976.25,258098.5625,258347.109375,258172.140625,258292.84375,-0.51318359375,0.00048828125,-0.8115234375,-0.6713866591453552,0.5187987685203552,0.4577636420726776,80.0,10975.0,1.0,O,F,O,0
258479.609375,258601.921875,258820.875,258698.921875,258821.140625,259069.96875,258894.640625,259015.6875,-0.5146484375,-0.000244140625,-0.8125,-0.6408690810203552,0.5493163466453552,0.3967284858226776,80.0,10976.0,1.0,O,F,O,0
258128.859375,258250.8125,258469.6875,258347.640625,258470.3125,258718.953125,258543.890625,258664.6875,-0.516357421875,0.0009765625,-0.81396484375,-0.6408690810203552,0.4882812201976776,0.3967284858226776,80.0,10977.0,1.0,O,F,O,0
257380.625,257502.75,257721.609375,257599.84375,257722.421875,257970.609375,257795.90625,257916.25,-0.515380859375,0.001220703125,-0.8115234375,-0.6713866591453552,0.4577636420726776,0.4272460639476776,80.0,10978.0,1.0,O,F,O,0
257654.734375,257777.140625,257996.1875,257874.40625,257996.625,258245.453125,258070.21875,258190.734375,-0.514892578125,0.00048828125,-0.809814453125,-0.7934569716453552,0.3356933295726776,0.4577636420726776,80.0,10979.0,1.0,O,F,O,0
258457.609375,258580.015625,258798.703125,258677.109375,258799.421875,259048.328125,258872.90625,258993.875,-0.51416015625,0.000732421875,-0.8115234375,-0.7934569716453552,0.3662109076976776,0.4577636420726776,80.0,10980.0,1.0,O,F,O,0
258303.75,258426.234375,258645.1875,258523.0625,258645.734375,258894.1875,258719.046875,258840.015625,-0.51318359375,0.00341796875,-0.810302734375,-0.7934569716453552,0.4272460639476776,0.4577636420726776,80.0,10981.0,1.0,O,F,O,0
257501.859375,257623.8125,257842.9375,257721.265625,257843.5625,258091.84375,257916.796875,258037.578125,-0.513427734375,0.00341796875,-0.813232421875,-0.7629393935203552,0.5187987685203552,0.5187987685203552,80.0,10982.0,1.0,O,F,O,0
257570.78125,257693.0,257911.875,257790.1875,257912.234375,258160.875,257986.0,258106.609375,-0.511962890625,0.0,-0.812744140625,-0.7019042372703552,0.4882812201976776,0.4577636420726776,80.0,10983.0,1.0,O,F,O,0
258399.40625,258521.265625,258740.3125,258618.453125,258740.59375,258989.3125,258814.171875,258935.3125,-0.510009765625,-0.002197265625,-0.810302734375,-0.6713866591453552,0.4577636420726776,0.4272460639476776,80.0,10984.0,1.0,O,F,O,0
258455.203125,258577.59375,258796.828125,258674.78125,258796.90625,259045.734375,258870.3125,258991.546875,-0.513671875,0.001220703125,-0.812255859375,-0.7324218153953552,0.4882812201976776,0.4577636420726776,80.0,10985.0,1.0,O,F,O,0
257649.375,257771.421875,257990.640625,257868.875,257991.265625,258239.546875,258064.484375,258185.375,-0.51318359375,0.001708984375,-0.811279296875,-0.7019042372703552,0.5493163466453552,0.4272460639476776,80.0,10986.0,1.0,O,F,O,0
257510.703125,257633.015625,257852.0625,257730.28125,257852.328125,258100.703125,257925.640625,258046.34375,-0.51513671875,0.0009765625,-0.80908203125,-0.7934569716453552,0.4882812201976776,0.3967284858226776,80.0,10987.0,1.0,O,F,O,0
258317.15625,258440.0,258658.78125,258536.921875,258658.78125,258907.6875,258732.453125,258853.515625,-0.51416015625,0.001708984375,-0.8134765625,-0.7629393935203552,0.4882812201976776,0.5187987685203552,80.0,10988.0,1.0,O,F,O,0
258577.328125,258700.0,258918.953125,258797.359375,258919.3125,259168.046875,258992.796875,259114.046875,-0.51513671875,-0.000244140625,-0.814208984375,-0.8850097060203552,0.5493163466453552,0.5798339247703552,80.0,10989.0,1.0,O,F,O,0
257823.0,257945.3125,258164.359375,258043.03125,258164.71875,258413.625,258238.125,258359.171875,-0.514892578125,0.001220703125,-0.814453125,-0.8544921278953552,0.5187987685203552,0.5493163466453552,80.0,10990.0,1.0,O,F,O,0
257481.203125,257603.515625,257822.734375,257700.96875,257823.0,258071.375,257896.140625,258017.015625,-0.513916015625,0.003173828125,-0.815673828125,-0.7934569716453552,0.4882812201976776,0.4272460639476776,80.0,10991.0,1.0,O,F,O,0
258207.90625,258330.5625,258549.703125,258427.9375,258550.15625,258798.609375,258623.28125,258744.34375,-0.5126953125,0.00244140625,-0.816162109375,-0.7934569716453552,0.3967284858226776,0.4882812201976776,80.0,10992.0,1.0,O,F,O,0
258660.390625,258783.0625,259001.5625,258879.609375,259002.015625,259251.015625,259075.328125,259196.921875,-0.5126953125,0.00390625,-0.810791015625,-0.7629393935203552,0.3662109076976776,0.4272460639476776,80.0,10993.0,1.0,O,F,O,0
258008.078125,258130.5625,258348.890625,258227.65625,258349.875,258598.34375,258423.109375,258544.34375,-0.515380859375,0.00244140625,-0.81396484375,-0.6408690810203552,0.4272460639476776,0.4882812201976776,80.0,10994.0,1.0,O,F,O,0
257492.203125,257614.859375,257833.109375,257712.046875,257834.171875,258082.640625,257907.3125,258028.1875,-0.515380859375,0.001953125,-0.814697265625,-0.7019042372703552,0.3967284858226776,0.4577636420726776,80.0,10995.0,1.0,O,F,O,0
258097.296875,258219.96875,258438.578125,258317.15625,258439.375,258687.84375,258512.328125,258633.484375,-0.514892578125,0.000732421875,-0.81201171875,-0.7629393935203552,0.5187987685203552,0.3662109076976776,80.0,10996.0,1.0,O,F,O,0
258709.734375,258831.78125,259051.09375,258929.421875,259051.453125,259300.1875,259124.765625,259246.265625,-0.515869140625,0.001953125,-0.809814453125,-0.6408690810203552,0.4882812201976776,0.5187987685203552,80.0,10997.0,1.0,O,F,O,0
258203.4375,258325.03125,258544.703125,258422.828125,258544.78125,258793.515625,258618.453125,258739.6875,-0.51611328125,0.0009765625,-0.813232421875,-0.6408690810203552,0.4882812201976776,0.4577636420726776,80.0,10998.0,1.0,O,F,O,0
257545.65625,257667.703125,257886.390625,257764.890625,257887.5625,258135.484375,257960.953125,258081.65625,-0.513427734375,-0.000244140625,-0.813720703125,-0.6713866591453552,0.5187987685203552,0.4272460639476776,80.0,10999.0,1.0,O,F,O,0
257988.3125,258111.15625,258329.5,258207.984375,258330.390625,258578.765625,258403.96875,258524.84375,-0.514892578125,0.0,-0.814453125,-0.6103515028953552,0.4272460639476776,0.3967284858226776,80.0,11000.0,1.0,O,F,O,0
258723.0625,258845.8125,259064.859375,258942.921875,259065.046875,259313.859375,259138.625,259259.953125,-0.513671875,0.000732421875,-0.812255859375,-0.7629393935203552,0.4577636420726776,0.4577636420726776,80.0,11001.0,1.0,O,M,O,0
258390.921875,258513.5,258732.453125,258610.953125,258732.984375,258981.984375,258806.21875,258927.53125,-0.513427734375,0.002685546875,-0.813720703125,-0.7934569716453552,0.3967284858226776,0.3662109076976776,80.0,11002.0,1.0,O,M,O,0
257635.421875,257757.734375,257976.78125,257855.09375,257977.40625,258226.234375,258050.546875,258171.59375,-0.51318359375,0.0,-0.8115234375,-0.7324218153953552,0.3967284858226776,0.4882812201976776,80.0,11003.0,1.0,O,M,O,0
257888.71875,258011.03125,258230.078125,258108.21875,258230.515625,258479.34375,258303.828125,258424.984375,-0.51318359375,0.001220703125,-0.81298828125,-0.7629393935203552,0.3662109076976776,0.4882812201976776,80.0,11004.0,1.0,O,M,O,0
258697.578125,258820.34375,259039.203125,258917.171875,259039.5625,259288.296875,259113.0625,259234.203125,-0.512451171875,0.002197265625,-0.8115234375,-0.7934569716453552,0.3662109076976776,0.4577636420726776,80.0,11005.0,1.0,O,M,O,0
258566.25,258688.28125,258907.6875,258785.734375,258907.953125,259156.6875,258981.546875,259102.859375,-0.512939453125,0.000732421875,-0.814453125,-0.7934569716453552,0.4272460639476776,0.4272460639476776,80.0,11006.0,1.0,O,M,O,0
257760.6875,257882.90625,258102.125,257980.453125,258102.21875,258350.953125,258176.25,258297.125,-0.51220703125,-0.000244140625,-0.8115234375,-0.8544921278953552,0.4577636420726776,0.4577636420726776,80.0,11007.0,1.0,O,M,O,0
257808.78125,257931.0,258150.046875,258028.28125,258149.96875,258399.234375,258224.265625,258344.96875,-0.513916015625,-0.0009765625,-0.81201171875,-0.8239745497703552,0.4577636420726776,0.3662109076976776,80.0,11008.0,1.0,O,M,O,0
258639.734375,258762.21875,258981.359375,258858.96875,258981.265625,259230.53125,259055.296875,259176.625,-0.51513671875,0.00048828125,-0.809814453125,-0.7019042372703552,0.4882812201976776,0.4272460639476776,80.0,11009.0,1.0,O,M,O,0
258714.5625,258836.515625,259055.75,258933.703125,259056.1875,259305.109375,259130.140625,259251.28125,-0.514404296875,0.000732421875,-0.8115234375,-0.7019042372703552,0.5187987685203552,0.4577636420726776,80.0,11010.0,1.0,O,M,O,0
257912.59375,258034.265625,258253.3125,258131.453125,258254.125,258502.765625,258327.53125,258448.3125,-0.514404296875,0.00146484375,-0.8115234375,-0.7324218153953552,0.5493163466453552,0.4577636420726776,80.0,11011.0,1.0,O,M,O,0
257753.0,257875.3125,258094.171875,257972.578125,258094.796875,258343.625,258168.375,258289.078125,-0.515380859375,0.000732421875,-0.81298828125,-0.7324218153953552,0.4577636420726776,0.4577636420726776,80.0,11012.0,1.0,O,M,O,0
258553.90625,258676.65625,258895.53125,258773.671875,258896.15625,259144.890625,258969.734375,259090.96875,-0.51318359375,0.000244140625,-0.812744140625,-0.6713866591453552,0.4577636420726776,0.4577636420726776,80.0,11013.0,1.0,O,M,O,0
258834.828125,258956.953125,259176.359375,259054.40625,259176.796875,259425.890625,259250.46875,259371.984375,-0.513671875,0.00048828125,-0.80908203125,-0.7019042372703552,0.4882812201976776,0.4272460639476776,80.0,11014.0,1.0,O,M,O,0
258088.90625,258210.84375,258430.34375,258308.484375,258430.703125,258679.515625,258504.734375,258625.875,-0.51513671875,0.003662109375,-0.808837890625,-0.7629393935203552,0.4882812201976776,0.4882812201976776,80.0,11015.0,1.0,O,M,O,0
257731.625,257854.125,258073.515625,257951.296875,258073.609375,258322.078125,258147.46875,258268.421875,-0.51416015625,0.00244140625,-0.810546875,-0.7324218153953552,0.5493163466453552,0.4272460639476776,80.0,11016.0,1.0,O,M,O,0
258453.59375,258576.25,258795.484375,258673.265625,258795.75,259044.296875,258869.328125,258990.03125,-0.513916015625,0.001708984375,-0.8115234375,-0.7324218153953552,0.4882812201976776,0.4882812201976776,80.0,11017.0,1.0,O,M,O,0
258920.203125,259042.875,259262.28125,259140.234375,259262.453125,259511.28125,259336.21875,259457.28125,-0.5126953125,0.00048828125,-0.8125,-0.7324218153953552,0.4577636420726776,0.4577636420726776,80.0,11018.0,1.0,O,M,O,0
258277.453125,258400.390625,258619.625,258497.578125,258619.625,258868.625,258693.375,258814.265625,-0.511962890625,-0.000244140625,-0.8115234375,-0.7019042372703552,0.5187987685203552,0.3967284858226776,80.0,11019.0,1.0,O,M,O,0
257746.5625,257869.234375,258088.546875,257966.6875,258088.8125,258337.265625,258162.484375,258283.1875,-0.513671875,0.000732421875,-0.810546875,-0.6408690810203552,0.4882812201976776,0.3662109076976776,80.0,11020.0,1.0,O,M,O,0
258340.84375,258463.421875,258682.65625,258560.609375,258682.828125,258931.375,258756.234375,258877.375,-0.51318359375,0.000732421875,-0.80908203125,-0.7019042372703552,0.4577636420726776,0.5187987685203552,80.0,11021.0,1.0,O,M,O,0
258963.84375,259086.5,259305.640625,259183.515625,259305.546875,259554.546875,259379.3125,259500.8125,-0.51318359375,0.001953125,-0.809326171875,-0.7324218153953552,0.4272460639476776,0.4882812201976776,80.0,11022.0,1.0,O,M,O,0
258469.78125,258592.078125,258810.953125,258688.90625,258811.046875,259060.390625,258885.15625,259006.03125,-0.5126953125,0.0009765625,-0.812255859375,-0.7629393935203552,0.3662109076976776,0.4882812201976776,80.0,11023.0,1.0,O,M,O,0
257799.75,257922.0625,258141.203125,258019.078125,258141.5625,258390.46875,258214.96875,258335.75,-0.514892578125,0.001220703125,-0.81005859375,-0.6713866591453552,0.4577636420726776,0.3967284858226776,80.0,11024.0,1.0,O,M,O,0
258227.125,258349.703125,258568.84375,258446.96875,258569.109375,258817.828125,258642.59375,258763.75,-0.514404296875,0.001220703125,-0.81005859375,-0.7324218153953552,0.5187987685203552,0.3967284858226776,80.0,11025.0,1.0,O,M,O,0
258970.09375,259092.84375,259311.546875,259189.765625,259311.625,259560.625,259385.390625,259506.8125,-0.514892578125,0.0009765625,-0.809814453125,-0.8850097060203552,0.5493163466453552,0.4272460639476776,80.0,11026.0,1.0,O,M,O,0
258656.90625,258779.484375,258998.53125,258876.484375,258998.609375,259247.703125,259072.203125,259193.515625,-0.51513671875,0.00048828125,-0.81201171875,-0.8239745497703552,0.5798339247703552,0.4272460639476776,80.0,11027.0,1.0,O,M,O,0
257894.171875,258016.75,258235.890625,258113.84375,258236.15625,258485.15625,258310.0,258430.796875,-0.513671875,0.001220703125,-0.814697265625,-0.7019042372703552,0.4577636420726776,0.4272460639476776,80.0,11028.0,1.0,O,M,O,0
258127.703125,258250.09375,258469.328125,258347.640625,258469.328125,258718.421875,258543.625,258664.5,-0.514404296875,0.003173828125,-0.810791015625,-0.8239745497703552,0.3967284858226776,0.4577636420726776,80.0,11029.0,1.0,O,M,O,0
258939.96875,259062.546875,259281.234375,259159.640625,259281.40625,259531.03125,259355.171875,259476.859375,-0.513671875,0.001953125,-0.81103515625,-0.6713866591453552,0.4577636420726776,0.4577636420726776,80.0,11030.0,1.0,O,M,O,0
258827.3125,258950.15625,259169.03125,259046.890625,259169.03125,259418.203125,259242.609375,259364.203125,-0.513916015625,0.00244140625,-0.807861328125,-0.6713866591453552,0.3967284858226776,0.3967284858226776,80.0,11031.0,1.0,O,M,O,0
258017.28125,258139.953125,258359.0,258237.21875,258359.453125,258608.359375,258433.203125,258554.078125,-0.5146484375,0.000732421875,-0.81201171875,-0.5798339247703552,0.4882812201976776,0.3662109076976776,80.0,11032.0,1.0,O,M,O,0
258046.15625,258168.65625,258387.515625,258266.1875,258388.140625,258637.234375,258462.0,258582.96875,-0.513671875,0.0,-0.810302734375,-0.7324218153953552,0.4882812201976776,0.4272460639476776,80.0,11033.0,1.0,O,M,O,0
258878.0,259000.5,259219.546875,259097.765625,259219.546875,259468.453125,259293.484375,259414.71875,-0.51416015625,0.000244140625,-0.8115234375,-0.7324218153953552,0.3967284858226776,0.3662109076976776,80.0,11034.0,1.0,O,M,O,0
258973.40625,259096.15625,259315.03125,259193.171875,259315.46875,259564.03125,259389.140625,259510.109375,-0.513427734375,0.001220703125,-0.8115234375,-0.7324218153953552,0.4272460639476776,0.3967284858226776,80.0,11035.0,1.0,O,M,O,0
258174.375,258296.859375,258516.0,258394.140625,258516.625,258764.734375,258590.390625,258711.0,-0.51416015625,0.001220703125,-0.8125,-0.8239745497703552,0.4577636420726776,0.3967284858226776,80.0,11036.0,1.0,O,M,O,0
257996.1875,258118.765625,258337.71875,258216.125,258338.703125,258586.71875,258412.109375,258533.15625,-0.51416015625,0.001220703125,-0.811279296875,-0.9460448622703552,0.4272460639476776,0.3967284858226776,80.0,11037.0,1.0,O,M,O,0
258792.890625,258915.375,259134.421875,259012.296875,259134.875,259384.046875,259208.359375,259329.953125,-0.512939453125,0.00146484375,-0.8125,-0.8239745497703552,0.3356933295726776,0.5187987685203552,80.0,11038.0,1.0,O,M,O,0
259092.21875,259214.796875,259433.84375,259311.453125,259433.9375,259683.03125,259507.25,259628.84375,-0.512451171875,0.001220703125,-0.81201171875,-0.7934569716453552,0.4577636420726776,0.4577636420726776,80.0,11039.0,1.0,O,M,O,0
258353.015625,258475.671875,258694.28125,258572.59375,258694.90625,258943.546875,258768.21875,258889.359375,-0.512451171875,0.000732421875,-0.812255859375,-0.7934569716453552,0.4882812201976776,0.3662109076976776,80.0,11040.0,1.0,O,M,O,0
257980.265625,258102.84375,258321.71875,258200.03125,258322.078125,258570.984375,258395.75,258516.890625,-0.513916015625,0.0009765625,-0.814453125,-0.7324218153953552,0.4882812201976776,0.3356933295726776,80.0,11041.0,1.0,O,M,O,0
258692.671875,258815.15625,259034.296875,258912.25,259034.46875,259283.46875,259107.953125,259229.546875,-0.514892578125,-0.000244140625,-0.81494140625,-0.6713866591453552,0.5493163466453552,0.3356933295726776,80.0,11042.0,1.0,O,M,O,0
259175.28125,259298.21875,259517.0,259394.875,259517.265625,259766.359375,259590.765625,259712.4375,-0.513671875,0.0009765625,-0.811279296875,-0.6103515028953552,0.4577636420726776,0.3662109076976776,80.0,11043.0,1.0,O,M,O,0
258543.53125,258666.296875,258885.0625,258763.390625,258885.421875,259134.421875,258959.015625,259080.515625,-0.512451171875,0.001708984375,-0.813232421875,-0.5798339247703552,0.5493163466453552,0.4272460639476776,80.0,11044.0,1.0,O,M,O,0
257999.21875,258121.796875,258340.21875,258219.171875,258341.203125,258589.84375,258414.78125,258536.03125,-0.513671875,0.002685546875,-0.810791015625,-0.7934569716453552,0.4882812201976776,0.3662109076976776,80.0,11045.0,1.0,O,M,O,0
258580.015625,258702.5,258921.640625,258800.046875,258922.265625,259170.71875,258995.84375,259117.078125,-0.513916015625,0.001708984375,-0.813232421875,-0.7629393935203552,0.5187987685203552,0.3967284858226776,80.0,11046.0,1.0,O,M,O,0
259219.71875,259342.296875,259561.34375,259439.65625,259561.875,259810.515625,259635.546875,259757.140625,-0.5126953125,0.000732421875,-0.8134765625,-0.7324218153953552,0.5493163466453552,0.3967284858226776,80.0,11047.0,1.0,O,M,O,0
258749.96875,258872.46875,259091.6875,258970.09375,259091.875,259340.953125,259165.53125,259287.125,-0.5126953125,0.00048828125,-0.81005859375,-0.6713866591453552,0.5493163466453552,0.4272460639476776,80.0,11048.0,1.0,O,M,O,0
258086.75,258208.703125,258427.75,258306.34375,258428.203125,258676.921875,258501.78125,258622.84375,-0.512939453125,0.0,-0.8095703125,-0.6408690810203552,0.5187987685203552,0.3967284858226776,80.0,11049.0,1.0,O,M,O,0
258501.421875,258623.375,258842.421875,258721.09375,258842.59375,259091.59375,258916.453125,259037.859375,-0.513671875,0.000732421875,-0.81005859375,-0.7019042372703552,0.3967284858226776,0.3662109076976776,80.0,11050.0,1.0,O,M,O,0
259246.71875,259369.390625,259588.796875,259467.203125,259588.703125,259837.96875,259662.828125,259784.140625,-0.51171875,0.0009765625,-0.8125,-0.7934569716453552,0.3356933295726776,0.4882812201976776,80.0,11051.0,1.0,O,M,O,0
258938.09375,259060.671875,259279.890625,259158.03125,259279.890625,259528.984375,259353.921875,259475.421875,-0.512451171875,0.0009765625,-0.813232421875,-0.7934569716453552,0.4272460639476776,0.4272460639476776,80.0,11052.0,1.0,O,M,O,0
258158.90625,258281.390625,258500.4375,258378.671875,258500.890625,258748.984375,258574.46875,258695.4375,-0.511474609375,0.001708984375,-0.8115234375,-0.8850097060203552,0.4272460639476776,0.4577636420726776,80.0,11053.0,1.0,O,M,O,0
258370.4375,258492.84375,258712.0625,258589.9375,258712.15625,258960.703125,258785.734375,258906.796875,-0.514892578125,-0.00048828125,-0.810546875,-0.7629393935203552,0.4272460639476776,0.3662109076976776,80.0,11054.0,1.0,O,M,O,0
259183.328125,259306.265625,259525.21875,259403.0,259525.3125,259774.484375,259598.625,259720.578125,-0.514892578125,-0.0009765625,-0.811279296875,-0.7629393935203552,0.5187987685203552,0.4272460639476776,80.0,11055.0,1.0,O,M,O,0
259087.125,259209.890625,259428.9375,259306.890625,259429.203125,259678.203125,259502.6875,259624.546875,-0.51513671875,0.0009765625,-0.810546875,-0.7629393935203552,0.4882812201976776,0.4577636420726776,80.0,11056.0,1.0,O,M,O,0
258275.046875,258397.71875,258616.765625,258495.078125,258617.109375,258866.203125,258690.96875,258812.109375,-0.51416015625,0.0009765625,-0.809326171875,-0.8239745497703552,0.4577636420726776,0.5187987685203552,80.0,11057.0,1.0,O,M,O,0
258283.1875,258405.484375,258624.53125,258502.765625,258624.984375,258873.984375,258698.75,258819.890625,-0.513671875,0.000244140625,-0.81005859375,-0.7324218153953552,0.5798339247703552,0.4272460639476776,80.0,11058.0,1.0,O,M,O,0
259108.671875,259231.078125,259450.390625,259328.53125,259450.484375,259699.65625,259524.234375,259646.015625,-0.51416015625,0.000732421875,-0.810791015625,-0.6408690810203552,0.5493163466453552,0.3051757514476776,80.0,11059.0,1.0,O,M,O,0
259214.625,259336.65625,259555.984375,259433.9375,259555.703125,259805.421875,259629.828125,259751.609375,-0.514404296875,0.002685546875,-0.8115234375,-0.6713866591453552,0.4577636420726776,0.3967284858226776,80.0,11060.0,1.0,O,M,O,0
258406.65625,258528.875,258748.1875,258626.140625,258748.09375,258997.359375,258822.03125,258943.265625,-0.513427734375,0.001953125,-0.810302734375,-0.7324218153953552,0.5493163466453552,0.4577636420726776,80.0,11061.0,1.0,O,M,O,0
258201.734375,258324.125,258543.4375,258421.5,258543.359375,258792.359375,258617.109375,258738.359375,-0.513916015625,0.001708984375,-0.811279296875,-0.7934569716453552,0.4577636420726776,0.3356933295726776,80.0,11062.0,1.0,O,M,O,0
258991.109375,259113.421875,259332.8125,259211.046875,259332.734375,259582.09375,259406.578125,259528.0,-0.514892578125,0.0009765625,-0.8115234375,-0.8239745497703552,0.4882812201976776,0.3967284858226776,80.0,11063.0,1.0,O,M,O,0
259310.28125,259432.78125,259652.09375,259530.046875,259651.828125,259900.90625,259725.765625,259846.8125,-0.513916015625,0.001953125,-0.810302734375,-0.8544921278953552,0.4272460639476776,0.3967284858226776,80.0,11064.0,1.0,O,M,O,0
258582.15625,258704.5625,258923.875,258801.734375,258923.609375,259172.6875,258997.546875,259118.515625,-0.515380859375,0.002685546875,-0.810791015625,-0.7934569716453552,0.4577636420726776,0.3967284858226776,80.0,11065.0,1.0,O,M,O,0
258191.8125,258314.109375,258533.4375,258411.296875,258533.515625,258782.515625,258607.109375,258727.984375,-0.513427734375,0.001220703125,-0.811767578125,-0.6713866591453552,0.4882812201976776,0.3356933295726776,80.0,11066.0,1.0,O,M,O,0
258893.203125,259015.6875,259234.46875,259112.609375,259234.921875,259483.921875,259308.59375,259429.46875,-0.513427734375,0.00048828125,-0.812255859375,-0.7019042372703552,0.4577636420726776,0.3967284858226776,80.0,11067.0,1.0,O,M,O,0
259395.578125,259518.421875,259737.203125,259615.25,259737.65625,259986.65625,259811.234375,259932.46875,-0.5146484375,0.0,-0.81103515625,-0.7324218153953552,0.4577636420726776,0.3662109076976776,80.0,11068.0,1.0,O,M,O,0
258779.921875,258902.59375,259121.734375,258999.59375,259121.8125,259371.078125,259195.21875,259316.640625,-0.514892578125,0.0009765625,-0.812744140625,-0.6713866591453552,0.4272460639476776,0.4882812201976776,80.0,11069.0,1.0,O,M,O,0
258220.15625,258342.71875,258561.5,258439.734375,258561.78125,258811.125,258635.4375,258756.140625,-0.51318359375,0.002197265625,-0.81396484375,-0.6713866591453552,0.4577636420726776,0.4577636420726776,80.0,11070.0,1.0,O,M,O,0
258784.84375,258907.953125,259126.375,259004.515625,259126.828125,259376.0,259200.5,259321.28125,-0.512939453125,0.00244140625,-0.812744140625,-0.6713866591453552,0.4577636420726776,0.3967284858226776,80.0,11071.0,1.0,O,M,O,0
259439.75,259562.6875,259781.375,259659.609375,259781.640625,260031.09375,259855.3125,259977.0,-0.51220703125,0.00048828125,-0.812744140625,-0.7629393935203552,0.4882812201976776,0.4272460639476776,80.0,11072.0,1.0,O,M,O,0
258981.265625,259103.765625,259322.890625,259200.9375,259322.984375,259572.515625,259396.5625,259517.796875,-0.5126953125,0.0,-0.81201171875,-0.7934569716453552,0.4272460639476776,0.5187987685203552,80.0,11073.0,1.0,O,M,O,0
258290.6875,258412.90625,258631.78125,258510.09375,258632.671875,258881.40625,258706.078125,258827.046875,-0.51220703125,0.0029296875,-0.811279296875,-0.7934569716453552,0.4272460639476776,0.5187987685203552,80.0,11074.0,1.0,O,M,O,0
258684.625,258807.203125,259025.890625,258903.9375,259026.15625,259275.328125,259100.265625,259221.421875,-0.513671875,0.00390625,-0.81298828125,-0.7934569716453552,0.4272460639476776,0.4272460639476776,80.0,11075.0,1.0,O,M,O,0
259446.359375,259568.859375,259788.078125,259665.6875,259787.984375,260037.34375,259861.65625,259983.703125,-0.513916015625,0.002685546875,-0.810791015625,-0.7629393935203552,0.4882812201976776,0.4577636420726776,80.0,11076.0,1.0,O,M,O,0
259169.734375,259292.40625,259511.640625,259389.40625,259511.71875,259761.078125,259585.03125,259706.71875,-0.513427734375,0.0,-0.81103515625,-0.7629393935203552,0.4882812201976776,0.5493163466453552,80.0,11077.0,1.0,O,M,O,0
258391.0,258513.40625,258732.546875,258610.40625,258732.8125,258981.8125,258806.296875,258927.453125,-0.513427734375,-0.00048828125,-0.81005859375,-0.7324218153953552,0.4577636420726776,0.4272460639476776,80.0,11078.0,1.0,O,M,O,0
258585.46875,258707.78125,258927.0,258805.140625,258927.1875,259176.09375,259000.765625,259122.09375,-0.513916015625,0.00048828125,-0.811767578125,-0.7629393935203552,0.4882812201976776,0.4577636420726776,80.0,11079.0,1.0,O,M,O,0
259408.375,259530.3125,259749.640625,259627.6875,259749.8125,259998.984375,259823.390625,259945.25,-0.5126953125,-0.00048828125,-0.811279296875,-0.7629393935203552,0.4577636420726776,0.3967284858226776,80.0,11080.0,1.0,O,M,O,0
259336.65625,259458.703125,259678.203125,259555.890625,259678.203125,259927.46875,259751.609375,259873.375,-0.5126953125,0.000244140625,-0.8115234375,-0.7324218153953552,0.5493163466453552,0.4272460639476776,80.0,11081.0,1.0,O,M,O,0
258525.296875,258647.6875,258867.453125,258745.0625,258867.359375,259116.28125,258940.953125,259061.921875,-0.515869140625,-0.00048828125,-0.81201171875,-0.7324218153953552,0.5187987685203552,0.3967284858226776,80.0,11082.0,1.0,O,M,O,0
258514.390625,258636.34375,258856.1875,258734.15625,258856.1875,259105.375,258929.765625,259050.921875,-0.51513671875,0.000244140625,-0.8115234375,-0.7629393935203552,0.5493163466453552,0.3967284858226776,80.0,11083.0,1.0,O,M,O,0
259344.0,259465.859375,259685.265625,259563.484375,259685.078125,259934.625,259758.671875,259880.4375,-0.51318359375,0.0,-0.813720703125,-0.8239745497703552,0.5187987685203552,0.5187987685203552,80.0,11084.0,1.0,O,M,O,0
259481.6875,259603.8125,259823.03125,259701.171875,259823.21875,260072.296875,259896.625,260018.484375,-0.514892578125,0.000732421875,-0.812255859375,-0.8239745497703552,0.5493163466453552,0.5187987685203552,80.0,11085.0,1.0,O,M,O,0
258690.25,258812.375,259031.421875,258909.65625,259031.703125,259280.6875,259105.09375,259226.609375,-0.513427734375,0.00146484375,-0.81298828125,-0.8239745497703552,0.3967284858226776,0.4882812201976776,80.0,11086.0,1.0,O,M,O,0
258471.203125,258593.515625,258812.5625,258690.96875,258813.0,259061.734375,258886.328125,259007.640625,-0.51123046875,0.00048828125,-0.81201171875,-0.7629393935203552,0.4882812201976776,0.4882812201976776,80.0,11087.0,1.0,O,M,O,0
259254.953125,259377.34375,259596.5625,259474.796875,259596.84375,259845.84375,259670.234375,259791.65625,-0.51416015625,0.0009765625,-0.812744140625,-0.6103515028953552,0.5493163466453552,0.4882812201976776,80.0,11088.0,1.0,O,M,O,0
259592.640625,259715.03125,259934.171875,259812.046875,259934.625,260183.796875,260007.84375,260129.796875,-0.512939453125,0.00048828125,-0.81201171875,-0.7019042372703552,0.5493163466453552,0.4577636420726776,80.0,11089.0,1.0,O,M,O,0
258870.578125,258993.078125,259211.859375,259090.265625,259212.65625,259461.65625,259285.875,259407.203125,-0.513427734375,0.000244140625,-0.811767578125,-0.7324218153953552,0.5493163466453552,0.5493163466453552,80.0,11090.0,1.0,O,M,O,0
258459.3125,258581.71875,258800.484375,258678.890625,258801.296875,259049.84375,258874.609375,258995.578125,-0.512451171875,0.001953125,-0.810791015625,-0.6713866591453552,0.5798339247703552,0.5187987685203552,80.0,11091.0,1.0,O,M,O,0
259147.921875,259270.6875,259489.453125,259367.78125,259489.640625,259738.90625,259563.21875,259684.453125,-0.513427734375,0.0009765625,-0.8095703125,-0.7934569716453552,0.6103515028953552,0.5187987685203552,80.0,11092.0,1.0,O,M,O,0
259667.375,259790.046875,260008.828125,259887.046875,260009.1875,260258.359375,260082.765625,260204.1875,-0.514892578125,-0.000244140625,-0.81103515625,-0.6408690810203552,0.5798339247703552,0.3967284858226776,80.0,11093.0,1.0,O,M,O,0
259064.15625,259186.453125,259405.0625,259283.28125,259405.78125,259654.859375,259479.53125,259600.765625,-0.515625,0.000244140625,-0.8125,-0.7324218153953552,0.5187987685203552,0.4272460639476776,80.0,11094.0,1.0,O,M,O,0
258488.28125,258610.953125,258829.71875,258707.859375,258830.53125,259079.171875,258904.109375,259024.90625,-0.5126953125,0.001220703125,-0.8115234375,-0.7934569716453552,0.4272460639476776,0.4272460639476776,80.0,11095.0,1.0,O,M,O,0
259036.796875,259159.546875,259378.328125,259256.46875,259379.046875,259627.59375,259452.53125,259573.59375,-0.515625,0.000732421875,-0.81005859375,-0.8544921278953552,0.3967284858226776,0.4882812201976776,80.0,11096.0,1.0,O,M,O,0
259703.671875,259825.984375,260044.859375,259922.8125,260045.125,260294.484375,260118.96875,260240.75,-0.514404296875,-0.00048828125,-0.809814453125,-0.8239745497703552,0.4272460639476776,0.4882812201976776,80.0,11097.0,1.0,O,M,O,0
259261.734375,259383.875,259602.921875,259481.0625,259603.09375,259852.28125,259677.03125,259798.625,-0.51513671875,0.00146484375,-0.80908203125,-0.8239745497703552,0.4577636420726776,0.5187987685203552,80.0,11098.0,1.0,O,M,O,0
258558.5625,258680.6875,258899.46875,258777.78125,258900.09375,259148.8125,258973.84375,259094.8125,-0.511962890625,0.0029296875,-0.8115234375,-0.6713866591453552,0.3967284858226776,0.5493163466453552,80.0,11099.0,1.0,O,M,O,0
258932.28125,259054.859375,259273.453125,259151.859375,259273.984375,259522.984375,259347.65625,259469.171875,-0.51513671875,0.003173828125,-0.81103515625,-0.7629393935203552,0.4882812201976776,0.5187987685203552,80.0,11100.0,1.0,O,M,O,0
259700.375,259822.765625,260041.375,259919.59375,260041.90625,260290.90625,260115.3125,260237.171875,-0.512939453125,0.001708984375,-0.812744140625,-0.6713866591453552,0.4882812201976776,0.4577636420726776,80.0,11101.0,1.0,O,M,O,0
259443.5,259565.359375,259784.0625,259662.46875,259784.59375,260033.765625,259858.171875,259980.03125,-0.513916015625,-0.0009765625,-0.813232421875,-0.8544921278953552,0.4882812201976776,0.4882812201976776,80.0,11102.0,1.0,O,M,O,0
258659.671875,258781.71875,259000.671875,258879.078125,259001.296875,259250.46875,259074.703125,259196.296875,-0.51416015625,-0.00048828125,-0.81201171875,-0.7934569716453552,0.4577636420726776,0.3967284858226776,80.0,11103.0,1.0,O,M,O,0
258834.109375,258956.421875,259175.28125,259053.875,259175.734375,259425.0,259249.046875,259370.8125,-0.513916015625,-0.00048828125,-0.81005859375,-0.8544921278953552,0.4882812201976776,0.4272460639476776,80.0,11104.0,1.0,O,M,O,0
259658.890625,259781.1875,260000.328125,259878.65625,260000.328125,260249.78125,260073.828125,260195.859375,-0.513916015625,0.00048828125,-0.811767578125,-0.7019042372703552,0.4882812201976776,0.3662109076976776,80.0,11105.0,1.0,O,M,O,0
259610.25,259732.375,259951.78125,259829.75,259951.875,260201.046875,260025.09375,260147.3125,-0.5146484375,0.000244140625,-0.8134765625,-0.6408690810203552,0.5187987685203552,0.4272460639476776,80.0,11106.0,1.0,O,M,O,0
258797.8125,258919.84375,259138.890625,259017.03125,259139.34375,259388.4375,259212.5625,259334.421875,-0.51416015625,0.00146484375,-0.81396484375,-0.6713866591453552,0.4577636420726776,0.4272460639476776,80.0,11107.0,1.0,O,M,O,0
258762.671875,258884.890625,259104.03125,258982.171875,259104.203125,259353.296875,259177.609375,259299.375,-0.515869140625,0.001220703125,-0.809814453125,-0.7019042372703552,0.4882812201976776,0.4272460639476776,80.0,11108.0,1.0,O,M,O,0
259589.953125,259712.4375,259931.9375,259809.890625,259931.84375,260181.015625,260005.421875,260127.203125,-0.5146484375,-0.000244140625,-0.81201171875,-0.7934569716453552,0.4882812201976776,0.3967284858226776,80.0,11109.0,1.0,O,M,O,0
259746.953125,259869.703125,260088.75,259966.984375,260088.75,260338.375,260162.515625,260284.015625,-0.5146484375,0.00048828125,-0.81103515625,-0.7324218153953552,0.5493163466453552,0.4272460639476776,80.0,11110.0,1.0,O,M,O,0
258959.8125,259081.9375,259301.171875,259179.484375,259301.53125,259550.796875,259375.203125,259496.53125,-0.514404296875,0.001220703125,-0.8115234375,-0.6713866591453552,0.4577636420726776,0.4577636420726776,80.0,11111.0,1.0,O,M,O,0
258720.03125,258842.0625,259061.46875,258939.421875,259061.640625,259310.640625,259135.046875,259256.46875,-0.513916015625,0.00048828125,-0.810546875,-0.7324218153953552,0.3967284858226776,0.4272460639476776,80.0,11112.0,1.0,O,M,O,0
259495.625,259617.578125,259837.078125,259715.125,259837.34375,260086.4375,259910.828125,260032.421875,-0.512939453125,0.0009765625,-0.81103515625,-0.7934569716453552,0.4272460639476776,0.4577636420726776,80.0,11113.0,1.0,O,M,O,0
259852.359375,259974.5,260193.453125,260072.03125,260193.8125,260443.4375,260267.65625,260389.703125,-0.513916015625,0.0009765625,-0.81005859375,-0.6713866591453552,0.4577636420726776,0.5493163466453552,80.0,11114.0,1.0,O,M,O,0
259138.890625,259261.46875,259480.4375,259359.1875,259480.78125,259730.046875,259554.453125,259675.96875,-0.5126953125,0.002685546875,-0.81201171875,-0.7019042372703552,0.5187987685203552,0.3967284858226776,80.0,11115.0,1.0,O,M,O,0
258711.078125,258833.390625,259052.53125,258930.75,259052.796875,259301.96875,259126.5625,259247.53125,-0.51171875,0.002685546875,-0.810302734375,-0.7629393935203552,0.4882812201976776,0.4882812201976776,80.0,11116.0,1.0,O,M,O,0
259387.265625,259509.9375,259728.71875,259606.671875,259728.984375,259978.34375,259802.75,259924.25,-0.510986328125,0.00048828125,-0.81005859375,-0.7324218153953552,0.4882812201976776,0.5798339247703552,80.0,11117.0,1.0,O,M,O,0
259921.65625,260044.046875,260262.921875,260141.234375,260263.28125,260512.8125,260336.859375,260458.71875,-0.5126953125,0.001708984375,-0.809814453125,-0.7324218153953552,0.4577636420726776,0.5187987685203552,80.0,11118.0,1.0,O,M,O,0
259332.28125,259454.328125,259673.375,259551.421875,259674.0,259923.0,259747.484375,259869.0,-0.514892578125,0.0,-0.810302734375,-0.7629393935203552,0.5798339247703552,0.3967284858226776,80.0,11119.0,1.0,O,M,O,0
258741.125,258863.171875,259082.125,258960.703125,259083.28125,259331.65625,259156.328125,259278.015625,-0.515380859375,0.00048828125,-0.810791015625,-0.7324218153953552,0.4577636420726776,0.4577636420726776,80.0,11120.0,1.0,O,M,O,0
259274.25,259396.484375,259615.609375,259494.015625,259616.328125,259865.328125,259689.828125,259811.421875,-0.513671875,0.00244140625,-0.81005859375,-0.6408690810203552,0.4272460639476776,0.5187987685203552,80.0,11121.0,1.0,O,M,O,0
259952.40625,260074.8125,260293.765625,260171.90625,260294.125,260543.84375,260367.796875,260489.390625,-0.5146484375,0.000244140625,-0.80859375,-0.6103515028953552,0.4882812201976776,0.3967284858226776,80.0,11122.0,1.0,O,M,O,0
259525.578125,259647.4375,259866.578125,259744.8125,259867.03125,260116.46875,259940.875,260062.375,-0.514404296875,0.001220703125,-0.813720703125,-0.6103515028953552,0.4882812201976776,0.4272460639476776,80.0,11123.0,1.0,O,M,O,0
258810.953125,258933.171875,259152.3125,259030.09375,259152.75,259401.484375,259226.515625,259347.65625,-0.514404296875,0.0009765625,-0.810791015625,-0.6408690810203552,0.5493163466453552,0.4577636420726776,80.0,11124.0,1.0,O,M,O,0
259164.828125,259287.484375,259506.265625,259384.578125,259506.984375,259755.796875,259580.390625,259701.890625,-0.513916015625,0.0009765625,-0.8125,-0.6713866591453552,0.5798339247703552,0.4882812201976776,80.0,11125.0,1.0,O,M,O,0
259942.84375,260065.859375,260284.375,260162.609375,260284.734375,260534.1875,260358.40625,260480.171875,-0.515625,-0.000244140625,-0.808837890625,-0.6713866591453552,0.4882812201976776,0.4272460639476776,80.0,11126.0,1.0,O,M,O,0
259707.96875,259831.265625,260049.78125,259927.828125,260049.859375,260299.75,260123.4375,260245.484375,-0.51611328125,0.00048828125,-0.81103515625,-0.7019042372703552,0.4882812201976776,0.4882812201976776,80.0,11127.0,1.0,O,M,O,0
258918.78125,259041.625,259259.953125,259138.625,259260.671875,259509.671875,259333.984375,259455.390625,-0.514404296875,0.001708984375,-0.81298828125,-0.8239745497703552,0.4272460639476776,0.5493163466453552,80.0,11128.0,1.0,O,M,O,0
259071.84375,259194.5,259412.921875,259291.78125,259413.734375,259662.828125,259487.046875,259608.8125,-0.513671875,0.00146484375,-0.81201171875,-0.8544921278953552,0.4577636420726776,0.5187987685203552,80.0,11129.0,1.0,O,M,O,0
259900.375,260023.125,260241.640625,260120.5,260242.359375,260492.0625,260315.671875,260437.984375,-0.51416015625,0.00048828125,-0.813232421875,-0.8239745497703552,0.4577636420726776,0.5187987685203552,80.0,11130.0,1.0,O,M,O,0
259869.171875,259991.296875,260210.34375,260088.75,260210.53125,260460.0625,260284.46875,260406.421875,-0.514892578125,0.001953125,-0.81201171875,-0.8544921278953552,0.4577636420726776,0.5187987685203552,80.0,11131.0,1.0,O,M,O,0
259057.0,259179.046875,259397.90625,259276.3125,259398.71875,259647.625,259472.5625,259593.984375,-0.513427734375,0.001220703125,-0.813232421875,-0.7629393935203552,0.5187987685203552,0.4882812201976776,80.0,11132.0,1.0,O,M,O,0
259002.015625,259124.046875,259343.1875,259221.328125,259343.640625,259592.8125,259417.3125,259538.90625,-0.513916015625,0.0009765625,-0.810302734375,-0.7629393935203552,0.4577636420726776,0.4882812201976776,80.0,11133.0,1.0,O,M,O,0
259826.4375,259948.390625,260168.0625,260045.75,260167.875,260417.421875,260241.734375,260364.046875,-0.51416015625,0.00048828125,-0.810546875,-0.7324218153953552,0.4577636420726776,0.4577636420726776,80.0,11134.0,1.0,O,M,O,0
260005.15625,260127.46875,260346.6875,260224.65625,260347.046875,260596.671875,260420.1875,260542.765625,-0.512939453125,0.0009765625,-0.811767578125,-0.7324218153953552,0.4882812201976776,0.4272460639476776,80.0,11135.0,1.0,O,M,O,0
259222.484375,259345.0625,259564.203125,259442.609375,259564.828125,259813.921875,259638.140625,259759.921875,-0.512939453125,0.000732421875,-0.81103515625,-0.7324218153953552,0.4882812201976776,0.3662109076976776,80.0,11136.0,1.0,O,M,O,0
258963.125,259085.25,259304.484375,259182.796875,259305.015625,259554.1875,259378.5,259500.09375,-0.513671875,0.0009765625,-0.810546875,-0.7629393935203552,0.4882812201976776,0.4272460639476776,80.0,11137.0,1.0,O,M,O,0
259730.953125,259852.90625,260072.125,259950.625,260072.65625,260322.109375,260146.25,260268.109375,-0.515380859375,0.00146484375,-0.808349609375,-0.7324218153953552,0.4577636420726776,0.4272460639476776,80.0,11138.0,1.0,O,M,O,0
260105.203125,260227.515625,260446.734375,260325.0625,260446.921875,260696.8125,260520.6875,260642.71875,-0.513427734375,-0.000244140625,-0.810546875,-0.8544921278953552,0.4882812201976776,0.4577636420726776,80.0,11139.0,1.0,O,M,O,0
259399.78125,259522.1875,259741.140625,259619.375,259741.671875,259990.5,259815.265625,259936.859375,-0.51416015625,0.00048828125,-0.8134765625,-0.6408690810203552,0.5187987685203552,0.3967284858226776,80.0,11140.0,1.0,O,M,O,0
258954.1875,259076.75,259295.359375,259173.671875,259296.34375,259544.890625,259369.5625,259491.0625,-0.514404296875,0.002685546875,-0.814453125,-0.7019042372703552,0.3967284858226776,0.3967284858226776,80.0,11141.0,1.0,O,M,O,0
259620.703125,259743.640625,259962.515625,259840.5625,259963.3125,260212.3125,260036.546875,260158.578125,-0.514892578125,0.00048828125,-0.8134765625,-0.5798339247703552,0.4272460639476776,0.4577636420726776,80.0,11142.0,1.0,O,M,O,0
260171.015625,260293.765625,260512.90625,260390.953125,260513.265625,260762.4375,260586.65625,260709.0625,-0.513427734375,-0.00048828125,-0.81494140625,-0.6408690810203552,0.4577636420726776,0.4577636420726776,80.0,11143.0,1.0,O,M,O,0
259593.796875,259716.46875,259935.421875,259813.828125,259935.953125,260184.875,260009.546875,260131.578125,-0.514892578125,-0.001220703125,-0.81298828125,-0.6713866591453552,0.4577636420726776,0.4272460639476776,80.0,11144.0,1.0,O,M,O,0
258987.4375,259110.28125,259328.796875,259207.203125,259329.875,259578.59375,259402.921875,259524.421875,-0.514892578125,0.000732421875,-0.81201171875,-0.7324218153953552,0.3967284858226776,0.4577636420726776,80.0,11145.0,1.0,O,M,O,0
259504.296875,259626.796875,259845.484375,259723.53125,259846.1875,260094.828125,259919.421875,260041.015625,-0.5126953125,0.001953125,-0.8125,-0.7629393935203552,0.4882812201976776,0.4577636420726776,80.0,11146.0,1.0,O,M,O,0
260194.703125,260317.09375,260536.234375,260414.109375,260536.421875,260785.765625,260610.171875,260732.390625,-0.51416015625,0.00341796875,-0.814697265625,-0.7324218153953552,0.5187987685203552,0.5798339247703552,80.0,11147.0,1.0,O,M,O,0
259785.671875,259908.421875,260127.109375,260005.421875,260127.46875,260377.0,260201.234375,260323.09375,-0.512451171875,0.001708984375,-0.8115234375,-0.7629393935203552,0.5187987685203552,0.3967284858226776,80.0,11148.0,1.0,O,M,O,0
259064.234375,259186.734375,259405.6875,259283.828125,259406.3125,259655.21875,259479.984375,259601.75,-0.514892578125,0.000732421875,-0.811279296875,-0.8239745497703552,0.4882812201976776,0.4272460639476776,80.0,11149.0,1.0,O,M,O,0
259400.765625,259522.625,259742.03125,259620.078125,259742.390625,259991.5625,259815.96875,259937.65625,-0.515869140625,0.00048828125,-0.811279296875,-0.7629393935203552,0.5187987685203552,0.3967284858226776,80.0,11150.0,1.0,O,M,O,0
260185.40625,260307.359375,260526.484375,260404.8125,260526.671875,260776.296875,260600.15625,260722.5625,-0.514404296875,0.00048828125,-0.812255859375,-0.7629393935203552,0.5798339247703552,0.4577636420726776,80.0,11151.0,1.0,O,M,O,0
259969.484375,260091.53125,260310.75,260188.71875,260311.015625,260560.46875,260384.515625,260506.46875,-0.514404296875,0.000732421875,-0.816650390625,-0.7019042372703552,0.5493163466453552,0.3967284858226776,80.0,11152.0,1.0,O,M,O,0
259176.171875,259298.046875,259517.09375,259395.578125,259517.71875,259766.890625,259591.46875,259712.703125,-0.51513671875,0.001220703125,-0.81689453125,-0.5798339247703552,0.4577636420726776,0.4882812201976776,80.0,11153.0,1.0,O,M,O,0
259308.671875,259431.171875,259650.03125,259528.4375,259650.578125,259899.921875,259724.328125,259845.84375,-0.515380859375,0.000732421875,-0.81591796875,-0.7019042372703552,0.4577636420726776,0.4882812201976776,80.0,11154.0,1.0,O,M,O,0
260138.828125,260261.046875,260479.828125,260358.40625,260480.265625,260730.15625,260554.125,260675.984375,-0.51416015625,0.000732421875,-0.813720703125,-0.7629393935203552,0.4272460639476776,0.4882812201976776,80.0,11155.0,1.0,O,M,O,0
260130.328125,260252.1875,260471.421875,260349.640625,260471.421875,260721.21875,260545.171875,260667.671875,-0.512939453125,0.001220703125,-0.814208984375,-0.7019042372703552,0.4577636420726776,0.4272460639476776,80.0,11156.0,1.0,O,M,O,0
259317.625,259439.921875,259658.96875,259537.375,259659.421875,259908.421875,259732.734375,259854.59375,-0.514892578125,0.000244140625,-0.81201171875,-0.7019042372703552,0.4577636420726776,0.4272460639476776,80.0,11157.0,1.0,O,M,O,0
259241.0,259362.953125,259581.90625,259460.671875,259582.53125,259831.53125,259656.03125,259777.625,-0.514892578125,-0.000244140625,-0.810546875,-0.8239745497703552,0.4882812201976776,0.4272460639476776,80.0,11158.0,1.0,O,M,O,0
260062.65625,260184.515625,260403.640625,260281.875,260404.359375,260653.625,260477.9375,260599.71875,-0.513427734375,0.0009765625,-0.814697265625,-0.7934569716453552,0.4577636420726776,0.4577636420726776,80.0,11159.0,1.0,O,M,O,0
260261.40625,260383.625,260602.9375,260480.984375,260602.9375,260852.5625,260676.609375,260798.640625,-0.51513671875,-0.00146484375,-0.8115234375,-0.7934569716453552,0.3967284858226776,0.4882812201976776,80.0,11160.0,1.0,O,M,O,0
259484.546875,259606.9375,259826.171875,259704.3125,259826.078125,260075.796875,259900.015625,260021.796875,-0.5146484375,0.0009765625,-0.81298828125,-0.8239745497703552,0.3967284858226776,0.4882812201976776,80.0,11161.0,1.0,O,M,O,0
259203.8125,259326.296875,259544.984375,259423.203125,259545.609375,259794.875,259619.015625,259740.78125,-0.515869140625,0.001220703125,-0.8134765625,-0.9155272841453552,0.4882812201976776,0.4272460639476776,80.0,11162.0,1.0,O,M,O,0
259964.5625,260086.78125,260305.75,260183.609375,260306.28125,260555.90625,260380.046875,260501.90625,-0.514404296875,0.000732421875,-0.813720703125,-0.7934569716453552,0.4577636420726776,0.4577636420726776,80.0,11163.0,1.0,O,M,O,0
260360.015625,260482.421875,260701.28125,260579.234375,260701.46875,260951.359375,260775.84375,260897.53125,-0.51318359375,0.00048828125,-0.807373046875,-0.7019042372703552,0.4272460639476776,0.4577636420726776,80.0,11164.0,1.0,O,M,O,0
259668.625,259791.125,260010.078125,259888.21875,260010.078125,260259.796875,260084.28125,260205.703125,-0.515625,0.0,-0.810791015625,-0.6713866591453552,0.4577636420726776,0.4272460639476776,80.0,11165.0,1.0,O,M,O,0
259201.484375,259323.875,259542.65625,259420.890625,259542.921875,259792.28125,259616.6875,259738.09375,-0.51513671875,0.000244140625,-0.8154296875,-0.7629393935203552,0.3967284858226776,0.3967284858226776,80.0,11166.0,1.0,O,M,O,0
259850.578125,259972.96875,260191.84375,260069.984375,260192.203125,260441.46875,260265.78125,260387.640625,-0.51318359375,0.0009765625,-0.812255859375,-0.7324218153953552,0.4272460639476776,0.3662109076976776,80.0,11167.0,1.0,O,M,O,0
260415.453125,260537.578125,260756.625,260634.5,260756.71875,261006.421875,260830.65625,260952.609375,-0.512939453125,0.0,-0.810791015625,-0.6713866591453552,0.5493163466453552,0.3356933295726776,80.0,11168.0,1.0,O,M,O,0
259857.015625,259979.234375,260198.375,260076.234375,260198.546875,260447.90625,260272.484375,260393.90625,-0.514404296875,0.00146484375,-0.81298828125,-0.6103515028953552,0.4882812201976776,0.3356933295726776,80.0,11169.0,1.0,O,M,O,0
259237.953125,259359.734375,259578.953125,259457.1875,259579.3125,259828.671875,259653.4375,259774.40625,-0.513916015625,0.00048828125,-0.8134765625,-0.7934569716453552,0.4577636420726776,0.3967284858226776,80.0,11170.0,1.0,O,M,O,0
259735.59375,259858.078125,260077.21875,259955.453125,260077.578125,260326.9375,260151.421875,260273.015625,-0.513671875,0.00048828125,-0.811767578125,-0.7019042372703552,0.3967284858226776,0.4272460639476776,80.0,11171.0,1.0,O,M,O,0
260437.078125,260559.296875,260778.625,260656.484375,260778.796875,261028.328125,260852.296875,260974.59375,-0.513916015625,0.001708984375,-0.81103515625,-0.6713866591453552,0.4577636420726776,0.4272460639476776,80.0,11172.0,1.0,O,M,O,0
260048.4375,260170.46875,260389.609375,260267.65625,260389.875,260639.328125,260463.546875,260585.59375,-0.5146484375,0.0,-0.811767578125,-0.7629393935203552,0.4272460639476776,0.4577636420726776,80.0,11173.0,1.0,O,M,O,0
259317.0,259439.125,259658.078125,259536.21875,259658.53125,259907.796875,259732.203125,259853.703125,-0.51513671875,0.002197265625,-0.81298828125,-0.8239745497703552,0.5798339247703552,0.5187987685203552,80.0,11174.0,1.0,O,M,O,0
259632.875,259755.53125,259974.578125,259852.546875,259974.578125,260223.84375,260048.515625,260169.765625,-0.51513671875,0.0009765625,-0.81201171875,-0.7324218153953552,0.4882812201976776,0.4577636420726776,80.0,11175.0,1.0,O,M,O,0
260425.015625,260547.765625,260766.90625,260644.6875,260767.09375,261016.078125,260840.84375,260962.53125,-0.51318359375,-0.000244140625,-0.81103515625,-0.7934569716453552,0.4577636420726776,0.5187987685203552,80.0,11176.0,1.0,O,M,O,0
260226.53125,260348.921875,260568.25,260445.9375,260568.609375,260817.78125,260642.546875,260763.78125,-0.515625,0.000244140625,-0.812255859375,-0.7019042372703552,0.3967284858226776,0.4882812201976776,80.0,11177.0,1.0,O,M,O,0
259429.109375,259551.0625,259770.015625,259648.25,259770.734375,260019.640625,259844.5,259965.90625,-0.514404296875,0.000244140625,-0.81494140625,-0.7324218153953552,0.3967284858226776,0.4272460639476776,80.0,11178.0,1.0,O,M,O,0
259543.734375,259666.046875,259885.171875,259763.5,259885.4375,260134.265625,259959.203125,260080.796875,-0.51416015625,0.00048828125,-0.810791015625,-0.7324218153953552,0.4577636420726776,0.4272460639476776,80.0,11179.0,1.0,O,M,O,0
260376.28125,260498.5,260717.375,260595.78125,260717.546875,260967.171875,260791.578125,260913.71875,-0.51513671875,0.000732421875,-0.8076171875,-0.6713866591453552,0.4882812201976776,0.4272460639476776,80.0,11180.0,1.0,O,M,O,0
260390.140625,260512.546875,260731.328125,260609.546875,260731.765625,260981.03125,260805.796875,260927.65625,-0.516357421875,0.002197265625,-0.8134765625,-0.7324218153953552,0.5493163466453552,0.4272460639476776,80.0,11181.0,1.0,O,M,O,0
259581.015625,259703.328125,259922.546875,259800.5,259922.640625,260171.8125,259996.671875,260118.078125,-0.51416015625,0.0009765625,-0.8125,-0.7324218153953552,0.4882812201976776,0.3967284858226776,80.0,11182.0,1.0,O,M,O,0
259485.34375,259607.5625,259827.234375,259704.75,259826.875,260076.0625,259900.734375,260022.421875,-0.51318359375,0.00146484375,-0.814208984375,-0.7019042372703552,0.4882812201976776,0.3967284858226776,80.0,11183.0,1.0,O,M,O,0
260302.078125,260424.125,260643.34375,260521.21875,260643.53125,260892.609375,260717.28125,260839.5,-0.515869140625,0.000732421875,-0.81591796875,-0.7629393935203552,0.4882812201976776,0.4577636420726776,80.0,11184.0,1.0,O,M,O,0
260520.328125,260642.453125,260861.40625,260739.453125,260861.59375,261110.953125,260935.34375,261057.5625,-0.514404296875,0.0009765625,-0.8125,-0.7019042372703552,0.5187987685203552,0.5493163466453552,80.0,11185.0,1.0,O,M,O,0
259749.71875,259872.21875,260091.34375,259969.390625,260091.34375,260340.53125,260165.015625,260286.96875,-0.512939453125,0.0,-0.813232421875,-0.7019042372703552,0.4577636420726776,0.4577636420726776,80.0,11186.0,1.0,O,M,O,0
259450.921875,259572.96875,259792.109375,259670.59375,259792.375,260041.453125,259866.3125,259987.90625,-0.513427734375,0.000244140625,-0.8134765625,-0.7629393935203552,0.5493163466453552,0.4577636420726776,80.0,11187.0,1.0,O,M,O,0
260201.5,260323.453125,260542.578125,260420.8125,260542.765625,260792.390625,260616.4375,260738.921875,-0.512451171875,-0.001220703125,-0.813232421875,-0.7019042372703552,0.5187987685203552,0.4577636420726776,80.0,11188.0,1.0,O,M,O,0
260616.703125,260738.921875,260958.328125,260836.203125,260958.234375,261207.859375,261031.90625,261154.484375,-0.51416015625,0.0009765625,-0.8095703125,-0.7324218153953552,0.4272460639476776,0.4272460639476776,80.0,11189.0,1.0,O,M,O,0
259942.9375,260064.890625,260284.015625,260162.515625,260284.109375,260533.375,260357.953125,260480.0,-0.514404296875,0.002197265625,-0.810791015625,-0.6408690810203552,0.4272460639476776,0.3967284858226776,80.0,11190.0,1.0,O,M,O,0
259460.765625,259582.71875,259801.671875,259679.984375,259802.03125,260051.46875,259875.875,259997.5625,-0.51513671875,0.0009765625,-0.810546875,-0.6408690810203552,0.4577636420726776,0.3662109076976776,80.0,11191.0,1.0,O,M,O,0
260093.765625,260216.515625,260435.390625,260313.25,260435.75,260685.1875,260509.234375,260631.359375,-0.51513671875,0.0,-0.81005859375,-0.7629393935203552,0.4882812201976776,0.3662109076976776,80.0,11192.0,1.0,O,M,O,0
260674.90625,260797.578125,261016.625,260894.40625,261016.625,261266.25,261090.296875,261212.78125,-0.514892578125,0.000732421875,-0.8115234375,-0.7324218153953552,0.4882812201976776,0.4272460639476776,80.0,11193.0,1.0,O,M,O,0
260129.96875,260252.375,260471.234375,260349.375,260471.5,260721.125,260545.171875,260667.21875,-0.514404296875,0.00048828125,-0.8115234375,-0.7629393935203552,0.5187987685203552,0.4882812201976776,80.0,11194.0,1.0,O,M,O,0
259501.0,259623.21875,259842.078125,259720.3125,259842.703125,260091.96875,259915.65625,260037.875,-0.51416015625,0.000732421875,-0.814453125,-0.7629393935203552,0.3967284858226776,0.4577636420726776,80.0,11195.0,1.0,O,M,O,0
259983.34375,260105.390625,260324.34375,260202.578125,260324.796875,260574.6875,260398.109375,260520.140625,-0.513916015625,-0.00244140625,-0.810791015625,-0.7934569716453552,0.4577636420726776,0.4577636420726776,80.0,11196.0,1.0,O,M,O,0
260694.046875,260816.171875,261035.125,260913.171875,261035.125,261285.015625,261108.703125,261231.46875,-0.513427734375,-0.000244140625,-0.812255859375,-0.7629393935203552,0.4577636420726776,0.4272460639476776,80.0,11197.0,1.0,O,M,O,0
260318.703125,260441.203125,260659.96875,260538.109375,260660.421875,260909.328125,260733.640625,260855.953125,-0.5146484375,-0.000732421875,-0.811767578125,-0.7324218153953552,0.5493163466453552,0.3967284858226776,80.0,11198.0,1.0,O,M,O,0
259580.03125,259702.34375,259921.390625,259799.4375,259921.828125,260170.921875,259995.328125,260117.1875,-0.515625,0.001220703125,-0.811279296875,-0.6103515028953552,0.5187987685203552,0.4577636420726776,80.0,11199.0,1.0,O,M,O,0
259879.453125,260002.03125,260220.71875,260098.765625,260220.90625,260470.515625,260294.84375,260416.875,-0.513916015625,0.00048828125,-0.812255859375,-0.6408690810203552,0.4577636420726776,0.3967284858226776,80.0,11200.0,1.0,O,M,O,0
260676.421875,260798.921875,261017.78125,260895.75,261017.78125,261267.671875,261091.28125,261214.03125,-0.5146484375,0.00048828125,-0.81201171875,-0.7324218153953552,0.4577636420726776,0.4577636420726776,80.0,11201.0,1.0,O,M,O,0
260500.828125,260623.234375,260842.1875,260720.421875,260842.28125,261092.171875,260915.859375,261037.984375,-0.51416015625,0.00048828125,-0.813232421875,-0.6713866591453552,0.4272460639476776,0.4272460639476776,80.0,11202.0,1.0,O,M,O,0
259701.984375,259824.5625,260043.421875,259921.390625,260043.421875,260293.140625,260117.015625,260238.953125,-0.513671875,0.00146484375,-0.81201171875,-0.7324218153953552,0.5493163466453552,0.4882812201976776,80.0,11203.0,1.0,O,M,O,0
259794.703125,259917.1875,260136.234375,260014.1875,260136.234375,260385.671875,260209.453125,260331.9375,-0.513427734375,0.000732421875,-0.813232421875,-0.6408690810203552,0.5798339247703552,0.3967284858226776,80.0,11204.0,1.0,O,M,O,0
260625.28125,260747.953125,260966.828125,260844.875,260967.265625,261216.890625,261040.140625,261163.34375,-0.514892578125,0.000244140625,-0.8115234375,-0.7934569716453552,0.3967284858226776,0.3967284858226776,80.0,11205.0,1.0,O,M,O,0
260658.375,260780.765625,260999.8125,260877.859375,261000.265625,261249.796875,261073.390625,261196.0625,-0.51416015625,0.0009765625,-0.811279296875,-0.8239745497703552,0.4882812201976776,0.4272460639476776,80.0,11206.0,1.0,O,M,O,0
259851.640625,259973.953125,260193.0,260071.40625,260193.0,260442.453125,260266.671875,260388.53125,-0.51416015625,0.0009765625,-0.810791015625,-0.8544921278953552,0.3967284858226776,0.4577636420726776,80.0,11207.0,1.0,O,M,O,0
259735.15625,259857.734375,260076.6875,259955.0,260076.6875,260325.859375,260150.453125,260272.484375,-0.514404296875,0.000732421875,-0.814208984375,-0.8850097060203552,0.5187987685203552,0.4577636420726776,80.0,11208.0,1.0,O,M,O,0
260548.84375,260671.6875,260890.28125,260768.25,260890.5625,261139.828125,260963.875,261086.453125,-0.51318359375,0.000732421875,-0.813232421875,-0.7934569716453552,0.4882812201976776,0.4882812201976776,80.0,11209.0,1.0,O,M,O,0
260789.34375,260912.015625,261130.796875,261008.84375,261131.15625,261380.421875,261204.734375,261327.046875,-0.51416015625,-0.000732421875,-0.81201171875,-0.8544921278953552,0.4272460639476776,0.5187987685203552,80.0,11210.0,1.0,O,M,O,0
260026.265625,260148.84375,260367.609375,260245.84375,260368.15625,260617.15625,260441.46875,260563.5,-0.514404296875,0.0009765625,-0.814208984375,-0.6713866591453552,0.4272460639476776,0.4272460639476776,80.0,11211.0,1.0,O,M,O,0
259708.953125,259831.4375,260050.21875,259928.71875,260050.75,260299.84375,260123.890625,260245.84375,-0.516357421875,0.001708984375,-0.813232421875,-0.7019042372703552,0.3967284858226776,0.3356933295726776,80.0,11212.0,1.0,O,M,O,0
260452.640625,260575.578125,260793.90625,260672.21875,260794.4375,261044.0625,260867.9375,260990.0625,-0.51513671875,0.0009765625,-0.814453125,-0.7324218153953552,0.4272460639476776,0.4272460639476776,80.0,11213.0,1.0,O,M,O,0
260884.75,261007.5,261226.09375,261104.234375,261226.453125,261476.265625,261300.3125,261422.703125,-0.514404296875,0.000732421875,-0.811279296875,-0.6408690810203552,0.4272460639476776,0.3967284858226776,80.0,11214.0,1.0,O,M,O,0
260217.140625,260339.8125,260558.40625,260436.546875,260559.03125,260808.484375,260632.34375,260754.484375,-0.5126953125,0.00048828125,-0.81103515625,-0.6713866591453552,0.3967284858226776,0.3967284858226776,80.0,11215.0,1.0,O,M,O,0
259720.671875,259843.15625,260061.9375,259940.421875,260062.015625,260311.640625,260135.6875,260257.46875,-0.514404296875,0.000244140625,-0.8125,-0.6713866591453552,0.4272460639476776,0.4272460639476776,80.0,11216.0,1.0,O,M,O,0
260344.453125,260466.765625,260685.640625,260564.21875,260686.078125,260935.703125,260759.75,260881.703125,-0.514892578125,0.000732421875,-0.81298828125,-0.7019042372703552,0.4882812201976776,0.3967284858226776,80.0,11217.0,1.0,O,M,O,0
260940.0,261062.84375,261281.53125,261159.671875,261282.25,261531.875,261355.296875,261477.6875,-0.514404296875,0.0009765625,-0.811279296875,-0.7934569716453552,0.4882812201976776,0.3967284858226776,80.0,11218.0,1.0,O,M,O,0
260411.609375,260534.1875,260752.953125,260631.28125,260753.765625,261002.9375,260826.90625,260949.296875,-0.51611328125,0.0,-0.813720703125,-0.7934569716453552,0.4882812201976776,0.4272460639476776,80.0,11219.0,1.0,O,M,O,0
259765.015625,259887.40625,260106.71875,259984.859375,260107.0,260356.171875,260180.3125,260302.53125,-0.5146484375,0.00048828125,-0.812255859375,-0.8239745497703552,0.3967284858226776,0.4882812201976776,80.0,11220.0,1.0,O,M,O,0
260229.578125,260351.875,260571.109375,260449.515625,260571.640625,260820.90625,260644.859375,260767.171875,-0.514404296875,0.001708984375,-0.814453125,-0.7324218153953552,0.4577636420726776,0.4577636420726776,80.0,11221.0,1.0,O,M,O,0
260953.140625,261075.8125,261294.859375,261172.90625,261294.9375,261544.84375,261368.4375,261490.921875,-0.512939453125,0.001953125,-0.8154296875,-0.8544921278953552,0.3051757514476776,0.5493163466453552,80.0,11222.0,1.0,O,M,O,0
260600.515625,260722.921875,260942.0625,260820.375,260942.40625,261191.953125,261015.8125,261137.953125,-0.513916015625,0.0,-0.809814453125,-0.8850097060203552,0.3356933295726776,0.5798339247703552,80.0,11223.0,1.0,O,M,O,0
259851.015625,259973.875,260192.640625,260071.328125,260193.453125,260442.265625,260266.765625,260388.71875,-0.511474609375,0.001708984375,-0.81201171875,-0.8239745497703552,0.4272460639476776,0.5187987685203552,80.0,11224.0,1.0,O,M,O,0
260126.390625,260249.515625,260467.9375,260346.609375,260468.5625,260717.828125,260542.234375,260664.171875,-0.512939453125,0.0,-0.80859375,-0.7934569716453552,0.4577636420726776,0.5798339247703552,80.0,11225.0,1.0,O,M,O,0
260928.734375,261051.578125,261270.09375,261148.3125,261270.53125,261520.15625,261344.296875,261466.515625,-0.516357421875,0.001953125,-0.810302734375,-0.7629393935203552,0.4272460639476776,0.4882812201976776,80.0,11226.0,1.0,O,M,O,0
260773.515625,260895.921875,261114.609375,260992.921875,261115.140625,261365.046875,261188.90625,261310.953125,-0.514892578125,0.002685546875,-0.8134765625,-0.8239745497703552,0.4272460639476776,0.4882812201976776,80.0,11227.0,1.0,O,M,O,0
259967.4375,260089.65625,260308.34375,260187.015625,260308.78125,260558.671875,260383.0,260504.3125,-0.514892578125,0.000244140625,-0.810302734375,-0.6103515028953552,0.4272460639476776,0.4272460639476776,80.0,11228.0,1.0,O,M,O,0
260035.828125,260158.578125,260377.359375,260255.59375,260377.625,260627.171875,260451.390625,260573.15625,-0.513671875,0.00048828125,-0.814453125,-0.6713866591453552,0.5798339247703552,0.3662109076976776,80.0,11229.0,1.0,O,M,O,0
260865.078125,260988.09375,261206.96875,261084.921875,261207.140625,261456.765625,261280.28125,261403.3125,-0.5146484375,0.000732421875,-0.81298828125,-0.7324218153953552,0.5798339247703552,0.4272460639476776,80.0,11230.0,1.0,O,M,O,0
260916.9375,261039.6875,261258.734375,261136.6875,261258.90625,261508.71875,261332.5,261454.984375,-0.512939453125,0.001953125,-0.810546875,-0.7934569716453552,0.5493163466453552,0.4577636420726776,80.0,11231.0,1.0,O,M,O,0
260109.140625,260231.625,260450.40625,260328.8125,260450.859375,260700.203125,260524.703125,260646.203125,-0.512451171875,0.0009765625,-0.81298828125,-0.7324218153953552,0.3967284858226776,0.4882812201976776,80.0,11232.0,1.0,O,M,O,0
259969.3125,260091.4375,260310.125,260188.890625,260310.9375,260560.203125,260384.78125,260506.28125,-0.51318359375,0.001953125,-0.811767578125,-0.7629393935203552,0.4272460639476776,0.6103515028953552,80.0,11233.0,1.0,O,M,O,0
260775.21875,260897.53125,261116.578125,260994.8125,261117.203125,261366.734375,261191.046875,261312.828125,-0.512939453125,0.002197265625,-0.811279296875,-0.8239745497703552,0.4272460639476776,0.5493163466453552,80.0,11234.0,1.0,O,M,O,0
261036.015625,261158.328125,261377.203125,261255.609375,261377.828125,261627.53125,261451.40625,261573.625,-0.512939453125,-0.000732421875,-0.8115234375,-0.9155272841453552,0.5187987685203552,0.4577636420726776,80.0,11235.0,1.0,O,M,O,0
260282.140625,260404.8125,260623.5,260501.8125,260623.859375,260873.21875,260697.703125,260819.84375,-0.512939453125,0.002197265625,-0.810791015625,-0.8544921278953552,0.4577636420726776,0.4882812201976776,80.0,11236.0,1.0,O,M,O,0
259944.8125,260067.46875,260286.34375,260164.75,260286.609375,260536.421875,260360.546875,260482.421875,-0.511962890625,0.002197265625,-0.812744140625,-0.9460448622703552,0.3356933295726776,0.4882812201976776,80.0,11237.0,1.0,O,M,O,0
260676.0625,260798.5625,261017.34375,260895.921875,261017.78125,261267.5,261091.453125,261213.578125,-0.51220703125,0.0029296875,-0.814697265625,-0.8239745497703552,0.3967284858226776,0.4577636420726776,80.0,11238.0,1.0,O,M,O,0
261127.3125,261249.796875,261469.015625,261347.0625,261469.375,261718.734375,261543.046875,261665.265625,-0.513671875,0.00341796875,-0.808349609375,-0.6713866591453552,0.4577636420726776,0.5187987685203552,80.0,11239.0,1.0,O,M,O,0
260473.03125,260595.6875,260814.734375,260692.609375,260815.015625,261064.453125,260888.765625,261010.90625,-0.51318359375,0.00341796875,-0.809814453125,-0.8239745497703552,0.4882812201976776,0.4882812201976776,80.0,11240.0,1.0,O,M,O,0
259956.703125,260079.015625,260297.96875,260175.75,260298.140625,260547.328125,260372.0,260494.03125,-0.514404296875,0.00244140625,-0.813232421875,-0.8544921278953552,0.5493163466453552,0.4272460639476776,80.0,11241.0,1.0,O,M,O,0
260563.0625,260684.828125,260903.96875,260781.921875,260904.140625,261153.765625,260977.90625,261100.21875,-0.514404296875,0.0009765625,-0.8115234375,-0.7019042372703552,0.6408690810203552,0.4577636420726776,80.0,11242.0,1.0,O,M,O,0
261172.453125,261294.765625,261513.640625,261391.59375,261513.71875,261763.609375,261587.484375,261710.234375,-0.51416015625,0.002197265625,-0.8115234375,-0.7324218153953552,0.5493163466453552,0.4272460639476776,80.0,11243.0,1.0,O,M,O,0
260660.15625,260783.09375,261001.6875,260879.921875,261001.953125,261251.9375,261075.8125,261198.296875,-0.513671875,0.001220703125,-0.811767578125,-0.7629393935203552,0.5493163466453552,0.5493163466453552,80.0,11244.0,1.0,O,M,O,0
260002.203125,260125.046875,260343.65625,260222.0625,260343.65625,260593.453125,260417.421875,260539.640625,-0.513916015625,-0.001953125,-0.811279296875,-0.6408690810203552,0.4272460639476776,0.4882812201976776,80.0,11245.0,1.0,O,M,O,0
260448.171875,260571.375,260789.96875,260667.75,260789.890625,261039.859375,260863.640625,260985.953125,-0.514892578125,0.00048828125,-0.81201171875,-0.7629393935203552,0.3356933295726776,0.3967284858226776,80.0,11246.0,1.0,O,M,O,0
261184.53125,261307.46875,261526.328125,261404.015625,261526.0625,261776.140625,261599.734375,261722.21875,-0.515869140625,0.001708984375,-0.812255859375,-0.7324218153953552,0.2746581733226776,0.4577636420726776,80.0,11247.0,1.0,O,M,O,0
260851.9375,260974.59375,261193.375,261071.421875,261193.5625,261443.265625,261266.953125,261389.453125,-0.513916015625,0.0009765625,-0.814208984375,-0.7934569716453552,0.3967284858226776,0.5187987685203552,80.0,11248.0,1.0,O,M,O,0
260095.375,260217.5,260436.546875,260314.515625,260436.734375,260686.171875,260510.3125,260631.984375,-0.511474609375,0.002685546875,-0.812255859375,-0.7324218153953552,0.4577636420726776,0.4272460639476776,80.0,11249.0,1.0,O,M,O,0
260351.171875,260473.46875,260692.078125,260570.5625,260692.515625,260941.875,260766.109375,260888.140625,-0.5146484375,0.000244140625,-0.8134765625,-0.7019042372703552,0.5187987685203552,0.4272460639476776,80.0,11250.0,1.0,O,M,O,0
